  20.  0.000164065682  7.41259957E-07
  20.5  0.000188659245  7.9354407E-07
  21.  0.000215168316  8.47809073E-07
  21.5  0.000240093646  8.9461791E-07
  22.  0.000268495604  9.46391627E-07
  22.5  0.000296269513  9.94146379E-07
  23.  0.000325088249  1.04091353E-06
  23.5  0.00035357675  1.08696775E-06
  24.  0.000385844124  1.13450656E-06
  24.5  0.000414349344  1.17481907E-06
  25.  0.000443751964  1.21736105E-06
  25.5  0.000476277957  1.25964343E-06
  26.  0.000508171627  1.30067112E-06
  26.5  0.000539426957  1.3419734E-06
  27.  0.000572482624  1.38097004E-06
  27.5  0.00060652625  1.42260026E-06
  28.  0.000638437247  1.45938923E-06
  28.5  0.000675539933  1.50071553E-06
  29.  0.000706499665  1.53440581E-06
  29.5  0.000743519915  1.57508722E-06
  30.  0.00077812271  1.61208591E-06
  30.5  0.000810955037  1.6451333E-06
  31.  0.000847265071  1.68089081E-06
  31.5  0.00088060228  1.71297941E-06
  32.  0.000917010509  1.74788835E-06
  32.5  0.000956975309  1.78663266E-06
  33.  0.000989356142  1.81478932E-06
  33.5  0.0010304043  1.85359361E-06
  34.  0.00106721217  1.88578523E-06
  34.5  0.00110382039  1.91647969E-06
  35.  0.00113816396  1.94519165E-06
  35.5  0.00117228889  1.97319451E-06
  36.  0.0012118243  2.00677002E-06
  36.5  0.00124511791  2.03189576E-06
  37.  0.00128299522  2.06257167E-06
  37.5  0.00132161141  2.0919497E-06
  38.  0.00135460298  2.11642928E-06
  38.5  0.00139773734  2.14911444E-06
  39.  0.00143314121  2.17638308E-06
  39.5  0.00147010054  2.20117879E-06
  40.  0.00150370273  2.22384861E-06
  40.5  0.00154448348  2.25418014E-06
  41.  0.00158649213  2.28325608E-06
  41.5  0.00162130837  2.30609687E-06
  42.  0.00165707025  2.32947705E-06
  42.5  0.00169939813  2.35915378E-06
  43.  0.001735439  2.38074404E-06
  43.5  0.00176844126  2.40131837E-06
  44.  0.00181044765  2.42898085E-06
  44.5  0.00185365978  2.45674889E-06
  45.  0.00188503581  2.4737213E-06
  45.5  0.00192601874  2.49935895E-06
  46.  0.00195739502  2.51599478E-06
  46.5  0.00199663842  2.53874789E-06
  47.  0.00203974461  2.56547379E-06
  47.5  0.00207462379  2.58427924E-06
  48.  0.00211267659  2.60565262E-06
  48.5  0.00214892783  2.62483121E-06
  49.  0.00218874548  2.64625911E-06
  49.5  0.00222700199  2.66649144E-06
  50.  0.00226608848  2.68853462E-06
  50.5  0.00230099449  2.7044812E-06
  51.  0.00233888832  2.72445157E-06
  51.5  0.00237576345  2.74308807E-06
  52.  0.00241434707  2.76196548E-06
  52.5  0.00244897999  2.77922974E-06
  53.  0.00248510558  2.79693302E-06
  53.5  0.00253109749  2.82011829E-06
  54.  0.00256733691  2.83707122E-06
  54.5  0.00260375957  2.8530675E-06
  55.  0.00264295846  2.87101583E-06
  55.5  0.00268137411  2.8907056E-06
  56.  0.00271574637  2.90410389E-06
  56.5  0.00275097276  2.9193234E-06
  57.  0.00279116402  2.93906459E-06
  57.5  0.00282874659  2.95471459E-06
  58.  0.00286779295  2.9711667E-06
  58.5  0.00290743176  2.98851324E-06
  59.  0.00294536457  3.00319113E-06
  59.5  0.00298964706  3.0241632E-06
  60.  0.00301990846  3.03392659E-06
  60.5  0.00306125902  3.05103332E-06
  61.  0.00310644776  3.07012184E-06
  61.5  0.00313261273  3.07944612E-06
  62.  0.00317380631  3.0961054E-06
  62.5  0.00321278366  3.11018818E-06
  63.  0.00325010768  3.12432831E-06
  63.5  0.0032879436  3.13784456E-06
  64.  0.00332838412  3.15407748E-06
  64.5  0.00337091949  3.17053946E-06
  65.  0.00340767581  3.18286313E-06
  65.5  0.00344659285  3.19649709E-06
  66.  0.00348101759  3.20796636E-06
  66.5  0.00352220801  3.22321571E-06
  67.  0.00356483339  3.23829997E-06
  67.5  0.00360215721  3.25006297E-06
  68.  0.00365605516  3.27120583E-06
  68.5  0.00369176611  3.28332489E-06
  69.  0.00372298201  3.29087648E-06
  69.5  0.00377118783  3.30840399E-06
  70.  0.00381205248  3.32009795E-06
  70.5  0.00385003241  3.33168083E-06
  71.  0.00389099213  3.34423607E-06
  71.5  0.00393469709  3.35872185E-06
  72.  0.00397429089  3.36967226E-06
  72.5  0.00402491536  3.3852768E-06
  73.  0.00406896793  3.40000343E-06
  73.5  0.00412099941  3.41577883E-06
  74.  0.00415935662  3.42459709E-06
  74.5  0.00420552652  3.43871254E-06
  75.  0.00425649979  3.45344019E-06
  75.5  0.00430696483  3.46814956E-06
  76.  0.00435295191  3.47974777E-06
  76.5  0.00439735535  3.49026195E-06
  77.  0.00446298661  3.51076686E-06
  77.5  0.00451062619  3.52156611E-06
  78.  0.00455884723  3.53351938E-06
  78.5  0.00461479702  3.54695055E-06
  79.  0.00466518705  3.55710634E-06
  79.5  0.0047294993  3.57505356E-06
  80.  0.00478822323  3.58841143E-06
  80.5  0.00485655089  3.60439105E-06
  81.  0.00492236804  3.61994906E-06
  81.5  0.00498927004  3.63521269E-06
  82.  0.00505812525  3.64986921E-06
  82.5  0.00513539019  3.66689771E-06
  83.  0.00521890321  3.68687904E-06
  83.5  0.0053017391  3.70284058E-06
  84.  0.00538998409  3.72228326E-06
  84.5  0.0054866255  3.74207102E-06
  85.  0.00558287374  3.76024027E-06
  85.5  0.00569670596  3.78334162E-06
  86.  0.00581737786  3.80758406E-06
  86.5  0.00594428714  3.83027477E-06
  87.  0.00610624488  3.8650728E-06
  87.5  0.00628052111  3.8989417E-06
  88.  0.00648596874  3.93887129E-06
  88.5  0.00673857629  3.98759255E-06
  89.  0.00707192707  4.05214446E-06
  89.5  0.00768865849  4.18239553E-06
  90.  0.00841565785  4.32444787E-06
  90.5  0.00820033464  4.25745873E-06
  91.  0.00799237238  4.19422607E-06
  91.5  0.00780559694  4.13613956E-06
  92.  0.00760277728  4.07300728E-06
  92.5  0.00741409523  4.01212956E-06
  93.  0.00723449369  3.95502915E-06
  93.5  0.00706326352  3.89939667E-06
  94.  0.00689198712  3.84221423E-06
  94.5  0.00672755923  3.7890317E-06
