  200.  0.00467535987  1.10056798E-06
  205.  0.00419316886  1.03215465E-06
  210.  0.0037756667  9.70002339E-07
  215.  0.00340324082  9.11838914E-07
  220.  0.00307937356  8.58999459E-07
  225.  0.00278985481  8.097366E-07
  230.  0.00253309934  7.63988028E-07
  235.  0.00230609835  7.21913783E-07
  240.  0.00210155362  6.82325527E-07
  245.  0.00191861318  6.45443254E-07
  250.  0.00175602273  6.11567835E-07
  255.  0.00160765345  5.79305128E-07
  260.  0.00147586456  5.49574149E-07
  265.  0.00135606592  5.21601479E-07
  270.  0.00124682404  4.95088587E-07
  275.  0.00114888554  4.7057155E-07
  280.  0.00105971728  4.47398772E-07
  285.  0.000978219117  4.2548007E-07
  290.  0.00090411826  4.04801392E-07
  295.  0.000836309709  3.85376559E-07
  300.  0.000774475561  3.6713876E-07
  305.  0.000717817017  3.49761465E-07
  310.  0.000666461376  3.33623317E-07
  315.  0.000618241591  3.17901572E-07
  320.  0.000574639678  3.03282844E-07
  325.  0.000534447894  2.89423637E-07
  330.  0.000497439396  2.7622329E-07
  335.  0.000462956734  2.63578074E-07
  340.  0.000432086328  2.52021331E-07
  345.  0.000402007094  2.40385166E-07
  350.  0.000375138687  2.29670628E-07
  355.  0.00035048461  2.19669007E-07
  360.  0.000327607759  2.10043764E-07
  365.  0.00030591082  2.00700473E-07
  370.  0.000285876539  1.91844587E-07
  375.  0.000267610536  1.83527908E-07
  380.  0.000250839453  1.75696561E-07
  385.  0.000235053238  1.68191759E-07
  390.  0.000219722804  1.60731324E-07
  395.  0.000206050366  1.53890664E-07
  400.  0.000193395855  1.47417388E-07
  405.  0.000181382505  1.41060457E-07
  410.  0.000170136511  1.35022858E-07
  415.  0.000159920536  1.29363304E-07
  420.  0.000149997501  1.23832275E-07
  425.  0.00014069804  1.18465647E-07
  430.  0.000132410136  1.1356683E-07
  435.  0.000124408091  1.08702188E-07
  440.  0.000117155244  1.04281871E-07
  445.  0.000110239616  9.99150287E-08
  450.  0.000103754559  9.5772344E-08
  455.  9.75514621E-05  9.16870945E-08
  460.  9.16821111E-05  8.77831123E-08
  465.  8.63842282E-05  8.41057075E-08
  470.  8.14335784E-05  8.06888374E-08
  475.  7.67090382E-05  7.73105166E-08
  480.  7.23367979E-05  7.41115339E-08
  485.  6.81787353E-05  7.10647158E-08
  490.  6.40987569E-05  6.79714009E-08
  495.  6.0586573E-05  6.52297658E-08
  500.  5.70677507E-05  6.24836681E-08
  505.  5.38332627E-05  5.9888429E-08
  510.  5.06759372E-05  5.7330632E-08
  515.  4.78599442E-05  5.49870903E-08
  520.  4.51625447E-05  5.26934613E-08
  525.  4.27612305E-05  5.06004166E-08
  530.  4.02714666E-05  4.84348169E-08
  535.  3.7984555E-05  4.6406482E-08
  540.  3.59701479E-05  4.45585324E-08
  545.  3.39033407E-05  4.26564394E-08
  550.  3.19484003E-05  4.0821347E-08
  555.  3.02436431E-05  3.91710707E-08
  560.  2.85043174E-05  3.74964937E-08
  565.  2.69989795E-05  3.59853632E-08
  570.  2.55098699E-05  3.44978007E-08
  575.  2.40415572E-05  3.29874882E-08
  580.  2.2775548E-05  3.16908443E-08
  585.  2.14840342E-05  3.03233062E-08
  590.  2.02799781E-05  2.90151923E-08
  595.  1.91885015E-05  2.78076619E-08
  600.  1.81088625E-05  2.66257682E-08
  605.  1.71555117E-05  2.553475E-08
  610.  1.62098935E-05  2.44515509E-08
  615.  1.53760019E-05  2.34823214E-08
  620.  1.45036136E-05  2.24490719E-08
  625.  1.37028394E-05  2.14881378E-08
  630.  1.29542909E-05  2.05869051E-08
  635.  1.227246E-05  1.97349771E-08
  640.  1.15888435E-05  1.88781879E-08
  645.  1.09791372E-05  1.80992521E-08
  650.  1.03898238E-05  1.73225079E-08
  655.  9.81786806E-06  1.65806023E-08
  660.  9.29181793E-06  1.58846678E-08
  665.  8.79861329E-06  1.52047571E-08
  670.  8.28999083E-06  1.45359262E-08
  675.  7.86522788E-06  1.39314124E-08
  680.  7.40746385E-06  1.33020135E-08
  685.  7.02677414E-06  1.27417929E-08
  690.  6.62219929E-06  1.21718167E-08
  695.  6.27767758E-06  1.16599932E-08
  700.  5.93952485E-06  1.11634707E-08
  705.  5.61201308E-06  1.06613353E-08
  710.  5.31232727E-06  1.02062071E-08
  715.  5.01704781E-06  9.75146879E-09
  720.  4.74269948E-06  9.32379442E-09
  725.  4.48615855E-06  8.91149224E-09
  730.  4.2420222E-06  8.52714006E-09
  735.  4.0051438E-06  8.13775152E-09
  740.  3.78146138E-06  7.7684979E-09
  745.  3.59242997E-06  7.45254006E-09
  750.  3.38444797E-06  7.10312905E-09
  755.  3.21267436E-06  6.80380661E-09
  760.  3.01840752E-06  6.47596216E-09
  765.  2.85858506E-06  6.19462973E-09
  770.  2.70661319E-06  5.91669566E-09
  775.  2.55529068E-06  5.64922165E-09
  780.  2.42239167E-06  5.40574331E-09
  785.  2.28384041E-06  5.14750316E-09
  790.  2.16501585E-06  4.92930525E-09
  795.  2.04417576E-06  4.70168233E-09
  800.  1.92759032E-06  4.48342012E-09
  805.  1.81773285E-06  4.26865793E-09
  810.  1.72362234E-06  4.07998293E-09
  815.  1.61659003E-06  3.87697882E-09
  820.  1.53131387E-06  3.70314339E-09
  825.  1.45134491E-06  3.54173511E-09
  830.  1.36555144E-06  3.36943126E-09
  835.  1.2916079E-06  3.21159672E-09
  840.  1.2210175E-06  3.06490925E-09
  845.  1.1567012E-06  2.9285165E-09
  850.  1.08751539E-06  2.78286414E-09
  855.  1.0251448E-06  2.64953643E-09
  860.  9.71515941E-07  2.53059729E-09
  865.  9.12907576E-07  2.40297297E-09
  870.  8.59203966E-07  2.28575607E-09
  875.  8.09000649E-07  2.16998593E-09
  880.  7.67103684E-07  2.07411782E-09
  885.  7.25560179E-07  1.97740477E-09
  890.  6.83338446E-07  1.87971161E-09
  895.  6.42792811E-07  1.78612329E-09
  900.  6.07430092E-07  1.70093233E-09
  905.  5.72192244E-07  1.61727788E-09
  910.  5.41118465E-07  1.54055172E-09
  915.  5.08692928E-07  1.46110367E-09
  920.  4.7839695E-07  1.38867992E-09
  925.  4.52881797E-07  1.32247504E-09
  930.  4.25470204E-07  1.25602566E-09
  935.  4.01484365E-07  1.19419507E-09
  940.  3.77578069E-07  1.13209345E-09
  945.  3.55307129E-07  1.07523313E-09
