  500.  0.000478440652  1.25540667E-07
  510.  0.000441215842  1.19338694E-07
  520.  0.000407379325  1.13545446E-07
  530.  0.000376716234  1.08084443E-07
  540.  0.000348926637  1.03013623E-07
  550.  0.000323319332  9.81889678E-08
  560.  0.000300108369  9.3699212E-08
  570.  0.000278847165  8.94346645E-08
  580.  0.000259437197  8.54543453E-08
  590.  0.000241518523  8.16602835E-08
  600.  0.00022529193  7.81454837E-08
  610.  0.000210105667  7.47387401E-08
  620.  0.000196314485  7.15788495E-08
  630.  0.000183469194  6.85562702E-08
  640.  0.000171805571  6.57365927E-08
  650.  0.000160801957  6.2998353E-08
  660.  0.000150936966  6.05070508E-08
  670.  0.000141587583  5.80690339E-08
  680.  0.000132874964  5.57464339E-08
  690.  0.000124903832  5.35675399E-08
  700.  0.000117434799  5.14773874E-08
  710.  0.000110569329  4.95236365E-08
  720.  0.000104036906  4.76146259E-08
  730.  9.82066119E-05  4.58515344E-08
  740.  9.25124047E-05  4.41152543E-08
  750.  8.72398012E-05  4.24757848E-08
  760.  8.24258933E-05  4.0932377E-08
  770.  7.78650841E-05  3.94346704E-08
  780.  7.36892207E-05  3.80469273E-08
  790.  6.97214681E-05  3.67039031E-08
  800.  6.5944943E-05  3.53875806E-08
  810.  6.24187832E-05  3.41341797E-08
  820.  5.9209399E-05  3.29807917E-08
  830.  5.60976169E-05  3.18238434E-08
  840.  5.32028337E-05  3.0745995E-08
  850.  5.04849761E-05  2.96983431E-08
  860.  4.79405789E-05  2.87120816E-08
  870.  4.55299559E-05  2.77493587E-08
  880.  4.32669188E-05  2.68296318E-08
  890.  4.11210524E-05  2.59391201E-08
  900.  3.91490763E-05  2.51190995E-08
  910.  3.73088466E-05  2.43303247E-08
  920.  3.54830377E-05  2.35382714E-08
  930.  3.37555121E-05  2.27585154E-08
  940.  3.21698546E-05  2.20447442E-08
  950.  3.07127934E-05  2.13731363E-08
  960.  2.92670967E-05  2.07001033E-08
  970.  2.79629959E-05  2.00881218E-08
  980.  2.66258608E-05  1.943694E-08
  990.  2.54589811E-05  1.88633729E-08
  1000.  2.43009022E-05  1.82919847E-08
  1010.  2.32055211E-05  1.77325731E-08
  1020.  2.21993697E-05  1.72131243E-08
  1030.  2.12487906E-05  1.6708698E-08
  1040.  2.02725831E-05  1.61918421E-08
  1050.  1.93946975E-05  1.57183233E-08
  1060.  1.85422779E-05  1.52461027E-08
  1070.  1.77828499E-05  1.48259135E-08
  1080.  1.7026925E-05  1.43997477E-08
  1090.  1.63110995E-05  1.39847544E-08
  1100.  1.56028091E-05  1.35710677E-08
  1110.  1.49744403E-05  1.32068338E-08
  1120.  1.43414752E-05  1.281918E-08
  1130.  1.3776513E-05  1.24734099E-08
  1140.  1.3190906E-05  1.21154962E-08
  1150.  1.2648597E-05  1.17736076E-08
  1160.  1.21537664E-05  1.14569577E-08
  1170.  1.16879437E-05  1.11537927E-08
  1180.  1.11942814E-05  1.08322752E-08
  1190.  1.07596217E-05  1.05440507E-08
  1200.  1.03298152E-05  1.02529624E-08
  1210.  9.93969902E-06  9.98556379E-09
  1220.  9.54756011E-06  9.71659545E-09
  1230.  9.18925754E-06  9.46542508E-09
  1240.  8.82349208E-06  9.20794261E-09
  1250.  8.50608151E-06  8.97435659E-09
  1260.  8.16662135E-06  8.72749774E-09
  1270.  7.86575573E-06  8.50636668E-09
  1280.  7.57333345E-06  8.28594493E-09
  1290.  7.27865689E-06  8.06809411E-09
  1300.  7.00567137E-06  7.85185804E-09
  1310.  6.72797368E-06  7.64103251E-09
  1320.  6.50924726E-06  7.46352949E-09
  1330.  6.27403706E-06  7.27701298E-09
  1340.  6.04397694E-06  7.09226165E-09
  1350.  5.82131727E-06  6.90899286E-09
  1360.  5.61602819E-06  6.73859513E-09
  1370.  5.4183404E-06  6.57152895E-09
  1380.  5.21063913E-06  6.39658753E-09
  1390.  5.03208152E-06  6.24262454E-09
  1400.  4.86183347E-06  6.09492007E-09
  1410.  4.68736088E-06  5.94194477E-09
  1420.  4.53118247E-06  5.80261415E-09
  1430.  4.36858825E-06  5.65666496E-09
  1440.  4.21619946E-06  5.51508315E-09
  1450.  4.06855352E-06  5.38154169E-09
  1460.  3.93044734E-06  5.25286258E-09
  1470.  3.78988165E-06  5.11923272E-09
  1480.  3.66193309E-06  4.99913785E-09
  1490.  3.54355444E-06  4.88213087E-09
  1500.  3.41880929E-06  4.76499232E-09
  1510.  3.30860976E-06  4.65194432E-09
  1520.  3.20287166E-06  4.55041587E-09
  1530.  3.08551349E-06  4.43271788E-09
  1540.  2.98734916E-06  4.33380054E-09
  1550.  2.89539972E-06  4.23649068E-09
  1560.  2.8054408E-06  4.14510784E-09
  1570.  2.71316975E-06  4.0461692E-09
  1580.  2.61717884E-06  3.94802896E-09
  1590.  2.53714508E-06  3.86024452E-09
  1600.  2.45013691E-06  3.7643374E-09
  1610.  2.37477459E-06  3.68307928E-09
  1620.  2.29305726E-06  3.59072059E-09
  1630.  2.22009495E-06  3.51220641E-09
  1640.  2.15336676E-06  3.43729868E-09
  1650.  2.08298028E-06  3.35464707E-09
  1660.  2.01798997E-06  3.28073648E-09
  1670.  1.95477392E-06  3.20427067E-09
  1680.  1.88997334E-06  3.13204403E-09
  1690.  1.83475884E-06  3.06541265E-09
  1700.  1.77637972E-06  2.99377227E-09
  1710.  1.72347532E-06  2.93144513E-09
  1720.  1.67145542E-06  2.86773194E-09
  1730.  1.62321685E-06  2.80485786E-09
  1740.  1.56963381E-06  2.74038102E-09
  1750.  1.51828678E-06  2.67647948E-09
  1760.  1.47395509E-06  2.61996037E-09
  1770.  1.43032208E-06  2.56397698E-09
  1780.  1.39018498E-06  2.51206222E-09
  1790.  1.34583544E-06  2.45499777E-09
  1800.  1.3093721E-06  2.40624987E-09
  1810.  1.26890728E-06  2.35128285E-09
  1820.  1.23101609E-06  2.30165158E-09
  1830.  1.18681382E-06  2.243405E-09
  1840.  1.15366978E-06  2.19677125E-09
  1850.  1.1234831E-06  2.15368918E-09
  1860.  1.09379115E-06  2.11117523E-09
  1870.  1.0599017E-06  2.0645266E-09
  1880.  1.02917459E-06  2.02168652E-09
  1890.  9.96037232E-07  1.9731271E-09
  1900.  9.65921331E-07  1.93196425E-09
  1910.  9.447016E-07  1.89665198E-09
  1920.  9.14799633E-07  1.85413946E-09
  1930.  8.88542729E-07  1.81566314E-09
  1940.  8.65324912E-07  1.7801076E-09
  1950.  8.37166409E-07  1.7404207E-09
  1960.  8.14535443E-07  1.70482209E-09
  1970.  7.93037266E-07  1.67306937E-09
  1980.  7.68410214E-07  1.63303289E-09
  1990.  7.47192293E-07  1.60125643E-09
