  50.  0.127353881  2.87145319E-05
  55.  0.108888906  2.97729336E-05
  60.  0.13709865  6.65562722E-05
  65.  0.199008756  0.000101149325
  70.  0.298457594  0.00013360006
  75.  0.497088651  0.000176852894
  80.  1.01282366  0.000254378488
  85.  3.87120858  0.000496095554
  90.  7.25425855  0.000674695686
  95.  0.728733703  0.000211321481
  100.  0.248906189  0.000151788805
  105.  0.132284652  0.000103649504
  110.  0.0841566866  7.59095791E-05
  115.  0.0589849666  5.96822594E-05
  120.  0.0439269058  4.94117345E-05
  125.  0.0339507534  4.2928291E-05
  130.  0.0271248332  4.23525579E-05
  135.  0.0220202838  3.74878741E-05
  140.  0.0182949713  3.34263271E-05
  145.  0.0153694379  2.99916544E-05
  150.  0.0129615527  2.69823365E-05
  155.  0.0111032048  2.45456672E-05
  160.  0.00962267366  2.24909857E-05
  165.  0.00831362288  2.0593611E-05
  170.  0.00726210802  1.89923651E-05
  175.  0.00638399536  1.75812691E-05
  180.  0.00560722651  1.62816584E-05
  185.  0.00498375873  1.52131658E-05
  190.  0.0044150737  1.4148009E-05
  195.  0.00393656669  1.32242548E-05
  200.  0.00351423345  1.23546828E-05
  205.  0.0031764522  1.16843499E-05
  210.  0.00286554468  1.10169536E-05
  215.  0.00258987479  1.03624602E-05
  220.  0.00232607453  9.75080316E-06
  225.  0.00209710524  9.14960331E-06
  230.  0.00191232427  8.67587315E-06
  235.  0.00173339205  8.17330111E-06
  240.  0.00157441642  7.73987999E-06
  245.  0.00143155499  7.30809392E-06
  250.  0.00132478843  6.99296618E-06
  255.  0.00121780314  6.66868785E-06
  260.  0.00110651488  6.26640624E-06
  265.  0.00102078433  5.99684531E-06
  270.  0.000927319617  5.63564367E-06
  275.  0.000848043054  5.35334231E-06
  280.  0.000794646376  5.15603956E-06
  285.  0.000736142553  4.94892203E-06
  290.  0.000671760018  4.65895541E-06
  295.  0.00062179579  4.43989271E-06
  300.  0.00056866377  4.21761491E-06
  305.  0.000534615227  4.04990717E-06
  310.  0.000493169922  3.86646452E-06
  315.  0.000454905665  3.67597933E-06
  320.  0.000422261848  3.52085565E-06
  325.  0.000390267412  3.33588875E-06
  330.  0.000364576505  3.20615952E-06
  335.  0.000343735724  3.08148824E-06
  340.  0.000312305968  2.91393589E-06
  345.  0.000292358943  2.80003776E-06
  350.  0.000273328498  2.68044331E-06
  355.  0.000258608488  2.59911293E-06
  360.  0.000239591652  2.46890386E-06
  365.  0.000226289188  2.40372413E-06
  370.  0.000207266471  2.2592275E-06
  375.  0.000199125029  2.20254696E-06
  380.  0.000184716892  2.10565556E-06
  385.  0.000171659234  2.00246964E-06
  390.  0.000161558123  1.93966315E-06
  395.  0.000145789849  1.80386313E-06
  400.  0.000142410781  1.76153856E-06
  405.  0.000130605478  1.67918972E-06
  410.  0.00012341619  1.61564449E-06
  415.  0.00011468616  1.54332135E-06
  420.  0.000108177972  1.48277275E-06
  425.  0.000101060768  1.41963377E-06
  430.  9.51546159E-05  1.36006608E-06
  435.  8.72197633E-05  1.28926867E-06
  440.  8.38525046E-05  1.25634061E-06
  445.  7.90627022E-05  1.19960154E-06
  450.  7.24901616E-05  1.13833482E-06
  455.  7.04865334E-05  1.11449386E-06
  460.  6.39635626E-05  1.05282045E-06
  465.  6.18305166E-05  1.01688241E-06
  470.  5.74362191E-05  9.68466677E-07
  475.  5.33032193E-05  9.27518537E-07
  480.  5.06042561E-05  8.89898384E-07
  485.  4.83498939E-05  8.72941786E-07
  490.  4.49322387E-05  8.22048562E-07
  495.  4.26440958E-05  7.96531107E-07
  500.  4.01738826E-05  7.60770934E-07
  505.  3.76499032E-05  7.24069381E-07
  510.  3.60916667E-05  7.1393437E-07
  515.  3.51233254E-05  6.95948302E-07
  520.  3.15213615E-05  6.46562354E-07
  525.  2.94885756E-05  6.13427101E-07
  530.  2.86192159E-05  5.97121971E-07
  535.  2.53917107E-05  5.52325388E-07
  540.  2.44180916E-05  5.38162395E-07
  545.  2.30576725E-05  5.18773598E-07
  550.  2.22860038E-05  5.06078986E-07
  555.  2.07698441E-05  4.74870585E-07
  560.  1.87880219E-05  4.42889911E-07
  565.  1.83165E-05  4.41217361E-07
  570.  1.74926764E-05  4.2337659E-07
  575.  1.64408542E-05  4.05206868E-07
  580.  1.56045798E-05  3.88935274E-07
  585.  1.41466173E-05  3.64396392E-07
  590.  1.32893871E-05  3.47237968E-07
  595.  1.32972838E-05  3.4992483E-07
  600.  1.20650068E-05  3.23720507E-07
  605.  1.2190395E-05  3.24458284E-07
  610.  1.08404462E-05  3.0152849E-07
  615.  1.02708966E-05  2.87571077E-07
  620.  9.91638172E-06  2.80615806E-07
  625.  9.10739253E-06  2.6298459E-07
  630.  8.64796645E-06  2.53364951E-07
  635.  7.91831554E-06  2.36483675E-07
  640.  7.57428413E-06  2.2948747E-07
  645.  7.46042402E-06  2.28974664E-07
  650.  7.03625449E-06  2.17238955E-07
  655.  6.52135578E-06  2.07296541E-07
  660.  6.22015623E-06  2.01442323E-07
  665.  5.75898105E-06  1.87647554E-07
  670.  5.48650386E-06  1.80835086E-07
  675.  5.43169249E-06  1.75795234E-07
  680.  4.58626278E-06  1.59171959E-07
  685.  4.46644611E-06  1.55837704E-07
  690.  4.38600272E-06  1.54050941E-07
  695.  3.94866957E-06  1.41317159E-07
  700.  3.97386278E-06  1.40397922E-07
  705.  3.63768288E-06  1.31349984E-07
  710.  3.07815672E-06  1.18756011E-07
  715.  3.37172771E-06  1.24777854E-07
  720.  3.20505602E-06  1.19366248E-07
  725.  3.03320844E-06  1.13671428E-07
  730.  2.77154843E-06  1.08973079E-07
  735.  2.55340791E-06  1.01138294E-07
  740.  2.38127455E-06  9.60702018E-08
  745.  2.28652089E-06  9.26915748E-08
  750.  2.13023981E-06  8.64251585E-08
  755.  2.03957628E-06  8.40309299E-08
  760.  1.98838271E-06  8.33912975E-08
  765.  1.7886754E-06  7.66034114E-08
  770.  1.821798E-06  7.81864147E-08
  775.  1.59334968E-06  6.89686188E-08
  780.  1.43711126E-06  6.51703001E-08
  785.  1.50110759E-06  6.65962545E-08
  790.  1.3542657E-06  6.22626149E-08
  795.  1.1232762E-06  5.41184836E-08
