  50.  0.409228512  0.000916065746
  50.1333333  0.39257767  0.00090884362
  50.2666667  0.375990415  0.000901213928
  50.4  0.359996333  0.000901226082
  50.5333333  0.346491847  0.000891338256
  50.6666667  0.333225615  0.000867164823
  50.8  0.321737594  0.00084792952
  50.9333333  0.31062399  0.000826518806
  51.0666667  0.298578884  0.000803425862
  51.2  0.287681602  0.000781191041
  51.3333333  0.278510691  0.000765851494
  51.4666667  0.26932991  0.000748602444
  51.6  0.262956722  0.000739382279
  51.7333333  0.253636851  0.000719308774
  51.8666667  0.245900906  0.000704789161
  52.  0.237360863  0.000686900176
  52.1333333  0.230460214  0.000673475567
  52.2666667  0.223958441  0.000658117538
  52.4  0.217839069  0.000648594098
  52.5333333  0.211775654  0.00063560394
  52.6666667  0.206440385  0.000623291132
  52.8  0.199915797  0.000611833267
  52.9333333  0.195203765  0.000602423057
  53.0666667  0.190470306  0.000592420946
  53.2  0.184233956  0.000578756989
  53.3333333  0.179761159  0.000568950829
  53.4666667  0.176855106  0.000563030401
  53.6  0.171351698  0.000549966735
  53.7333333  0.16662299  0.000541336566
  53.8666667  0.162521578  0.000530803023
  54.  0.159281253  0.000526254467
  54.1333333  0.155605038  0.000518997513
  54.2666667  0.152218927  0.000509835715
  54.4  0.148628377  0.000503891214
  54.5333333  0.145113331  0.000494780255
  54.6666667  0.142349575  0.000489118269
  54.8  0.139363344  0.00048326604
  54.9333333  0.136221389  0.000475996104
  55.0666667  0.133354853  0.000469787588
  55.2  0.12988608  0.000459820984
  55.3333333  0.126794986  0.000453905388
  55.4666667  0.125137642  0.000449410678
  55.6  0.121321099  0.00044041304
  55.7333333  0.119071673  0.000434293352
  55.8666667  0.117869113  0.000435116977
  56.  0.115636472  0.000428556977
  56.1333333  0.113357719  0.000423247251
  56.2666667  0.11076904  0.000416713058
  56.4  0.108899805  0.00041289983
  56.5333333  0.10768857  0.000410618597
  56.6666667  0.105329875  0.000405785
  56.8  0.102822676  0.000398577038
  56.9333333  0.101724496  0.000397099086
  57.0666667  0.0992932287  0.000390378442
  57.2  0.098072582  0.000387377339
  57.3333333  0.0961958635  0.0003838109
  57.4666667  0.0950796576  0.000383459468
  57.6  0.0923406337  0.000373970247
  57.7333333  0.09106765  0.000372100632
  57.8666667  0.0894952516  0.000367578345
  58.  0.0884298654  0.000364262736
  58.1333333  0.0867055111  0.00036099191
  58.2666667  0.084978258  0.000356365347
  58.4  0.0839292817  0.000353421881
  58.5333333  0.0829721473  0.000352719223
  58.6666667  0.081361429  0.000347390119
  58.8  0.080317178  0.000345696604
  58.9333333  0.0783131678  0.000340609543
  59.0666667  0.077786986  0.000340231051
  59.2  0.0763691166  0.000335898967
  59.3333333  0.0755565079  0.000333305426
  59.4666667  0.0738853013  0.000330176784
  59.6  0.0733223705  0.000329428189
  59.7333333  0.0720864729  0.000326568083
  59.8666667  0.071281875  0.000325155291
  60.  0.0699863885  0.00032083127
  60.1333333  0.0688864288  0.000317217256
  60.2666667  0.067815757  0.000315493337
  60.4  0.0665527857  0.000312882615
  60.5333333  0.0655006404  0.000309329568
  60.6666667  0.0650026449  0.000308370503
  60.8  0.0636826715  0.000303737747
  60.9333333  0.0627129973  0.000301980848
  61.0666667  0.0616687228  0.000299115477
  61.2  0.060845079  0.000295878957
  61.3333333  0.06035032  0.000296173388
  61.4666667  0.0591044198  0.000292920225
  61.6  0.0587023708  0.000291955723
  61.7333333  0.0575277838  0.00028834509
  61.8666667  0.0578289805  0.000291702973
  62.  0.0566044262  0.00028840618
  62.1333333  0.0556372146  0.000284510718
  62.2666667  0.0552445982  0.000285255023
  62.4  0.0540122642  0.000281108238
  62.5333333  0.0534820113  0.000280510212
  62.6666667  0.0528878498  0.000277565989
  62.8  0.0520582033  0.000275917446
  62.9333333  0.0515831708  0.000273464303
  63.0666667  0.0508016944  0.000273081733
  63.2  0.0503690646  0.000272732487
  63.3333333  0.0498311879  0.00027032785
  63.4666667  0.0490397137  0.000267309325
  63.6  0.0484303461  0.00026684262
  63.7333333  0.0478497078  0.000266679525
  63.8666667  0.0472608589  0.000264120319
  64.  0.046189309  0.00026082378
  64.1333333  0.0459025279  0.000260700285
  64.2666667  0.0454349564  0.000259819167
  64.4  0.0450191983  0.000259555697
  64.5333333  0.044211876  0.000256645135
  64.6666667  0.0438709874  0.000257966548
  64.8  0.0431450451  0.000253470523
  64.9333333  0.0427969405  0.00025401423
  65.0666667  0.0423415694  0.000254404699
  65.2  0.0415322742  0.000251674683
  65.3333333  0.0415082848  0.000255411843
  65.4666667  0.0409391409  0.000253073306
  65.6  0.0405386993  0.000251269424
  65.7333333  0.0400590934  0.000249201829
  65.8666667  0.0398019824  0.000249500929
  66.  0.0392021175  0.0002460849
  66.1333333  0.0389264934  0.000245310013
  66.2666667  0.0385231687  0.000243501582
  66.4  0.037746854  0.00024133074
  66.5333333  0.0372784121  0.000239446784
  66.6666667  0.0367984792  0.000236906091
  66.8  0.0361762615  0.000232699943
  66.9333333  0.035868635  0.000233142742
  67.0666667  0.0356804385  0.00023138273
  67.2  0.0348339627  0.000228487449
  67.3333333  0.0353529475  0.000232222331
  67.4666667  0.0349373004  0.000230583043
  67.6  0.0342606688  0.000227136972
  67.7333333  0.0338473142  0.000224683331
  67.8666667  0.0338229305  0.000225520827
  68.  0.0331023158  0.000221476578
  68.1333333  0.0327152207  0.000219898178
  68.2666667  0.0325545605  0.000220895559
  68.4  0.0320532824  0.000218033944
  68.5333333  0.0320623529  0.000217389783
  68.6666667  0.0312748305  0.000214812694
  68.8  0.0310592046  0.0002129041
  68.9333333  0.0308232241  0.000211898572
  69.0666667  0.0305804335  0.000212545283
  69.2  0.030102317  0.000208554266
  69.3333333  0.0293943871  0.000204776678
  69.4666667  0.0295737445  0.000207238858
  69.6  0.0288835121  0.000204943234
  69.7333333  0.029042041  0.000203450293
  69.8666667  0.0284698648  0.000201670609
