  200.  0.00320233105  1.03342483E-05
  205.  0.00287628307  9.74492726E-06
  210.  0.00256733918  9.131548E-06
  215.  0.0023276118  8.60823961E-06
  220.  0.00207509819  8.03483557E-06
  225.  0.00186931315  7.55725735E-06
  230.  0.001695786  7.13340445E-06
  235.  0.00152363761  6.68619146E-06
  240.  0.00139121507  6.35815871E-06
  245.  0.00125004548  5.91588787E-06
  250.  0.00115125565  5.65945557E-06
  255.  0.00104819165  5.35676627E-06
  260.  0.00095460382  5.04666819E-06
  265.  0.000879776549  4.83827169E-06
  270.  0.000796991796  4.54446756E-06
  275.  0.000727638231  4.29992471E-06
  280.  0.000676954909  4.14159453E-06
  285.  0.00062360746  3.9539319E-06
  290.  0.000568438845  3.72666002E-06
  295.  0.000526998583  3.54888472E-06
  300.  0.000478520946  3.35818575E-06
  305.  0.000451310345  3.2502992E-06
  310.  0.000414037901  3.07552812E-06
  315.  0.000378493713  2.88446626E-06
  320.  0.00035439154  2.8001291E-06
  325.  0.000324078158  2.63662127E-06
  330.  0.000296800808  2.488989E-06
  335.  0.000279158019  2.40204255E-06
  340.  0.000257194075  2.29565042E-06
  345.  0.000239582579  2.1959304E-06
  350.  0.000221440176  2.08007141E-06
  355.  0.000211349704  2.04215146E-06
  360.  0.00019434484  1.93780779E-06
  365.  0.000183380662  1.88658674E-06
  370.  0.000166835631  1.76452679E-06
  375.  0.000159388515  1.7167574E-06
  380.  0.000145871019  1.61827799E-06
  385.  0.000138779683  1.56736986E-06
  390.  0.000127527076  1.49576331E-06
  395.  0.000115874182  1.39595022E-06
  400.  0.000113917792  1.3672058E-06
  405.  0.000102643152  1.28687857E-06
  410.  9.6587978E-05  1.23714291E-06
  415.  9.05245286E-05  1.19142407E-06
  420.  8.28475961E-05  1.11021001E-06
  425.  7.94971707E-05  1.09492292E-06
  430.  7.63476239E-05  1.06236273E-06
  435.  6.89619022E-05  9.99191859E-07
  440.  6.47794809E-05  9.52284382E-07
  445.  6.21483396E-05  9.32021465E-07
  450.  5.59501454E-05  8.60126318E-07
  455.  5.49094253E-05  8.61346021E-07
  460.  4.92390878E-05  7.90475576E-07
  465.  4.80512551E-05  7.80987893E-07
  470.  4.30567035E-05  7.20052887E-07
  475.  4.11233268E-05  7.08511902E-07
  480.  3.77386977E-05  6.59193197E-07
  485.  3.60785379E-05  6.49236904E-07
  490.  3.32238099E-05  6.08466476E-07
  495.  3.20848231E-05  6.00707095E-07
  500.  3.07150918E-05  5.83442369E-07
  505.  2.82741451E-05  5.48158146E-07
  510.  2.7378542E-05  5.44237039E-07
  515.  2.53788002E-05  5.14910637E-07
  520.  2.36073336E-05  4.8649975E-07
  525.  2.27222039E-05  4.74799884E-07
  530.  2.06278744E-05  4.34390465E-07
  535.  1.92470881E-05  4.13222638E-07
  540.  1.81623203E-05  4.02930332E-07
  545.  1.68654204E-05  3.81137886E-07
  550.  1.60500347E-05  3.7354738E-07
  555.  1.5147338E-05  3.51111612E-07
  560.  1.41297186E-05  3.33473691E-07
  565.  1.34720571E-05  3.32473442E-07
  570.  1.27008944E-05  3.15793474E-07
  575.  1.20544807E-05  3.01891012E-07
  580.  1.19373661E-05  3.05939154E-07
  585.  1.035239E-05  2.69261341E-07
  590.  9.9386742E-06  2.61052341E-07
  595.  1.00437047E-05  2.73871218E-07
  600.  8.86627237E-06  2.40402743E-07
  605.  8.6453147E-06  2.38169545E-07
  610.  7.75647311E-06  2.2115614E-07
  615.  7.56122732E-06  2.13197422E-07
  620.  7.23551006E-06  2.11567369E-07
  625.  6.44843642E-06  1.90596233E-07
  630.  6.24625322E-06  1.91692908E-07
  635.  5.66213779E-06  1.76202081E-07
  640.  5.39425497E-06  1.64235573E-07
  645.  5.2919327E-06  1.67972911E-07
  650.  4.67563379E-06  1.51705107E-07
  655.  4.69882669E-06  1.5535236E-07
  660.  4.38917325E-06  1.49728303E-07
  665.  4.11169449E-06  1.37080875E-07
  670.  3.90881586E-06  1.31760802E-07
  675.  3.86690865E-06  1.32002963E-07
  680.  3.33821928E-06  1.16807124E-07
  685.  3.20289504E-06  1.17216169E-07
  690.  3.05958247E-06  1.14042714E-07
  695.  2.8503568E-06  1.04362818E-07
  700.  2.76663843E-06  1.03464008E-07
  705.  2.45570273E-06  9.43631364E-08
  710.  2.19262206E-06  8.53405151E-08
  715.  2.28436544E-06  9.03040216E-08
  720.  2.22398296E-06  8.84588789E-08
  725.  2.06719559E-06  8.49050031E-08
  730.  1.86516729E-06  7.83167393E-08
  735.  1.87795425E-06  7.59746733E-08
  740.  1.69236784E-06  7.01473348E-08
  745.  1.62802063E-06  6.86948261E-08
  750.  1.50721799E-06  6.32856942E-08
  755.  1.49680305E-06  6.4608053E-08
  760.  1.36676335E-06  6.02910344E-08
  765.  1.151757E-06  5.23834253E-08
  770.  1.19907228E-06  5.65301576E-08
  775.  1.06410303E-06  4.88426562E-08
  780.  9.57336808E-07  4.62068552E-08
  785.  9.91702494E-07  4.86195355E-08
  790.  9.4456167E-07  4.53977031E-08
  795.  7.19695236E-07  3.80487152E-08
  800.  7.68385362E-07  3.83194148E-08
  805.  7.88192795E-07  4.04464208E-08
  810.  7.1665208E-07  3.71045021E-08
  815.  7.14746916E-07  3.62994783E-08
  820.  6.39140484E-07  3.40624824E-08
  825.  5.72456666E-07  3.08570589E-08
  830.  5.46471409E-07  3.08161464E-08
  835.  5.71436546E-07  3.03947918E-08
  840.  5.2703431E-07  2.9488489E-08
  845.  4.75934399E-07  2.60955698E-08
  850.  4.52018456E-07  2.54814673E-08
  855.  4.09519503E-07  2.33561699E-08
  860.  3.58912048E-07  2.07564116E-08
  865.  3.69035062E-07  2.04338024E-08
  870.  3.76716463E-07  2.21756393E-08
  875.  3.69663052E-07  2.10114771E-08
  880.  3.21093257E-07  2.01475325E-08
  885.  2.91177056E-07  1.8536703E-08
  890.  2.82572894E-07  1.75592542E-08
  895.  2.73735081E-07  1.67065577E-08
  900.  2.30545455E-07  1.44896072E-08
  905.  2.22394722E-07  1.4240755E-08
  910.  2.06388558E-07  1.33271441E-08
  915.  1.82949469E-07  1.22464658E-08
  920.  1.68532641E-07  1.15175685E-08
  925.  1.58474093E-07  1.10964883E-08
  930.  1.85338141E-07  1.25064296E-08
  935.  1.68737031E-07  1.15215224E-08
  940.  1.43878939E-07  1.03087282E-08
  945.  1.36205859E-07  9.55943101E-09
