  50.  1.14896951  0.00155760656
  50.1333333  1.08255581  0.00150241767
  50.2666667  1.02020643  0.0014491828
  50.4  0.960324803  0.00139615803
  50.5333333  0.905004668  0.00134525398
  50.6666667  0.853752313  0.00129780266
  50.8  0.804257385  0.00124899425
  50.9333333  0.757572743  0.00120369178
  51.0666667  0.716177192  0.00116117725
  51.2  0.674229224  0.00111716189
  51.3333333  0.637130858  0.00107636498
  51.4666667  0.60192205  0.00103626934
  51.6  0.567252544  0.000996592623
  51.7333333  0.538989896  0.000963811209
  51.8666667  0.508350838  0.000926137058
  52.  0.482087374  0.000892664881
  52.1333333  0.458091397  0.000862713719
  52.2666667  0.433313233  0.000829373299
  52.4  0.413041802  0.000801375169
  52.5333333  0.390281172  0.000770352925
  52.6666667  0.371255018  0.000742425401
  52.8  0.353100084  0.000716330245
  52.9333333  0.337016815  0.000691071541
  53.0666667  0.321018034  0.000665816783
  53.2  0.303749837  0.000639347769
  53.3333333  0.291953296  0.000619450374
  53.4666667  0.279369114  0.000599336941
  53.6  0.267552095  0.000578387896
  53.7333333  0.256835778  0.00056009518
  53.8666667  0.245037218  0.000539897309
  54.  0.234599493  0.000521225915
  54.1333333  0.225829872  0.000504155375
  54.2666667  0.217396849  0.000488871476
  54.4  0.209542944  0.000474311275
  54.5333333  0.201342058  0.000458393711
  54.6666667  0.194651326  0.000445032307
  54.8  0.187383649  0.000430467521
  54.9333333  0.181415232  0.000418940242
  55.0666667  0.175076957  0.000406760679
  55.2  0.169143034  0.00039391743
  55.3333333  0.164526717  0.000384679426
  55.4666667  0.159158067  0.000373742403
  55.6  0.15423752  0.000363583835
  55.7333333  0.149634733  0.000354175517
  55.8666667  0.14610086  0.000346940595
  56.  0.141650295  0.000337633841
  56.1333333  0.138069186  0.000330638291
  56.2666667  0.134970357  0.000323762309
  56.4  0.131139238  0.000315941974
  56.5333333  0.128190099  0.000310017359
  56.6666667  0.124783405  0.000302749458
  56.8  0.122660345  0.000298406055
  56.9333333  0.119686421  0.000292706521
  57.0666667  0.117175061  0.000287095571
  57.2  0.114097374  0.00028156382
  57.3333333  0.111539137  0.000276434655
  57.4666667  0.109487219  0.000272476222
  57.6  0.107113177  0.00026746959
  57.7333333  0.105002366  0.000263102084
  57.8666667  0.103234983  0.000259232423
  58.  0.100654796  0.000254374659
  58.1333333  0.0986636439  0.000250590795
  58.2666667  0.0969490102  0.000246940952
  58.4  0.0955065545  0.000243675642
  58.5333333  0.0931177063  0.000238978113
  58.6666667  0.0915686388  0.000236028887
  58.8  0.0903625081  0.000233588755
  58.9333333  0.0884112077  0.00022987612
  59.0666667  0.0867246695  0.000226259951
  59.2  0.0858266811  0.000224462102
  59.3333333  0.0835209903  0.00022006917
  59.4666667  0.0820900663  0.000217191301
  59.6  0.0813107438  0.000215939254
  59.7333333  0.0794501745  0.000211579065
  59.8666667  0.0783094559  0.000209332864
  60.  0.0763181673  0.000205517383
  60.1333333  0.0760383646  0.000204514823
  60.2666667  0.0745249468  0.000201817691
  60.4  0.0733453303  0.000199256336
  60.5333333  0.0720910958  0.000196908676
  60.6666667  0.0709612725  0.000194324798
  60.8  0.0700244961  0.000192635749
  60.9333333  0.0685974391  0.000189478384
  61.0666667  0.0675196159  0.000187269153
  61.2  0.0666010498  0.000185673113
  61.3333333  0.0655128213  0.000183494621
  61.4666667  0.0650558618  0.000182415357
  61.6  0.0638478119  0.000179999928
  61.7333333  0.0630079641  0.000178170472
  61.8666667  0.0618165802  0.000175866088
  62.  0.0608914774  0.000173999022
  62.1333333  0.0605287724  0.000172766944
  62.2666667  0.0594483533  0.000170943888
  62.4  0.0583701401  0.00016866865
  62.5333333  0.0577616235  0.000167386213
  62.6666667  0.0569052853  0.00016564814
  62.8  0.056277101  0.000164248825
  62.9333333  0.0554071869  0.000162366187
  63.0666667  0.0546310795  0.00016071906
  63.2  0.0538384283  0.000159238777
  63.3333333  0.0536473291  0.00015858392
  63.4666667  0.0523605742  0.00015593021
  63.6  0.0517355823  0.000154813454
  63.7333333  0.0506949013  0.000152414454
  63.8666667  0.0503898704  0.000151769564
  64.  0.0499105549  0.000150994434
  64.1333333  0.0488840733  0.000148643423
  64.2666667  0.0485179989  0.000147809
  64.4  0.0476150083  0.000146045489
  64.5333333  0.0472395556  0.00014525702
  64.6666667  0.0463769866  0.000143222859
  64.8  0.0460276338  0.000142510238
  64.9333333  0.0452464341  0.000140857509
  65.0666667  0.0448895034  0.000140364927
  65.2  0.0445621054  0.000139380341
  65.3333333  0.0439761167  0.000138136247
  65.4666667  0.0431440189  0.000136451137
  65.6  0.0427417978  0.000135542918
  65.7333333  0.0422433919  0.000134244399
  65.8666667  0.0418207261  0.000133436636
  66.  0.0410946244  0.000131947329
  66.1333333  0.040730195  0.000131109059
  66.2666667  0.0403474129  0.000130342903
  66.4  0.0399281791  0.000129144131
  66.5333333  0.0395937762  0.000128491617
  66.6666667  0.0387181298  0.000126570251
  66.8  0.0386804992  0.000126392185
  66.9333333  0.0380680585  0.000125062018
  67.0666667  0.0375568354  0.000124040775
  67.2  0.0371693446  0.000123030628
  67.3333333  0.0367546573  0.000122274622
  67.4666667  0.0364716393  0.000121694212
  67.6  0.0360088704  0.000120465844
  67.7333333  0.0356702222  0.00011983092
  67.8666667  0.0351840533  0.000118540091
  68.  0.0347630968  0.000117803728
  68.1333333  0.0343888581  0.000116920381
  68.2666667  0.0341464393  0.00011623403
  68.4  0.0338421383  0.000115652803
  68.5333333  0.0333232605  0.000114506925
  68.6666667  0.0330319698  0.00011389241
  68.8  0.0326461088  0.000112890532
  68.9333333  0.0322185623  0.000111859488
  69.0666667  0.0317246256  0.00011062927
  69.2  0.0316972411  0.00011080427
  69.3333333  0.0313542119  0.000110077509
  69.4666667  0.0309886533  0.000109138282
  69.6  0.0304947722  0.000107953068
  69.7333333  0.0302645228  0.00010750401
  69.8666667  0.0299528307  0.000106737118
