  100.  0.0912468161  2.24271845E-05
  126.  0.0161730812  5.6780414E-06
  152.  0.00662710368  3.19519752E-06
  178.  0.00330494567  2.08017801E-06
  204.  0.00182070933  1.44622633E-06
  230.  0.00107213865  1.04924089E-06
  256.  0.000660298134  7.81463894E-07
  282.  0.000419364984  5.91888473E-07
  308.  0.000275515337  4.57546431E-07
  334.  0.000184718348  3.57999708E-07
  360.  0.000126825864  2.83707768E-07
  386.  8.86228347E-05  2.27398854E-07
  412.  6.29869114E-05  1.83905513E-07
  438.  4.55669112E-05  1.50447608E-07
  464.  3.31700534E-05  1.23435296E-07
  490.  2.46156876E-05  1.01953562E-07
  516.  1.83881495E-05  8.49655731E-08
  542.  1.39192067E-05  7.13161778E-08
  568.  1.06935246E-05  6.03017986E-08
  594.  8.14408072E-06  5.06013134E-08
  620.  6.38946141E-06  4.34056232E-08
  646.  4.96449977E-06  3.70422491E-08
  672.  3.87932669E-06  3.13970623E-08
  698.  3.08992351E-06  2.71371185E-08
  724.  2.48996438E-06  2.36897467E-08
  750.  2.00691008E-06  2.05555475E-08
  776.  1.60260155E-06  1.77266187E-08
  802.  1.29441034E-06  1.54440226E-08
  828.  1.06566621E-06  1.34489571E-08
  854.  8.63821423E-07  1.18683475E-08
  880.  7.09992198E-07  1.03938053E-08
  906.  5.89877791E-07  9.23850306E-09
  932.  5.0025557E-07  8.21480269E-09
  958.  4.06568565E-07  7.19253377E-09
  984.  3.53591995E-07  6.59882652E-09
  1010.  2.74209932E-07  5.57775262E-09
  1036.  2.41826393E-07  5.10953267E-09
  1062.  2.01097819E-07  4.51357051E-09
  1088.  1.67607581E-07  3.9178347E-09
  1114.  1.43776906E-07  3.59738544E-09
  1140.  1.17540298E-07  3.12638197E-09
  1166.  1.00188672E-07  2.72983663E-09
  1192.  8.937832E-08  2.64592179E-09
  1218.  7.50675268E-08  2.32197056E-09
  1244.  6.5714048E-08  2.12694493E-09
  1270.  5.66400171E-08  1.89556151E-09
  1296.  4.74439633E-08  1.69170647E-09
  1322.  4.01409715E-08  1.52126317E-09
  1348.  3.38396427E-08  1.30071181E-09
  1374.  3.20896125E-08  1.28476313E-09
  1400.  2.30657235E-08  1.01655049E-09
  1426.  2.40092336E-08  1.1106735E-09
  1452.  2.04000297E-08  9.73981771E-10
  1478.  1.60723126E-08  8.09061252E-10
  1504.  1.41618013E-08  7.2779691E-10
  1530.  1.37033643E-08  7.21462552E-10
  1556.  1.03822288E-08  6.09295233E-10
  1582.  1.10525837E-08  6.07561261E-10
  1608.  8.23430375E-09  5.47382412E-10
  1634.  7.9602749E-09  5.03037311E-10
  1660.  7.06852181E-09  4.64212171E-10
  1686.  6.06158596E-09  4.49015125E-10
  1712.  5.3614235E-09  3.75190822E-10
  1738.  4.66800904E-09  3.27075116E-10
  1764.  4.00740018E-09  2.94755415E-10
  1790.  3.71074589E-09  2.99977094E-10
  1816.  3.12305966E-09  2.39445312E-10
  1842.  2.38777368E-09  1.98028205E-10
  1868.  2.41802485E-09  1.93366937E-10
  1894.  2.27804124E-09  2.23629289E-10
  1920.  1.99158829E-09  1.88421723E-10
  1946.  1.75032534E-09  1.61278987E-10
  1972.  1.63198521E-09  1.6992621E-10
  1998.  1.27669277E-09  1.53315363E-10
  2024.  9.69721129E-10  1.1236784E-10
  2050.  1.25496356E-09  1.53945286E-10
  2076.  9.01207263E-10  1.00632257E-10
  2102.  8.83968893E-10  1.09757239E-10
  2128.  8.42082034E-10  9.44311522E-11
  2154.  8.12216704E-10  1.19682487E-10
  2180.  5.36142998E-10  6.47523154E-11
  2206.  5.25250777E-10  6.46854062E-11
  2232.  4.39966017E-10  5.29394064E-11
  2258.  3.8698609E-10  6.71063647E-11
  2284.  3.91912365E-10  5.63306356E-11
  2310.  3.42752953E-10  5.09868482E-11
  2336.  2.81869509E-10  4.85350049E-11
  2362.  2.95564032E-10  4.79974098E-11
  2388.  2.9661334E-10  4.71165374E-11
  2414.  2.29524185E-10  4.14837994E-11
  2440.  1.97532898E-10  3.19606293E-11
  2466.  1.81841489E-10  3.17723977E-11
  2492.  1.3050127E-10  2.17794289E-11
  2518.  1.74859362E-10  3.06816192E-11
  2544.  1.15649258E-10  2.24075535E-11
  2570.  1.34853404E-10  2.56013054E-11
  2596.  1.19591528E-10  2.41922595E-11
  2622.  7.00292811E-11  1.45986994E-11
  2648.  7.95202265E-11  1.43514171E-11
  2674.  5.96727545E-11  1.74991469E-11
  2700.  5.64755969E-11  1.35047915E-11
  2726.  5.36323978E-11  1.2660519E-11
  2752.  6.4070043E-11  1.3611802E-11
  2778.  5.72502247E-11  1.57655765E-11
  2804.  4.76306424E-11  1.18193754E-11
  2830.  3.29460533E-11  1.53696847E-11
  2856.  4.39456051E-11  1.43715726E-11
  2882.  4.00031954E-11  1.57651775E-11
  2908.  3.94150868E-11  1.16381362E-11
  2934.  1.61316529E-11  5.29018788E-12
  2960.  4.57694931E-11  1.76595142E-11
  2986.  2.22965299E-11  6.26634615E-12
  3012.  1.98625808E-11  6.36072952E-12
  3038.  2.81628654E-11  8.16848647E-12
  3064.  1.42841974E-11  4.47489667E-12
  3090.  1.49755435E-11  4.87806608E-12
  3116.  2.35483087E-11  1.07479633E-11
  3142.  4.4642493E-12  1.5152142E-12
  3168.  1.35264562E-11  5.08811441E-12
  3194.  1.9532276E-11  6.49922457E-12
  3220.  1.06538622E-11  5.72080514E-12
  3246.  1.23404205E-11  6.91758505E-12
  3272.  7.78710497E-12  2.10058176E-12
  3298.  1.36598562E-11  8.28584557E-12
  3324.  2.22690993E-12  6.2234831E-13
  3350.  6.36339763E-12  2.64832319E-12
  3376.  3.17549489E-12  1.36983227E-12
  3402.  4.45895342E-12  1.97976242E-12
  3428.  1.77215939E-12  5.52795488E-13
  3454.  7.2761755E-12  2.92434262E-12
  3480.  6.63082713E-12  3.1736957E-12
  3506.  9.97386179E-13  3.15683106E-13
  3532.  1.13193405E-12  3.83959873E-13
  3558.  2.93538158E-12  1.46910538E-12
  3584.  4.0852543E-12  2.36943098E-12
  3610.  2.42356206E-12  6.99963095E-13
  3636.  4.37598094E-12  2.50372597E-12
  3662.  1.12029242E-12  5.99535845E-13
  3688.  9.63160157E-13  3.44398706E-13
  3714.  1.37690929E-12  8.23960197E-13
  3740.  1.23184903E-12  4.89291612E-13
  3766.  1.73290677E-12  1.31115015E-12
  3792.  7.77723018E-13  4.42631956E-13
  3818.  2.30100529E-13  1.47550936E-13
  3844.  7.74685635E-13  4.53111638E-13
  3870.  7.23804084E-13  4.52417751E-13
  3896.  1.04459211E-12  6.27076191E-13
  3922.  7.60285378E-13  4.62559274E-13
  3948.  4.09287035E-13  2.19591064E-13
  3974.  3.37268612E-13  2.88518406E-13
