  50.  0.249892072  6.13009627E-05
  63.  0.0330326675  1.16587303E-05
  76.  0.0133703196  6.47612375E-06
  89.  0.00663149307  4.20303045E-06
  102.  0.00364951835  2.92878451E-06
  115.  0.00214744311  2.13017457E-06
  128.  0.00133039444  1.59983689E-06
  141.  0.00085753675  1.22903283E-06
  154.  0.000567968341  9.59322047E-07
  167.  0.000388865397  7.63020069E-07
  180.  0.000272509861  6.15078499E-07
  193.  0.000194584197  5.01493265E-07
  206.  0.000141509339  4.13433835E-07
  219.  0.000104976658  3.43796191E-07
  232.  7.87809741E-05  2.8871638E-07
  245.  5.95652004E-05  2.43043543E-07
  258.  4.6375022E-05  2.0816274E-07
  271.  3.57869285E-05  1.77602332E-07
  284.  2.81741629E-05  1.52535273E-07
  297.  2.1937506E-05  1.30314923E-07
  310.  1.77292093E-05  1.13904602E-07
  323.  1.41684031E-05  9.90474729E-08
  336.  1.1443156E-05  8.62771184E-08
  349.  9.31422149E-06  7.57073696E-08
  362.  7.63931775E-06  6.6990857E-08
  375.  6.2629212E-06  5.87525643E-08
  388.  5.18648533E-06  5.2108396E-08
  401.  4.30187177E-06  4.62568885E-08
  414.  3.5538271E-06  4.07385246E-08
  427.  3.03445891E-06  3.69236037E-08
  440.  2.55470404E-06  3.29425242E-08
  453.  2.14708258E-06  2.92269705E-08
  466.  1.83303862E-06  2.65874211E-08
  479.  1.56152707E-06  2.41562859E-08
  492.  1.32427497E-06  2.1444367E-08
  505.  1.14575024E-06  1.96416977E-08
  518.  9.72402415E-07  1.75255453E-08
  531.  8.50889029E-07  1.58807856E-08
  544.  7.04378193E-07  1.42708755E-08
  557.  6.24063979E-07  1.32580691E-08
  570.  5.46355942E-07  1.18378601E-08
  583.  4.59540377E-07  1.05828065E-08
  596.  4.06576262E-07  9.77941239E-09
  609.  3.60227106E-07  8.94982354E-09
  622.  3.24536967E-07  8.42530158E-09
  635.  2.7310133E-07  7.60721675E-09
  648.  2.42361636E-07  6.86464328E-09
  661.  1.98063065E-07  6.04021664E-09
  674.  1.82007013E-07  5.70311003E-09
  687.  1.53546799E-07  5.11713833E-09
  700.  1.42472015E-07  4.74565827E-09
  713.  1.24532495E-07  4.39200995E-09
  726.  1.17753768E-07  4.17342862E-09
  739.  9.90770742E-08  3.75449966E-09
  752.  8.35511406E-08  3.28259242E-09
  765.  7.9675194E-08  3.25851408E-09
  778.  7.08848876E-08  3.03726868E-09
  791.  6.05153399E-08  2.73935355E-09
  804.  5.47796559E-08  2.48022928E-09
  817.  4.9084793E-08  2.29961215E-09
  830.  4.26671737E-08  2.09994036E-09
  843.  4.08396355E-08  2.08648502E-09
  856.  3.55417158E-08  1.85590318E-09
  869.  3.04075145E-08  1.616451E-09
  882.  2.74286138E-08  1.50122853E-09
  895.  2.42916685E-08  1.39593668E-09
  908.  2.33545566E-08  1.44705593E-09
  921.  1.9349139E-08  1.22062833E-09
  934.  1.98343084E-08  1.24045784E-09
  947.  1.63154606E-08  1.12880915E-09
  960.  1.52055866E-08  1.07269488E-09
  973.  1.42508706E-08  9.81999705E-10
  986.  1.17995509E-08  8.58125677E-10
  999.  1.10605496E-08  8.11666905E-10
  1012.  9.47893897E-09  7.04559803E-10
  1025.  9.17559126E-09  7.42132991E-10
  1038.  6.89407291E-09  5.80641328E-10
  1051.  7.43955928E-09  6.32737048E-10
  1064.  5.95582422E-09  4.82432465E-10
  1077.  5.76212977E-09  5.00159776E-10
  1090.  5.49229806E-09  4.87022949E-10
  1103.  5.72019689E-09  5.17766638E-10
  1116.  4.90800961E-09  4.57401379E-10
  1129.  4.78812642E-09  4.38294685E-10
  1142.  3.89799041E-09  3.85438016E-10
  1155.  3.09796403E-09  3.29373199E-10
  1168.  3.48463477E-09  3.80227706E-10
  1181.  3.63676519E-09  3.87075391E-10
  1194.  2.61291887E-09  2.92869618E-10
  1207.  2.48509457E-09  2.80751319E-10
  1220.  1.93240983E-09  2.08914908E-10
  1233.  1.86269557E-09  2.3710292E-10
  1246.  1.4717533E-09  1.92115977E-10
  1259.  1.60352757E-09  1.94514684E-10
  1272.  1.51146565E-09  1.79913328E-10
  1285.  1.14402362E-09  1.60252203E-10
  1298.  1.26525218E-09  1.80001646E-10
  1311.  1.15560584E-09  1.63287145E-10
  1324.  6.96300843E-10  1.03499168E-10
  1337.  1.05952797E-09  1.37109277E-10
  1350.  9.26255731E-10  1.2406201E-10
  1363.  9.37389798E-10  1.36791866E-10
  1376.  7.87244301E-10  1.30296119E-10
  1389.  6.18055613E-10  1.05346616E-10
  1402.  6.51613097E-10  1.01429238E-10
  1415.  4.83016406E-10  8.0698764E-11
  1428.  4.67993909E-10  8.25923163E-11
  1441.  4.82173086E-10  9.33050501E-11
  1454.  2.92083464E-10  5.2405276E-11
  1467.  4.599813E-10  8.26344488E-11
  1480.  4.39001123E-10  8.3697265E-11
  1493.  3.32929375E-10  5.57318436E-11
  1506.  2.6814167E-10  5.47254302E-11
  1519.  2.79987751E-10  4.95276171E-11
  1532.  3.08052623E-10  6.66754911E-11
  1545.  2.38170771E-10  6.38901325E-11
  1558.  1.98414302E-10  3.64747633E-11
  1571.  2.45807743E-10  5.26607852E-11
  1584.  2.05377587E-10  4.34054159E-11
  1597.  1.76980649E-10  4.15135772E-11
  1610.  1.47567037E-10  3.24347004E-11
  1623.  1.45308093E-10  3.14700808E-11
  1636.  1.60171486E-10  3.67534881E-11
  1649.  1.49111065E-10  3.79181346E-11
  1662.  1.02552557E-10  2.84829136E-11
  1675.  8.96796349E-11  2.19496925E-11
  1688.  8.2120322E-11  2.43933606E-11
  1701.  1.15348858E-10  3.42213585E-11
  1714.  8.78286038E-11  2.24777786E-11
  1727.  3.71960735E-11  8.54949404E-12
  1740.  1.06981343E-10  2.80929917E-11
  1753.  1.03692874E-10  3.23860665E-11
  1766.  4.703462E-11  1.19558069E-11
  1779.  5.78548622E-11  1.92026522E-11
  1792.  5.4713655E-11  1.29659446E-11
  1805.  6.52348862E-11  1.65224262E-11
  1818.  6.64939159E-11  2.19964568E-11
  1831.  6.31310422E-11  1.94124114E-11
  1844.  6.26962697E-11  1.79789592E-11
  1857.  2.83853548E-11  1.04761992E-11
  1870.  3.65288567E-11  1.482854E-11
  1883.  2.67872717E-11  9.53446167E-12
  1896.  2.91320173E-11  1.35508071E-11
  1909.  1.5118685E-11  5.69904484E-12
  1922.  2.85158565E-11  9.48991354E-12
  1935.  2.1851076E-11  7.6866102E-12
  1948.  1.51817671E-11  3.95460872E-12
  1961.  2.55340994E-11  1.10492559E-11
  1974.  2.23194353E-11  7.53094145E-12
  1987.  1.62268714E-11  6.21884788E-12
