  50.  0.249897084  6.13006055E-05
  63.  0.0330217453  1.16562465E-05
  76.  0.0133759902  6.47676035E-06
  89.  0.00663365399  4.20547332E-06
  102.  0.00364744097  2.9285965E-06
  115.  0.00215113411  2.13254977E-06
  128.  0.00132829455  1.5973618E-06
  141.  0.000857567181  1.22890114E-06
  154.  0.000571951008  9.64608432E-07
  167.  0.000388869455  7.63330525E-07
  180.  0.00027208887  6.14407337E-07
  193.  0.000195099715  5.02310206E-07
  206.  0.000141492685  4.12693729E-07
  219.  0.000104467704  3.43524451E-07
  232.  7.87462718E-05  2.88616753E-07
  245.  5.96775517E-05  2.43589034E-07
  258.  4.60010041E-05  2.07088249E-07
  271.  3.57691472E-05  1.77302557E-07
  284.  2.80174902E-05  1.52124526E-07
  297.  2.18687758E-05  1.29737735E-07
  310.  1.78729741E-05  1.14993262E-07
  323.  1.42050182E-05  9.93549907E-08
  336.  1.1308391E-05  8.55860217E-08
  349.  9.4223095E-06  7.65909744E-08
  362.  7.68512228E-06  6.70863857E-08
  375.  6.29663671E-06  5.90570024E-08
  388.  5.24391712E-06  5.25317105E-08
  401.  4.38129051E-06  4.67074645E-08
  414.  3.64998986E-06  4.15885661E-08
  427.  3.02042503E-06  3.66251831E-08
  440.  2.54423424E-06  3.29324189E-08
  453.  2.17675129E-06  2.95655642E-08
  466.  1.83624502E-06  2.65424746E-08
  479.  1.59322762E-06  2.43666248E-08
  492.  1.3289752E-06  2.17077426E-08
  505.  1.12149698E-06  1.92806333E-08
  518.  9.53924993E-07  1.71898092E-08
  531.  8.34214788E-07  1.6014528E-08
  544.  6.95034419E-07  1.39011153E-08
  557.  6.26585106E-07  1.30733318E-08
  570.  5.35690725E-07  1.16358065E-08
  583.  4.79560712E-07  1.1157657E-08
  596.  3.94575666E-07  9.56367269E-09
  609.  3.40812465E-07  8.66059253E-09
  622.  3.08100936E-07  8.21221405E-09
  635.  2.78679974E-07  7.72537268E-09
  648.  2.45240905E-07  7.15990228E-09
  661.  2.08017702E-07  6.12556232E-09
  674.  1.92684509E-07  5.97644657E-09
  687.  1.60901266E-07  5.2206949E-09
  700.  1.42712491E-07  4.80286962E-09
  713.  1.31171796E-07  4.55729209E-09
  726.  1.14292031E-07  4.12139703E-09
  739.  1.01586172E-07  3.83055281E-09
  752.  9.131591E-08  3.51157329E-09
  765.  7.87767369E-08  3.09897113E-09
  778.  7.24670794E-08  3.07439892E-09
  791.  6.002508E-08  2.70950179E-09
  804.  5.43944191E-08  2.51335947E-09
  817.  4.82922838E-08  2.26459175E-09
  830.  4.41082077E-08  2.19174747E-09
  843.  3.54781572E-08  1.8566278E-09
  856.  3.43005141E-08  1.83098007E-09
  869.  3.1721096E-08  1.7667086E-09
  882.  3.02740294E-08  1.64102472E-09
  895.  2.70258098E-08  1.58580101E-09
  908.  2.21110757E-08  1.33790452E-09
  921.  1.90686867E-08  1.25376307E-09
  934.  1.83858381E-08  1.16526204E-09
  947.  1.66780538E-08  1.09564777E-09
  960.  1.5390697E-08  1.03494052E-09
  973.  1.27321224E-08  9.56035461E-10
  986.  1.23311376E-08  8.87820501E-10
  999.  1.02821962E-08  7.94566516E-10
  1012.  9.2130731E-09  7.4045961E-10
  1025.  9.91202842E-09  7.35607693E-10
  1038.  9.39911512E-09  7.39542745E-10
  1051.  7.64123041E-09  6.53627316E-10
  1064.  8.19698292E-09  7.65127335E-10
  1077.  6.6508754E-09  5.93970306E-10
  1090.  5.0923534E-09  4.30609085E-10
  1103.  5.00097677E-09  4.64080732E-10
  1116.  3.89325418E-09  3.74673806E-10
  1129.  3.6655722E-09  3.66025303E-10
  1142.  3.11829103E-09  3.53564362E-10
  1155.  2.88261164E-09  3.08696216E-10
  1168.  2.81525052E-09  2.77434225E-10
  1181.  3.06267096E-09  3.44639002E-10
  1194.  2.34001393E-09  2.41076318E-10
  1207.  1.93808485E-09  2.57649229E-10
  1220.  2.15427226E-09  2.59063721E-10
  1233.  1.69593549E-09  2.07089702E-10
  1246.  1.75630233E-09  1.98386784E-10
  1259.  1.528886E-09  1.89325927E-10
  1272.  1.38396166E-09  1.91438722E-10
  1285.  1.23446082E-09  1.65837989E-10
  1298.  1.2157457E-09  1.61709751E-10
  1311.  1.09689421E-09  1.44236216E-10
  1324.  8.71831334E-10  1.21139596E-10
  1337.  9.99785024E-10  1.45381339E-10
  1350.  8.43145019E-10  1.35155263E-10
  1363.  9.40087913E-10  1.57353184E-10
  1376.  7.29882274E-10  1.04374118E-10
  1389.  5.98804152E-10  1.02147941E-10
  1402.  5.86961287E-10  1.01720737E-10
  1415.  6.34335535E-10  9.24817646E-11
  1428.  4.92544184E-10  8.54481066E-11
  1441.  5.1081095E-10  8.14311349E-11
  1454.  4.91870729E-10  8.37321768E-11
  1467.  3.72190024E-10  6.63903878E-11
  1480.  4.711263E-10  8.71106915E-11
  1493.  3.90942111E-10  7.84773141E-11
  1506.  2.27286841E-10  3.78756679E-11
  1519.  2.68431547E-10  5.68880173E-11
  1532.  2.39137375E-10  4.22581344E-11
  1545.  2.28595632E-10  5.68625072E-11
  1558.  2.47712607E-10  6.40443768E-11
  1571.  1.48284707E-10  2.84679723E-11
  1584.  2.31977834E-10  4.64057337E-11
  1597.  1.58382455E-10  3.35319231E-11
  1610.  1.42479384E-10  3.56096087E-11
  1623.  7.19504287E-11  1.7968132E-11
  1636.  1.24572509E-10  3.16527747E-11
  1649.  1.26426852E-10  4.16561794E-11
  1662.  1.13103838E-10  2.40174087E-11
  1675.  1.36441754E-10  2.63246061E-11
  1688.  1.30271558E-10  2.93674054E-11
  1701.  1.05896159E-10  3.0052825E-11
  1714.  1.13531743E-10  2.60478108E-11
  1727.  9.1945973E-11  2.38112648E-11
  1740.  5.80400404E-11  1.46944754E-11
  1753.  7.02336481E-11  3.04258682E-11
  1766.  5.14869506E-11  1.18979968E-11
  1779.  4.16885278E-11  1.07157135E-11
  1792.  7.20026811E-11  1.91102233E-11
  1805.  5.93858672E-11  1.7300215E-11
  1818.  3.66992739E-11  1.02225413E-11
  1831.  4.0054896E-11  1.88028566E-11
  1844.  3.4635304E-11  1.08214212E-11
  1857.  5.46569012E-11  1.81721212E-11
  1870.  2.32686549E-11  8.07816186E-12
  1883.  2.992688E-11  1.05243986E-11
  1896.  2.56244622E-11  7.53422734E-12
  1909.  1.90966647E-11  8.0264699E-12
  1922.  4.41964657E-11  1.53852031E-11
  1935.  6.3250298E-12  2.38394735E-12
  1948.  3.28024214E-11  1.35096632E-11
  1961.  8.32566771E-12  2.80678007E-12
  1974.  1.9338666E-11  5.84004671E-12
  1987.  1.66246168E-11  6.49802582E-12
