  50.  0.165227964  3.98724805E-05
  55.  0.163367682  4.11306204E-05
  60.  0.156131965  4.27300565E-05
  65.  0.161437692  4.75858727E-05
  70.  0.190058579  5.93646273E-05
  75.  0.29130218  9.32921062E-05
  80.  0.835730851  0.000210787585
  85.  3.80424081  0.000497200331
  90.  5.76535423  0.000601743742
  95.  1.36064485  0.000281551464
  100.  0.25156948  0.000101228771
  105.  0.082072093  4.48306064E-05
  110.  0.0411867181  2.64323987E-05
  115.  0.0249530441  1.81856654E-05
  120.  0.0167594639  1.35943137E-05
  125.  0.0120189745  1.06965948E-05
  130.  0.00903325173  8.73163279E-06
  135.  0.00703509263  7.31903174E-06
  140.  0.005615142  6.24445515E-06
  145.  0.00457392857  5.41123671E-06
  150.  0.00380102446  4.76092575E-06
  155.  0.00318946301  4.22417431E-06
  160.  0.00271578921  3.78380839E-06
  165.  0.00232343808  3.40545292E-06
  170.  0.00200582771  3.08310388E-06
  175.  0.00174512683  2.80671699E-06
  180.  0.00152918186  2.57141E-06
  185.  0.00134444737  2.35927402E-06
  190.  0.0011852134  2.17377583E-06
  195.  0.00105417948  2.00803763E-06
  200.  0.000937620251  1.86480556E-06
  205.  0.000838980247  1.73460324E-06
  210.  0.000751852937  1.61356741E-06
  215.  0.000673657497  1.50199935E-06
  220.  0.000611705031  1.40831483E-06
  225.  0.000549358089  1.31599031E-06
  230.  0.000498799799  1.23919777E-06
  235.  0.000453008964  1.16273811E-06
  240.  0.000413539127  1.09969411E-06
  245.  0.000373888199  1.02777782E-06
  250.  0.000340414626  9.696725E-07
  255.  0.000313117448  9.18552032E-07
  260.  0.000284814365  8.66607495E-07
  265.  0.000262147028  8.23291826E-07
  270.  0.000241832092  7.81585165E-07
  275.  0.000222071486  7.4085254E-07
  280.  0.000204598217  7.03194176E-07
  285.  0.000187388245  6.64022765E-07
  290.  0.000172931909  6.31347957E-07
  295.  0.000159747513  6.00533016E-07
  300.  0.000147952651  5.72691313E-07
  305.  0.000136434221  5.43871829E-07
  310.  0.000126266631  5.17130835E-07
  315.  0.000116946558  4.92467475E-07
  320.  0.000108585311  4.72756129E-07
  325.  0.000101075385  4.49391725E-07
  330.  9.42064449E-05  4.31300617E-07
  335.  8.71838362E-05  4.09628562E-07
  340.  8.12709068E-05  3.93894356E-07
  345.  7.58987552E-05  3.75588773E-07
  350.  7.01441594E-05  3.59042765E-07
  355.  6.5615626E-05  3.42497429E-07
  360.  6.12030042E-05  3.27217674E-07
  365.  5.74301298E-05  3.16246546E-07
  370.  5.35106744E-05  3.01512043E-07
  375.  5.04664614E-05  2.92775919E-07
  380.  4.6866021E-05  2.78951499E-07
  385.  4.38360504E-05  2.64885843E-07
  390.  4.11961713E-05  2.55655885E-07
  395.  3.83445825E-05  2.44672587E-07
  400.  3.60456656E-05  2.34443013E-07
  405.  3.39457493E-05  2.25873598E-07
  410.  3.18998312E-05  2.17720225E-07
  415.  2.98971602E-05  2.10208479E-07
  420.  2.83292074E-05  2.02074149E-07
  425.  2.65527853E-05  1.9488623E-07
  430.  2.47596739E-05  1.85520819E-07
  435.  2.33824421E-05  1.79476468E-07
  440.  2.19927361E-05  1.72421996E-07
  445.  2.08154798E-05  1.67100081E-07
  450.  1.95053957E-05  1.6042905E-07
  455.  1.8558254E-05  1.55516113E-07
  460.  1.74737499E-05  1.50585448E-07
  465.  1.64832817E-05  1.44137879E-07
  470.  1.53113996E-05  1.3744454E-07
  475.  1.48332055E-05  1.35897778E-07
  480.  1.38026387E-05  1.28554997E-07
  485.  1.30221067E-05  1.24893654E-07
  490.  1.22538575E-05  1.19520729E-07
  495.  1.15425473E-05  1.1473753E-07
  500.  1.12069755E-05  1.1450684E-07
  505.  1.04813398E-05  1.08624025E-07
  510.  1.00951037E-05  1.05804183E-07
  515.  9.59866725E-06  1.03000927E-07
  520.  8.97531802E-06  9.88730986E-08
  525.  8.43613308E-06  9.5566472E-08
  530.  7.93645024E-06  9.08408957E-08
  535.  7.67879124E-06  8.98055214E-08
  540.  7.25869827E-06  8.66334495E-08
  545.  6.85266894E-06  8.32903547E-08
  550.  6.52757344E-06  8.10022206E-08
  555.  6.1347147E-06  7.77082238E-08
  560.  5.91461155E-06  7.50590515E-08
  565.  5.42445413E-06  7.10354401E-08
  570.  5.31550662E-06  7.18186759E-08
  575.  5.11926263E-06  6.91468948E-08
  580.  4.8439134E-06  6.67323441E-08
  585.  4.6390676E-06  6.51001567E-08
  590.  4.30662746E-06  6.19268571E-08
  595.  4.09304219E-06  6.04733282E-08
  600.  3.97365423E-06  5.92110934E-08
  605.  3.7021221E-06  5.53009192E-08
  610.  3.57691065E-06  5.50047503E-08
  615.  3.40634379E-06  5.38338511E-08
  620.  3.27735741E-06  5.24192985E-08
  625.  3.12905956E-06  5.20650505E-08
  630.  2.95271344E-06  4.91661144E-08
  635.  2.81018834E-06  4.76787978E-08
  640.  2.64854958E-06  4.57616522E-08
  645.  2.52881674E-06  4.37189245E-08
  650.  2.49260222E-06  4.39517554E-08
  655.  2.32992949E-06  4.19745533E-08
  660.  2.23238495E-06  4.15083492E-08
  665.  2.10139414E-06  3.98198631E-08
  670.  1.98038459E-06  3.74660835E-08
  675.  1.98471445E-06  3.73397927E-08
  680.  1.83319574E-06  3.59091741E-08
  685.  1.75486495E-06  3.52784001E-08
  690.  1.69387273E-06  3.4254807E-08
  695.  1.65761411E-06  3.41495677E-08
  700.  1.51749735E-06  3.21896702E-08
  705.  1.52234341E-06  3.22346014E-08
  710.  1.39666357E-06  3.07162577E-08
  715.  1.36426416E-06  3.0502563E-08
  720.  1.33257459E-06  2.98447403E-08
  725.  1.2132357E-06  2.81269316E-08
  730.  1.16673366E-06  2.70814739E-08
  735.  1.1007138E-06  2.66212806E-08
  740.  1.10754494E-06  2.65521884E-08
  745.  1.03693483E-06  2.54760289E-08
  750.  1.03510176E-06  2.57152377E-08
  755.  9.7801143E-07  2.44759443E-08
  760.  9.09267202E-07  2.35974493E-08
  765.  9.59664559E-07  2.49219723E-08
  770.  8.37854204E-07  2.21216196E-08
  775.  8.07866393E-07  2.133342E-08
  780.  7.68134312E-07  2.10773011E-08
  785.  7.57783245E-07  2.07510937E-08
  790.  6.78230915E-07  1.94217125E-08
  795.  6.72961266E-07  1.91304435E-08
