  100.  1.10792932  0.00212246784
  100.266667  1.05580234  0.0020696263
  100.533333  1.00847219  0.00202019802
  100.8  0.968220016  0.00197978961
  101.066667  0.924020393  0.00192335611
  101.333333  0.886664716  0.00187443616
  101.6  0.853080183  0.00183074236
  101.866667  0.818992103  0.00177787956
  102.133333  0.784645475  0.00172957987
  102.4  0.759936832  0.00169343141
  102.666667  0.73227756  0.00165139421
  102.933333  0.705887794  0.0016042473
  103.2  0.680695428  0.0015631944
  103.466667  0.656038592  0.00152360023
  103.733333  0.635084527  0.00148915414
  104.  0.616294627  0.00145577458
  104.266667  0.598157194  0.00142327124
  104.533333  0.576873143  0.00138780128
  104.8  0.558923816  0.00135468432
  105.066667  0.544276988  0.00133189288
  105.333333  0.524347739  0.00129330525
  105.6  0.510551861  0.00126912886
  105.866667  0.495270413  0.00124188245
  106.133333  0.481743267  0.00121386302
  106.4  0.46876415  0.00119206217
  106.666667  0.45554994  0.00116686688
  106.933333  0.443199698  0.00114274827
  107.2  0.433359384  0.00112769706
  107.466667  0.420298802  0.00110077492
  107.733333  0.410366524  0.00108285644
  108.  0.399932205  0.00106143434
  108.266667  0.387964452  0.00104010897
  108.533333  0.382878582  0.0010288564
  108.8  0.369773276  0.00100306995
  109.066667  0.362794624  0.000992317941
  109.333333  0.353746171  0.000972673829
  109.6  0.343357894  0.000952435439
  109.866667  0.33578475  0.000937078212
  110.133333  0.328949765  0.000924513612
  110.4  0.322673808  0.000910575509
  110.666667  0.315641094  0.000900570855
  110.933333  0.308131458  0.000883475238
  111.2  0.301305866  0.000869737792
  111.466667  0.294892112  0.000854030742
  111.733333  0.288885859  0.000845143296
  112.  0.283787664  0.000836636195
  112.266667  0.277879218  0.000823069348
  112.533333  0.272271522  0.00081153299
  112.8  0.264860617  0.00079393605
  113.066667  0.261260881  0.000788591308
  113.333333  0.256438149  0.000775127994
  113.6  0.251152514  0.000765681251
  113.866667  0.247295505  0.000761944589
  114.133333  0.242184187  0.000747221233
  114.4  0.237162155  0.000734668183
  114.666667  0.231428893  0.000723525394
  114.933333  0.228190163  0.000719488878
  115.2  0.224386611  0.000713168231
  115.466667  0.21919672  0.000697887402
  115.733333  0.216181531  0.000694550132
  116.  0.211962918  0.000689766028
  116.266667  0.207818318  0.000676433314
  116.533333  0.205778182  0.000674709393
  116.8  0.201692669  0.000662749529
  117.066667  0.19852011  0.00065667308
  117.333333  0.196132115  0.000651582925
  117.6  0.19171155  0.000641992875
  117.866667  0.18879233  0.000634820234
  118.133333  0.185334214  0.000630220192
  118.4  0.18269899  0.000624853561
  118.666667  0.178541197  0.000614921047
  118.933333  0.175506076  0.000606514181
  119.2  0.172367906  0.000597857585
  119.466667  0.171450541  0.000599484466
  119.733333  0.167989537  0.000590516871
  120.  0.165870117  0.000587167115
  120.266667  0.163236646  0.000582810964
  120.533333  0.160265717  0.000577104668
  120.8  0.158627121  0.000571802272
  121.066667  0.155293788  0.00056337234
  121.333333  0.154416124  0.000564988351
  121.6  0.151546635  0.000555789994
  121.866667  0.149469139  0.000552967413
  122.133333  0.147580819  0.000549104076
  122.4  0.144281063  0.000541756546
  122.666667  0.142735977  0.000536950305
  122.933333  0.139978454  0.0005318779
  123.2  0.137391894  0.000523845335
  123.466667  0.136321794  0.000521913612
  123.733333  0.13383071  0.000517150624
  124.  0.132525996  0.000514591396
  124.266667  0.130646678  0.000510880124
  124.533333  0.129639845  0.000509954799
  124.8  0.126967871  0.000502757733
  125.066667  0.124690992  0.000498230059
  125.333333  0.123239909  0.000494981736
  125.6  0.122157815  0.000492349904
  125.866667  0.120035685  0.00048547025
  126.133333  0.118776716  0.000485396869
  126.4  0.116585281  0.000477550074
  126.666667  0.11600074  0.000479806381
  126.933333  0.114466355  0.000477262198
  127.2  0.112939279  0.000473758254
  127.466667  0.110860695  0.000467222584
  127.733333  0.10987664  0.000464032091
  128.  0.108300335  0.000464822064
  128.266667  0.108135028  0.000465061705
  128.533333  0.105504081  0.000457687567
  128.8  0.10465326  0.000454470439
  129.066667  0.103482355  0.000451590177
  129.333333  0.102266852  0.000449386376
  129.6  0.101009114  0.000449742972
  129.866667  0.100306444  0.000448414059
  130.133333  0.097947197  0.000438780648
  130.4  0.0972154114  0.000444097146
  130.666667  0.0963808427  0.000439623001
  130.933333  0.0944661651  0.000432348155
  131.2  0.0938350914  0.000430084522
  131.466667  0.0936363694  0.000435213833
  131.733333  0.09145063  0.000426871399
  132.  0.0898754444  0.000417381056
  132.266667  0.089821441  0.000421997587
  132.533333  0.0890452729  0.000419642078
  132.8  0.0874430162  0.000414538734
  133.066667  0.0862310802  0.000413380285
  133.333333  0.0855470852  0.000411103537
  133.6  0.0843196599  0.000407033028
  133.866667  0.08378694  0.000406274757
  134.133333  0.0820603639  0.000400223435
  134.4  0.0813884004  0.000396585434
  134.666667  0.0813220963  0.000398910887
  134.933333  0.079628678  0.000394323791
  135.2  0.0788426106  0.000387410845
  135.466667  0.0777052134  0.000386084862
  135.733333  0.0775115451  0.000386743584
  136.  0.0763054697  0.000383009579
  136.266667  0.0756100317  0.000380129726
  136.533333  0.0744029131  0.000373591116
  136.8  0.073556  0.000374015949
  137.066667  0.0726998944  0.000370284599
  137.333333  0.0724418676  0.000366628414
  137.6  0.0711953239  0.00036517834
  137.866667  0.0705395794  0.00036078033
  138.133333  0.0704603175  0.000365174852
  138.4  0.0688377062  0.000356129129
  138.666667  0.0683549259  0.000355145148
  138.933333  0.0683291309  0.00035853663
  139.2  0.067178158  0.000352180546
  139.466667  0.0670349869  0.000356351534
  139.733333  0.0656532404  0.000349049223
