  50.  0.726478  0.000268424425
  55.  0.672735803  0.000282251036
  60.  0.661280635  0.000328673386
  65.  0.715080975  0.000380749214
  70.  0.888337892  0.000467932062
  75.  1.33962066  0.000646495848
  80.  2.88295987  0.00115413427
  85.  17.6955184  0.00360433989
  90.  37.7409054  0.00556799542
  95.  3.816657  0.00158043463
  100.  1.01441576  0.000754794577
  105.  0.448186176  0.000359260534
  110.  0.277013654  0.000251601393
  115.  0.182372488  0.000190652958
  120.  0.12916937  0.000152480272
  125.  0.0960300212  0.000128197851
  130.  0.0740869402  0.000118223886
  135.  0.0586665177  0.00010423429
  140.  0.0475257423  9.11330934E-05
  145.  0.0390113554  8.08815434E-05
  150.  0.0324738098  7.17160229E-05
  155.  0.0274597446  6.49448489E-05
  160.  0.0233836583  5.90385867E-05
  165.  0.0200932963  5.36596617E-05
  170.  0.0173817022  4.9014292E-05
  175.  0.0151867934  4.52875285E-05
  180.  0.013307903  4.20197841E-05
  185.  0.0116541357  3.85476425E-05
  190.  0.0103151785  3.58549307E-05
  195.  0.00918946731  3.34538559E-05
  200.  0.00819705807  3.12309527E-05
  205.  0.00731776422  2.92285768E-05
  210.  0.00659092187  2.76621892E-05
  215.  0.00591722135  2.55997345E-05
  220.  0.0053609883  2.44329984E-05
  225.  0.00481714029  2.34493045E-05
  230.  0.00441924091  2.18104157E-05
  235.  0.00401187277  2.05343329E-05
  240.  0.00366857854  1.97693633E-05
  245.  0.00332636052  1.81685739E-05
  250.  0.00307139309  1.76563336E-05
  255.  0.00280360988  1.65883387E-05
  260.  0.00255881261  1.55596175E-05
  265.  0.00236350408  1.50362045E-05
  270.  0.00220167566  1.43454383E-05
  275.  0.00203084936  1.38051047E-05
  280.  0.00188775103  1.30456036E-05
  285.  0.00174306212  1.2588803E-05
  290.  0.00162073203  1.19654048E-05
  295.  0.00149927656  1.13112361E-05
  300.  0.00140256439  1.09700274E-05
  305.  0.00130636073  1.06516544E-05
  310.  0.00122333134  1.01234774E-05
  315.  0.00113163842  9.67142445E-06
  320.  0.00105147852  9.22620429E-06
  325.  0.000993554999  9.12797541E-06
  330.  0.000927552734  8.59072341E-06
  335.  0.000882095181  8.41100105E-06
  340.  0.000814925747  7.85146958E-06
  345.  0.000769192215  7.98365498E-06
  350.  0.000728489237  7.6538411E-06
  355.  0.000676842272  7.23914099E-06
  360.  0.000637435732  6.85993699E-06
  365.  0.000603400975  6.83576091E-06
  370.  0.000569497688  6.61674128E-06
  375.  0.000543932641  6.46126743E-06
  380.  0.000501501516  5.99181512E-06
  385.  0.00048316896  5.89149019E-06
  390.  0.00045506493  5.75801751E-06
  395.  0.000429175877  5.51015439E-06
  400.  0.000408785317  5.32487944E-06
  405.  0.00038678775  5.26257267E-06
  410.  0.000373310111  5.23509294E-06
  415.  0.000342116811  4.69360689E-06
  420.  0.000333280719  4.7175355E-06
  425.  0.000316145305  4.59153761E-06
  430.  0.000297969419  4.41312163E-06
  435.  0.000286093419  4.30698185E-06
  440.  0.000271826118  4.2709226E-06
  445.  0.000258506457  4.15802435E-06
  450.  0.000244773555  3.77991134E-06
  455.  0.000231017943  3.70526071E-06
  460.  0.000219775255  3.58983181E-06
  465.  0.000212166432  3.49801352E-06
  470.  0.000203271755  3.47152163E-06
  475.  0.00019135312  3.35047397E-06
  480.  0.000188420571  3.49661396E-06
  485.  0.00017701083  3.22939359E-06
  490.  0.00017533512  3.35626894E-06
  495.  0.000160143694  2.93150577E-06
  500.  0.0001534558  2.9455277E-06
  505.  0.0001493785  3.03400515E-06
  510.  0.000141666146  2.81240701E-06
  515.  0.00013333126  2.53807917E-06
  520.  0.000128543956  2.67722316E-06
  525.  0.000120534927  2.46398326E-06
  530.  0.000120826804  2.61769635E-06
  535.  0.000117600165  2.49663817E-06
  540.  0.000112605188  2.44651911E-06
  545.  0.000106326436  2.41396053E-06
  550.  0.000102409131  2.29147799E-06
  555.  9.47369051E-05  2.19306831E-06
  560.  9.59284085E-05  2.28445925E-06
  565.  9.05465663E-05  2.21062907E-06
  570.  8.77407495E-05  2.1445305E-06
  575.  8.50622662E-05  2.08437318E-06
  580.  8.16059468E-05  1.99811222E-06
  585.  7.69292392E-05  1.87230154E-06
  590.  7.47157605E-05  1.92819417E-06
  595.  7.20171117E-05  1.89038546E-06
  600.  6.82764845E-05  1.82797402E-06
  605.  6.62219111E-05  1.72433476E-06
  610.  6.19236165E-05  1.60546252E-06
  615.  6.05056966E-05  1.66443582E-06
  620.  6.13427399E-05  1.81428583E-06
  625.  5.85823345E-05  1.72490262E-06
  630.  5.56241038E-05  1.52790212E-06
  635.  5.46454472E-05  1.64860462E-06
  640.  5.25429257E-05  1.63712526E-06
  645.  5.17623885E-05  1.66039552E-06
  650.  4.74891913E-05  1.37380604E-06
  655.  4.69394994E-05  1.42297991E-06
  660.  4.55116966E-05  1.36636511E-06
  665.  4.34324123E-05  1.32009703E-06
  670.  3.97339997E-05  1.230599E-06
  675.  4.22669257E-05  1.39121857E-06
  680.  3.98867436E-05  1.37937027E-06
  685.  3.81442614E-05  1.29283256E-06
  690.  3.74298944E-05  1.18652766E-06
  695.  3.56555528E-05  1.19905951E-06
  700.  3.40521288E-05  1.23178169E-06
  705.  3.42345967E-05  1.29729122E-06
  710.  3.12030831E-05  1.1127466E-06
  715.  3.07611734E-05  1.1624963E-06
  720.  3.07685876E-05  1.18456345E-06
  725.  2.91971008E-05  1.08806607E-06
  730.  2.92279154E-05  1.14219894E-06
  735.  2.80461711E-05  1.11341816E-06
  740.  2.67825073E-05  1.04210185E-06
  745.  2.65624118E-05  1.06495507E-06
  750.  2.52325662E-05  1.00619979E-06
  755.  2.43604873E-05  9.59698953E-07
  760.  2.37737884E-05  9.08285761E-07
  765.  2.23000467E-05  8.95022557E-07
  770.  2.30422794E-05  9.79571985E-07
  775.  2.15123354E-05  8.72434448E-07
  780.  2.0703248E-05  8.37701581E-07
  785.  2.0239184E-05  9.07105811E-07
  790.  2.01395162E-05  8.67904982E-07
  795.  1.92031411E-05  9.14040024E-07
