  20.  8.20789282  0.00472481503
  20.5  8.6416686  0.00486163311
  21.  9.0833434  0.00499675375
  21.5  9.53538045  0.00512913853
  22.  10.0197391  0.00526844958
  22.5  10.5118416  0.00540359751
  23.  11.0369024  0.00553927973
  23.5  11.6002072  0.00567723091
  24.  12.2277175  0.00581634894
  24.5  13.0296511  0.0059551067
  25.  13.940343  0.00610208928
  25.5  14.1795287  0.00622441842
  26.  14.4394551  0.00634884212
  26.5  14.7246321  0.00647287036
  27.  15.0533966  0.00660488977
  27.5  15.3983414  0.00673704537
  28.  15.7531875  0.00686506171
  28.5  16.1239803  0.00699410365
  29.  16.5222376  0.00712391424
  29.5  16.9281796  0.0072536899
  30.  17.3673619  0.00738891637
  30.5  17.8503144  0.00753077158
  31.  18.3261642  0.00766553171
  31.5  18.8210588  0.00780364902
  32.  19.3456448  0.00794499509
  32.5  19.900067  0.00809114498
  33.  20.4920788  0.00824164599
  33.5  21.0942999  0.00839087226
  34.  21.7538592  0.00855218718
  34.5  22.4223119  0.00870995653
  35.  23.12754  0.00887224095
  35.5  23.8844604  0.00904364147
  36.  24.7046084  0.00922511484
  36.5  25.556306  0.0094074544
  37.  26.492039  0.00960485705
  37.5  27.4817524  0.00981008911
  38.  28.5629179  0.0100282494
  38.5  29.7380851  0.0102615237
  39.  31.0657975  0.0105190273
  39.5  32.48376  0.010787666
  40.  34.0965553  0.0110861198
  40.5  35.9470179  0.0114233704
  41.  38.0694142  0.0117992689
  41.5  40.5688571  0.0122311029
  42.  43.5262841  0.012728856
  42.5  47.1734318  0.0133189164
  43.  51.8157271  0.0140394599
  43.5  57.8563651  0.014924542
  44.  65.9774427  0.0160380529
  44.5  76.6045372  0.0173795795
  45.  83.5110965  0.0181941131
  45.5  63.4422783  0.0157464816
  46.  32.7423835  0.011031631
  46.5  17.4919125  0.0077402028
  47.  10.7562398  0.00578161005
  47.5  7.34578053  0.00453792116
  48.  5.37402639  0.00368492055
  48.5  4.14261417  0.00307439315
  49.  3.30098755  0.00261307644
  49.5  2.7061061  0.00225879115
  50.  2.26766334  0.00197961374
  50.5  1.93084262  0.00175329354
  51.  1.66834182  0.0015684573
  51.5  1.4619609  0.00141719224
  52.  1.28907365  0.00128718017
  52.5  1.15059999  0.00117919332
  53.  1.0335474  0.00108592231
  53.5  0.932027298  0.00100383193
  54.  0.848494937  0.000934210486
  54.5  0.774579665  0.0008716448
  55.  0.71040099  0.000816816715
  55.5  0.653797833  0.000767584687
  56.  0.606099283  0.00072499007
  56.5  0.560832255  0.000684401306
  57.  0.522832666  0.000649989628
  57.5  0.487571219  0.00061731823
  58.  0.455370041  0.000587315989
  58.5  0.427835615  0.000561649675
  59.  0.402030449  0.000536421529
  59.5  0.378212674  0.000513818289
  60.  0.356500862  0.000492658387
  60.5  0.336770193  0.000473054029
  61.  0.318647547  0.000455051563
  61.5  0.301624289  0.000437789012
  62.  0.286405262  0.000422082998
  62.5  0.272351125  0.000407658968
  63.  0.259359922  0.000393989623
  63.5  0.246489931  0.000380631465
  64.  0.235398727  0.000368890115
  64.5  0.224305639  0.000356892899
  65.  0.214782627  0.000346254089
  65.5  0.205221394  0.00033601304
  66.  0.19618694  0.000326002453
  66.5  0.18776382  0.000316685989
  67.  0.180424394  0.000308179058
  67.5  0.17359733  0.000300300827
  68.  0.165815279  0.000291275577
  68.5  0.159619392  0.000283979702
  69.  0.153475802  0.000276857609
  69.5  0.147210175  0.000269464882
  70.  0.141801138  0.000262639435
  70.5  0.136886728  0.000256939939
  71.  0.131740681  0.000250485116
  71.5  0.126889087  0.000244444916
  72.  0.122876366  0.000239385798
  72.5  0.118725301  0.000234224927
  73.  0.11362925  0.000227663417
  73.5  0.110450075  0.000223698552
  74.  0.106978028  0.000218897395
  74.5  0.10331668  0.000214251889
  75.  0.0998025282  0.000209423672
  75.5  0.0964391023  0.000205107391
  76.  0.0932956964  0.000200595318
  76.5  0.0907679362  0.000197265842
  77.  0.0875879203  0.00019291948
  77.5  0.0850783113  0.00018929785
  78.  0.0823156551  0.000185413362
  78.5  0.0799772807  0.000182032852
  79.  0.0773793845  0.000178288541
  79.5  0.0755407798  0.000175578268
  80.  0.0730250854  0.000171938856
  80.5  0.0706461931  0.000168525044
  81.  0.0690589623  0.000166045264
  81.5  0.0667680992  0.000162659472
  82.  0.0647865641  0.000159496909
  82.5  0.0631259972  0.000156937814
  83.  0.0616892361  0.000154718949
  83.5  0.0599428462  0.000152031808
  84.  0.0582853104  0.000149523928
  84.5  0.0566042882  0.000146611659
  85.  0.0552090028  0.000144472431
  85.5  0.0536232355  0.000141788464
  86.  0.0523752724  0.000139978743
  86.5  0.0510893867  0.00013769763
  87.  0.049683953  0.000135362241
  87.5  0.0483581545  0.00013326596
  88.  0.0469516896  0.000130755224
  88.5  0.0459864612  0.000129040743
  89.  0.0449884937  0.000127473907
  89.5  0.0436480132  0.000125070284
  90.  0.0424664727  0.000122890846
  90.5  0.0414919932  0.00012134034
  91.  0.0404831348  0.000119479107
  91.5  0.039440477  0.000117573347
  92.  0.0386431872  0.000116040009
  92.5  0.0375796892  0.000114079877
  93.  0.0369240858  0.000112929215
  93.5  0.0358982037  0.000110905381
  94.  0.0350647659  0.000109336186
  94.5  0.0343609525  0.000108142833
