  200.  0.0120211314  2.2130006E-05
  205.  0.0108325187  2.07773695E-05
  210.  0.00979378966  1.95678496E-05
  215.  0.00887221823  1.84189456E-05
  220.  0.00803617513  1.73743938E-05
  225.  0.00731415344  1.63952022E-05
  230.  0.00667781961  1.55384733E-05
  235.  0.00612675244  1.47542573E-05
  240.  0.00564081243  1.40722717E-05
  245.  0.00517516557  1.33531678E-05
  250.  0.00478052261  1.27310085E-05
  255.  0.0044054773  1.21292706E-05
  260.  0.00405976904  1.15602295E-05
  265.  0.0037745759  1.10613196E-05
  270.  0.00350621254  1.05923254E-05
  275.  0.00325128573  1.0127925E-05
  280.  0.00302340058  9.69414323E-06
  285.  0.00281272578  9.2991583E-06
  290.  0.00263523801  8.94096365E-06
  295.  0.00244900129  8.56335632E-06
  300.  0.00230053171  8.25414353E-06
  305.  0.00214966474  7.93582567E-06
  310.  0.00201510977  7.63230411E-06
  315.  0.00189160088  7.34619437E-06
  320.  0.0017875275  7.11405835E-06
  325.  0.00167203409  6.8295947E-06
  330.  0.00156999265  6.57833334E-06
  335.  0.00149259135  6.39503195E-06
  340.  0.00139165347  6.11281722E-06
  345.  0.00132958309  5.97191608E-06
  350.  0.00124974844  5.75420334E-06
  355.  0.00117614714  5.56038395E-06
  360.  0.00110633767  5.34942542E-06
  365.  0.0010568572  5.21147974E-06
  370.  0.00100115319  5.04122852E-06
  375.  0.000945122083  4.86505672E-06
  380.  0.000907362002  4.75802618E-06
  385.  0.000859172996  4.59951312E-06
  390.  0.00081362815  4.45924099E-06
  395.  0.00076924348  4.30514016E-06
  400.  0.000731248747  4.18769919E-06
  405.  0.000698269874  4.06753393E-06
  410.  0.00066516823  3.93952523E-06
  415.  0.000635105767  3.84468447E-06
  420.  0.000608413153  3.73472175E-06
  425.  0.000568680892  3.61123717E-06
  430.  0.000547679163  3.51035632E-06
  435.  0.000520455685  3.40594534E-06
  440.  0.000502758905  3.32824935E-06
  445.  0.000482932163  3.27159721E-06
  450.  0.000455953788  3.14433891E-06
  455.  0.000438898223  3.08599065E-06
  460.  0.000420495541  3.00353396E-06
  465.  0.000405771843  2.9380124E-06
  470.  0.000384611853  2.84368389E-06
  475.  0.000370991119  2.77327971E-06
  480.  0.000354387635  2.71067767E-06
  485.  0.00034047955  2.64457814E-06
  490.  0.000324447367  2.55912869E-06
  495.  0.000313853586  2.51228173E-06
  500.  0.000299188124  2.44580593E-06
  505.  0.000292468043  2.41360278E-06
  510.  0.000273282809  2.31078847E-06
  515.  0.000269154659  2.28624231E-06
  520.  0.000255593469  2.22254781E-06
  525.  0.000247151486  2.1735673E-06
  530.  0.000235067084  2.10765859E-06
  535.  0.000227992971  2.07326022E-06
  540.  0.000217840451  2.01184153E-06
  545.  0.000210373581  1.9704739E-06
  550.  0.000204389596  1.93964473E-06
  555.  0.000194656969  1.88029106E-06
  560.  0.000190063567  1.85543157E-06
  565.  0.000180068255  1.78897181E-06
  570.  0.000173585997  1.75086287E-06
  575.  0.00016818261  1.72196649E-06
  580.  0.000165201068  1.70204411E-06
  585.  0.00016126318  1.67315995E-06
  590.  0.000151113373  1.60925692E-06
  595.  0.000145969483  1.57121209E-06
  600.  0.000144679753  1.56686896E-06
  605.  0.000140542477  1.541498E-06
  610.  0.00012959538  1.46742076E-06
  615.  0.000129404841  1.46000649E-06
  620.  0.000126491665  1.45562246E-06
  625.  0.000121456914  1.41122741E-06
  630.  0.000116273716  1.36653857E-06
  635.  0.000113336378  1.34730439E-06
  640.  0.000111608653  1.33948231E-06
  645.  0.000105886561  1.29211584E-06
  650.  0.000103171983  1.27352867E-06
  655.  0.000100647469  1.25701595E-06
  660.  9.69687663E-05  1.22154098E-06
  665.  9.12627991E-05  1.17603319E-06
  670.  9.2418973E-05  1.19015601E-06
  675.  8.74644374E-05  1.14915406E-06
  680.  8.61944803E-05  1.13459926E-06
  685.  8.21526807E-05  1.10168458E-06
  690.  7.85355283E-05  1.07180688E-06
  695.  7.61966139E-05  1.04846575E-06
  700.  7.57059258E-05  1.04864738E-06
  705.  7.39832318E-05  1.03287956E-06
  710.  7.14043147E-05  1.01583081E-06
  715.  6.87078775E-05  9.85432194E-07
  720.  6.73522001E-05  9.81785438E-07
  725.  6.52932137E-05  9.55286861E-07
  730.  6.29089052E-05  9.38125678E-07
  735.  6.10767024E-05  9.21164886E-07
  740.  6.18905997E-05  9.23234524E-07
  745.  5.86145505E-05  8.91297909E-07
  750.  5.68838582E-05  8.76555208E-07
  755.  5.43758912E-05  8.51222145E-07
  760.  5.33383052E-05  8.42057901E-07
  765.  4.95386823E-05  8.05586322E-07
  770.  4.87830197E-05  7.98401833E-07
  775.  4.9326408E-05  8.02707355E-07
  780.  4.72006133E-05  7.82003791E-07
  785.  4.467798E-05  7.54042772E-07
  790.  4.47972846E-05  7.50911961E-07
  795.  4.43956255E-05  7.49167145E-07
  800.  4.32780054E-05  7.4203489E-07
  805.  4.18628051E-05  7.25518156E-07
  810.  3.96616826E-05  6.98741916E-07
  815.  3.98787287E-05  6.99499263E-07
  820.  3.91048794E-05  6.91532936E-07
  825.  3.77135808E-05  6.80124769E-07
  830.  3.62742184E-05  6.56545783E-07
  835.  3.50298905E-05  6.46038281E-07
  840.  3.4701453E-05  6.37343415E-07
  845.  3.47863074E-05  6.45414934E-07
  850.  3.30130412E-05  6.19465069E-07
  855.  3.14622757E-05  6.05117233E-07
  860.  3.18796286E-05  6.09691039E-07
  865.  3.12870913E-05  6.01915735E-07
  870.  3.0260727E-05  5.89996882E-07
  875.  2.88888641E-05  5.73855935E-07
  880.  2.80311925E-05  5.59976493E-07
  885.  2.82384272E-05  5.61935565E-07
  890.  2.67225252E-05  5.42356615E-07
  895.  2.67569677E-05  5.4333655E-07
  900.  2.53845009E-05  5.24281364E-07
  905.  2.55466071E-05  5.29706865E-07
  910.  2.33059092E-05  4.96114753E-07
  915.  2.35875071E-05  5.01213381E-07
  920.  2.34871382E-05  5.02893657E-07
  925.  2.2742609E-05  4.90935446E-07
  930.  2.20081607E-05  4.79994384E-07
  935.  2.15197882E-05  4.71063342E-07
  940.  2.16033832E-05  4.75546004E-07
  945.  2.04566778E-05  4.60177705E-07
