 -2.5  0.00616612532  1.35429991E-05
 -2.46666667  0.00650127716  1.39930961E-05
 -2.43333333  0.00679872829  1.43660378E-05
 -2.4  0.0071081923  1.47323752E-05
 -2.36666667  0.00744536277  1.50932887E-05
 -2.33333333  0.00779072146  1.54671546E-05
 -2.3  0.00813792233  1.58607881E-05
 -2.26666667  0.00850805345  1.6270927E-05
 -2.23333333  0.00887185109  1.66655381E-05
 -2.2  0.00923666707  1.70876095E-05
 -2.16666667  0.00958233565  1.74140103E-05
 -2.13333333  0.00999324226  1.78632862E-05
 -2.1  0.010412068  1.83279576E-05
 -2.06666667  0.0108235961  1.8746654E-05
 -2.03333333  0.0112520357  1.92001652E-05
 -2.  0.01168142  1.96481387E-05
 -1.96666667  0.0120926256  2.00905946E-05
 -1.93333333  0.0125335686  2.0561568E-05
 -1.9  0.0130070502  2.10009098E-05
 -1.86666667  0.0134626569  2.14487691E-05
 -1.83333333  0.0139100046  2.19231025E-05
 -1.8  0.0143668203  2.23198137E-05
 -1.76666667  0.0148890153  2.28787976E-05
 -1.73333333  0.0153422151  2.33267082E-05
 -1.7  0.0158298077  2.37794056E-05
 -1.66666667  0.0163029633  2.42365765E-05
 -1.63333333  0.0167649032  2.4679119E-05
 -1.6  0.017286609  2.52772502E-05
 -1.56666667  0.0177701198  2.56525213E-05
 -1.53333333  0.0182320146  2.60447031E-05
 -1.5  0.0187230691  2.65306003E-05
 -1.46666667  0.0192332665  2.69927659E-05
 -1.43333333  0.0196875702  2.7374878E-05
 -1.4  0.0201922231  2.78546551E-05
 -1.36666667  0.0206932448  2.83075456E-05
 -1.33333333  0.0211220722  2.86576198E-05
 -1.3  0.0216347376  2.91381385E-05
 -1.26666667  0.0221089516  2.95167204E-05
 -1.23333333  0.0226024894  2.99446478E-05
 -1.2  0.0230366483  3.03330209E-05
 -1.16666667  0.0235612971  3.07831865E-05
 -1.13333333  0.0239844535  3.11483218E-05
 -1.1  0.024413051  3.14765029E-05
 -1.06666667  0.0248256813  3.18060699E-05
 -1.03333333  0.0252552406  3.21641398E-05
 -1.  0.0256511731  3.25007033E-05
 -0.966666667  0.0260938827  3.28284529E-05
 -0.933333333  0.0264603764  3.31004646E-05
 -0.9  0.0268766615  3.34489728E-05
 -0.866666667  0.0272406226  3.37227381E-05
 -0.833333333  0.0275801478  3.39432377E-05
 -0.8  0.027992766  3.43170897E-05
 -0.766666667  0.0282542397  3.4491476E-05
 -0.733333333  0.0286243091  3.477646E-05
 -0.7  0.0288716325  3.49398619E-05
 -0.666666667  0.0293127791  3.52956701E-05
 -0.633333333  0.0294261354  3.53307646E-05
 -0.6  0.0298038773  3.55969471E-05
 -0.566666667  0.0300930373  3.58013338E-05
 -0.533333333  0.0303556801  3.59963281E-05
 -0.5  0.0305799836  3.61605716E-05
 -0.466666667  0.0307938651  3.62857016E-05
 -0.433333333  0.0309970934  3.64267533E-05
 -0.4  0.0311530575  3.65509667E-05
 -0.366666667  0.0312673886  3.65750698E-05
 -0.333333333  0.0314689882  3.67264984E-05
 -0.3  0.0316578202  3.68530827E-05
 -0.266666667  0.0317301874  3.68984664E-05
 -0.233333333  0.0318361932  3.69808361E-05
 -0.2  0.031907626  3.70049347E-05
 -0.166666667  0.0320007065  3.70584007E-05
 -0.133333333  0.0320510144  3.71053765E-05
 -0.1  0.0321642275  3.72132562E-05
 -0.0666666667  0.032143064  3.71647695E-05
 -0.0333333333  0.032247038  3.72900229E-05
 -9.41900637E-19  0.0322044256  3.72501694E-05
  0.0333333333  0.0321417034  3.71308412E-05
  0.0666666667  0.0321279371  3.71393738E-05
  0.1  0.0321015557  3.71464617E-05
  0.133333333  0.0320664001  3.71775279E-05
  0.166666667  0.0319999108  3.7121979E-05
  0.2  0.0319577275  3.70949821E-05
  0.233333333  0.0317286202  3.69059378E-05
  0.266666667  0.0316394576  3.6863803E-05
  0.3  0.0314745824  3.67703638E-05
  0.333333333  0.031402606  3.67321419E-05
  0.366666667  0.0310991475  3.64864012E-05
  0.4  0.0308634179  3.62761648E-05
  0.433333333  0.0306932392  3.61879417E-05
  0.466666667  0.0305595009  3.61116323E-05
  0.5  0.0303073709  3.59944134E-05
  0.533333333  0.03004433  3.57700355E-05
  0.566666667  0.0298610595  3.5686432E-05
  0.6  0.029504039  3.53828512E-05
  0.633333333  0.0293109757  3.52712921E-05
  0.666666667  0.0289360007  3.49704062E-05
  0.7  0.0286197087  3.47311137E-05
  0.733333333  0.0282855089  3.45001302E-05
  0.766666667  0.0279785118  3.42715827E-05
  0.8  0.0276803687  3.40706661E-05
  0.833333333  0.0271438343  3.36225547E-05
  0.866666667  0.0268559907  3.34149504E-05
  0.9  0.0264711944  3.31248784E-05
  0.933333333  0.0261439488  3.28895876E-05
  0.966666667  0.025672002  3.25060307E-05
  1.  0.0252352795  3.21367699E-05
  1.03333333  0.0248479266  3.18834513E-05
  1.06666667  0.0243950707  3.14659547E-05
  1.1  0.0239854763  3.11410301E-05
  1.13333333  0.0234966784  3.07213111E-05
  1.16666667  0.0230575405  3.03482427E-05
  1.2  0.0226164849  2.99641816E-05
  1.23333333  0.0221729611  2.96211522E-05
  1.26666667  0.0216715176  2.91456279E-05
  1.3  0.0211486823  2.87275826E-05
  1.33333333  0.0207128981  2.832648E-05
  1.36666667  0.0202496796  2.79356745E-05
  1.4  0.0197809633  2.7460161E-05
  1.43333333  0.0192020115  2.69529823E-05
  1.46666667  0.0187415473  2.64933282E-05
  1.5  0.018267042  2.609501E-05
  1.53333333  0.0177808373  2.5652447E-05
  1.56666667  0.0172955386  2.52011491E-05
  1.6  0.0167894751  2.4695306E-05
  1.63333333  0.0162647484  2.41894875E-05
  1.66666667  0.0158224252  2.37784531E-05
  1.7  0.0153327478  2.32843255E-05
  1.73333333  0.0148334423  2.28315122E-05
  1.76666667  0.0143733942  2.23327882E-05
  1.8  0.0139237094  2.18834077E-05
  1.83333333  0.0134509002  2.14756469E-05
  1.86666667  0.0129715352  2.09792016E-05
  1.9  0.0125632506  2.05815899E-05
  1.93333333  0.0120698306  2.0032061E-05
  1.96666667  0.0116622299  1.96248494E-05
  2.  0.0112045546  1.9116827E-05
  2.03333333  0.0108411098  1.88278549E-05
  2.06666667  0.0103998727  1.83074402E-05
  2.1  0.0100113871  1.79139826E-05
  2.13333333  0.00959995992  1.74378627E-05
  2.16666667  0.00923044948  1.71067091E-05
  2.2  0.00887309469  1.67170125E-05
  2.23333333  0.00845576607  1.61801711E-05
  2.26666667  0.00813137096  1.5858012E-05
  2.3  0.00777376637  1.5463961E-05
  2.33333333  0.00744770674  1.50943453E-05
  2.36666667  0.00711108613  1.46569384E-05
  2.4  0.00680375759  1.4391345E-05
  2.43333333  0.00647328465  1.3957806E-05
  2.46666667  0.00621928621  1.36741664E-05
