  200.  1.66579583E-06  2.30112386E-08
  205.  1.60991804E-06  2.3493277E-08
  210.  1.48322104E-06  2.14757112E-08
  215.  1.38907069E-06  2.20481726E-08
  220.  1.28310818E-06  2.00917148E-08
  225.  1.2467037E-06  2.0521021E-08
  230.  1.14673768E-06  1.94031183E-08
  235.  1.10221381E-06  1.95958621E-08
  240.  1.01564401E-06  1.75881219E-08
  245.  9.67210899E-07  1.77272682E-08
  250.  8.92548558E-07  1.70680205E-08
  255.  8.3061083E-07  1.55379481E-08
  260.  8.03202267E-07  1.58104782E-08
  265.  7.55850158E-07  1.62381575E-08
  270.  7.33136995E-07  1.56792391E-08
  275.  6.57576771E-07  1.36380746E-08
  280.  6.70997243E-07  1.55751529E-08
  285.  6.04692128E-07  1.37584532E-08
  290.  5.81249414E-07  1.51808173E-08
  295.  5.30659056E-07  1.23512277E-08
  300.  4.96365593E-07  1.22323886E-08
  305.  4.85572695E-07  1.24504475E-08
  310.  4.55949618E-07  1.17573732E-08
  315.  4.17911883E-07  1.09601025E-08
  320.  4.31234342E-07  1.20326261E-08
  325.  3.98836092E-07  1.15883819E-08
  330.  3.84977536E-07  1.1053344E-08
  335.  3.4709251E-07  1.00003398E-08
  340.  3.37812242E-07  1.00975591E-08
  345.  3.2013132E-07  1.05292469E-08
  350.  3.13266561E-07  9.31079845E-09
  355.  2.67881427E-07  8.28337882E-09
  360.  2.75665461E-07  9.41837974E-09
  365.  2.61984369E-07  9.0942779E-09
  370.  2.56401034E-07  9.2342543E-09
  375.  2.3976834E-07  8.32437422E-09
  380.  2.33175549E-07  9.60522167E-09
  385.  2.18064685E-07  9.03958938E-09
  390.  2.02860026E-07  7.91309113E-09
  395.  2.04011416E-07  9.49680931E-09
  400.  1.82044368E-07  6.51441301E-09
  405.  1.88050424E-07  7.67408928E-09
  410.  1.62357873E-07  6.50960873E-09
  415.  1.50957923E-07  6.05837189E-09
  420.  1.57530604E-07  8.46411543E-09
  425.  1.47211109E-07  6.04717147E-09
  430.  1.54724242E-07  8.73591522E-09
  435.  1.44205167E-07  7.08836949E-09
  440.  1.49108967E-07  8.21887576E-09
  445.  1.30034912E-07  6.49228324E-09
  450.  0.000566084386  4.26487333E-07
  455.  0.000645246807  4.56005612E-07
  460.  0.00061727861  4.43843535E-07
  465.  0.000590799445  4.32569159E-07
  470.  0.000564301802  4.20702334E-07
  475.  0.000540104209  4.097365E-07
  480.  0.000517650241  3.99790501E-07
  485.  0.000495331446  3.89237666E-07
  490.  0.000473807549  3.78982855E-07
  495.  0.000455031616  3.70116082E-07
  500.  0.00043576992  3.60567506E-07
  505.  0.000417777456  3.51735732E-07
  510.  0.000401009663  3.42929403E-07
  515.  0.000385310929  3.34888756E-07
  520.  0.000369751867  3.2657591E-07
  525.  0.000354985649  3.18727661E-07
  530.  0.000341779285  3.11851007E-07
  535.  0.000327657064  3.03561084E-07
  540.  0.000316294678  2.97524224E-07
  545.  0.000302595704  2.89355898E-07
  550.  0.000291781491  2.83359735E-07
  555.  0.000280655604  2.76674516E-07
  560.  0.000270015184  2.70055231E-07
  565.  0.000260420395  2.64528396E-07
  570.  0.000250580374  2.58267562E-07
  575.  0.000241445241  2.52515998E-07
  580.  0.000232757134  2.46864659E-07
  585.  0.000224477932  2.41799693E-07
  590.  0.000216625459  2.36560613E-07
  595.  0.000209060837  2.31533854E-07
  600.  0.000201971018  2.2669627E-07
  605.  0.000194363315  2.21314756E-07
  610.  0.000187580027  2.16676326E-07
  615.  0.000181144077  2.11992272E-07
  620.  0.000174761693  2.07360792E-07
  625.  0.000169046179  2.03478028E-07
  630.  0.000163070165  1.98895553E-07
  635.  0.000157917318  1.95069804E-07
  640.  0.000152256501  1.90702215E-07
  645.  0.000147549427  1.87005109E-07
  650.  0.000142551026  1.83138439E-07
  655.  0.000138052138  1.79618344E-07
  660.  0.000133356405  1.75856432E-07
  665.  0.000128999473  1.72184436E-07
  670.  0.000124761987  1.68631043E-07
  675.  0.000120994423  1.65523209E-07
  680.  0.000117113182  1.62159476E-07
  685.  0.000113222035  1.59049526E-07
  690.  0.000110252675  1.56531273E-07
  695.  0.000106554177  1.5323512E-07
  700.  0.000103191947  1.5011973E-07
  705.  9.96296767E-05  1.46831603E-07
  710.  9.71185973E-05  1.44703427E-07
  715.  9.40395216E-05  1.41911698E-07
  720.  9.12448978E-05  1.3918651E-07
  725.  8.82970252E-05  1.3631296E-07
  730.  8.59307349E-05  1.34122076E-07
  735.  8.313014E-05  1.31292969E-07
  740.  8.07472135E-05  1.2908116E-07
  745.  7.85796249E-05  1.27024999E-07
  750.  7.60373014E-05  1.24341141E-07
  755.  7.38067046E-05  1.21941798E-07
  760.  7.15854303E-05  1.19640928E-07
  765.  6.97527189E-05  1.17880841E-07
  770.  6.76904119E-05  1.15593876E-07
  775.  6.57906067E-05  1.13500209E-07
  780.  6.37828921E-05  1.11608721E-07
  785.  6.22050949E-05  1.10488069E-07
  790.  6.02589911E-05  1.07601935E-07
  795.  5.86565877E-05  1.05730875E-07
  800.  5.67810336E-05  1.03508183E-07
  805.  5.54697898E-05  1.02150956E-07
  810.  5.38416064E-05  1.00190483E-07
  815.  5.25877465E-05  9.87663553E-08
  820.  5.09816119E-05  9.67903092E-08
  825.  4.96639232E-05  9.52750895E-08
  830.  4.81168518E-05  9.33116286E-08
  835.  4.70100165E-05  9.21290361E-08
  840.  4.55931652E-05  9.03398292E-08
  845.  4.44188735E-05  8.88044596E-08
  850.  4.35630648E-05  8.77978694E-08
  855.  4.22978779E-05  8.62549551E-08
  860.  4.12926366E-05  8.48886117E-08
  865.  3.99618099E-05  8.32142361E-08
  870.  3.89902184E-05  8.18462152E-08
  875.  3.79042127E-05  8.04431299E-08
  880.  3.70612528E-05  7.9318199E-08
  885.  3.61495225E-05  7.82390118E-08
  890.  3.52717514E-05  7.69711013E-08
  895.  3.43117899E-05  7.55769659E-08
  900.  3.33544353E-05  7.42010541E-08
  905.  3.25838463E-05  7.31523727E-08
  910.  3.16153591E-05  7.16828586E-08
  915.  3.07709298E-05  7.04404359E-08
  920.  3.01514918E-05  6.96154576E-08
  925.  2.93685479E-05  6.84507408E-08
  930.  2.86172591E-05  6.73060961E-08
  935.  2.80153177E-05  6.64259038E-08
  940.  2.72679299E-05  6.54249603E-08
  945.  2.6653717E-05  6.4454222E-08
