  50.  1.86198952E-05  4.85454067E-08
  63.  3.98855573E-05  7.12110747E-08
  76.  6.5180282E-05  9.20634419E-08
  89.  9.3640094E-05  1.11437246E-07
  102.  0.000125308868  1.302145E-07
  115.  0.000159151881  1.47791619E-07
  128.  0.00019637601  1.64995146E-07
  141.  0.000236698863  1.81642618E-07
  154.  0.000281202563  1.97766621E-07
  167.  0.000330922875  2.13606616E-07
  180.  0.000388418784  2.28957894E-07
  193.  0.000460465315  2.44896932E-07
  206.  0.0005685463  2.63894677E-07
  219.  0.000802884196  2.95042162E-07
  232.  0.000738679304  2.73363548E-07
  245.  0.000590886072  2.38471865E-07
  258.  0.000477281116  2.09119948E-07
  271.  0.000388205861  1.84045705E-07
  284.  0.000318413414  1.62809784E-07
  297.  0.000263143343  1.44484751E-07
  310.  0.000218813274  1.28743861E-07
  323.  0.000182893453  1.15024357E-07
  336.  0.000153871  1.03111501E-07
  349.  0.000130138522  9.27434021E-08
  362.  0.000110548806  8.36036707E-08
  375.  9.41580285E-05  7.54812046E-08
  388.  8.07073983E-05  6.84122561E-08
  401.  6.95261077E-05  6.2207717E-08
  414.  5.99455232E-05  5.66195635E-08
  427.  5.1911538E-05  5.1522985E-08
  440.  4.51486599E-05  4.71147992E-08
  453.  3.92641142E-05  4.30822158E-08
  466.  3.44121888E-05  3.95521702E-08
  479.  3.01256232E-05  3.63534359E-08
  492.  2.64880761E-05  3.33142726E-08
  505.  2.33557194E-05  3.08831847E-08
  518.  2.05955955E-05  2.82747604E-08
  531.  1.82316622E-05  2.6073653E-08
  544.  1.61592653E-05  2.42016738E-08
  557.  1.4382275E-05  2.23295388E-08
  570.  1.27990346E-05  2.07050019E-08
  583.  1.14124971E-05  1.92254206E-08
  596.  1.01916607E-05  1.77964571E-08
  609.  9.14350988E-06  1.65626738E-08
  622.  8.1962952E-06  1.53897048E-08
  635.  7.35255938E-06  1.4408639E-08
  648.  6.623201E-06  1.33442054E-08
  661.  5.96330713E-06  1.2470721E-08
  674.  5.38771175E-06  1.16465935E-08
  687.  4.8620481E-06  1.08667769E-08
  700.  4.40104427E-06  1.02247447E-08
  713.  3.97588763E-06  9.49159918E-09
  726.  3.59532106E-06  8.85212206E-09
  739.  3.2722139E-06  8.31543633E-09
  752.  2.98165843E-06  7.79522409E-09
  765.  2.71590703E-06  7.41461895E-09
  778.  2.47537399E-06  6.87908517E-09
  791.  2.25733656E-06  6.60711023E-09
  804.  2.05586942E-06  6.08732225E-09
  817.  1.8905797E-06  7.95410391E-09
  830.  1.72013607E-06  5.45000449E-09
  843.  1.56613619E-06  5.03527547E-09
  856.  1.4421125E-06  4.73430308E-09
  869.  1.32305927E-06  4.48352472E-09
  882.  1.21355688E-06  4.21204943E-09
  895.  1.11457402E-06  3.97962614E-09
  908.  1.02790726E-06  3.80513315E-09
  921.  9.47288015E-07  3.52392907E-09
  934.  8.68377581E-07  3.36362988E-09
  947.  8.05478302E-07  3.15139232E-09
  960.  7.36123631E-07  2.95541004E-09
  973.  6.76134989E-07  2.79209534E-09
  986.  6.31055317E-07  2.6631569E-09
  999.  5.7886391E-07  2.49577275E-09
  1012.  5.33619294E-07  2.35914122E-09
  1025.  4.97580574E-07  2.24167143E-09
  1038.  4.6064053E-07  2.12201491E-09
  1051.  4.25141255E-07  1.99793235E-09
  1064.  3.91531352E-07  1.88282746E-09
  1077.  3.63989289E-07  1.79021698E-09
  1090.  3.36106125E-07  1.69052941E-09
  1103.  3.17363682E-07  1.65169203E-09
  1116.  2.93062296E-07  1.54262651E-09
  1129.  2.68908665E-07  1.44297901E-09
  1142.  2.50975928E-07  1.36971704E-09
  1155.  2.35513315E-07  1.31445948E-09
  1168.  2.18057898E-07  1.24034693E-09
  1181.  2.02986997E-07  1.17402046E-09
  1194.  1.86375375E-07  1.11148283E-09
  1207.  1.75479308E-07  1.05534988E-09
  1220.  1.63219126E-07  1.00053145E-09
  1233.  1.53123343E-07  9.57339862E-10
  1246.  1.42416344E-07  9.08075876E-10
  1259.  1.32702136E-07  8.61337233E-10
  1272.  1.25056864E-07  9.83920763E-10
  1285.  1.14785966E-07  7.77977632E-10
  1298.  1.08230952E-07  7.42726997E-10
  1311.  1.00197234E-07  7.02796861E-10
  1324.  9.38789636E-08  9.40537848E-10
  1337.  8.72381752E-08  6.36005984E-10
  1350.  8.14289523E-08  6.56501586E-10
  1363.  7.6253956E-08  5.73570257E-10
  1376.  7.11929272E-08  5.45298432E-10
  1389.  6.71227572E-08  5.20453954E-10
  1402.  6.33873547E-08  4.98784364E-10
  1415.  5.83269784E-08  4.68241436E-10
  1428.  5.54830233E-08  4.51199814E-10
  1441.  5.20308145E-08  4.28726626E-10
  1454.  4.85637778E-08  4.09318404E-10
  1467.  4.57741523E-08  3.89596938E-10
  1480.  4.30162695E-08  3.72081633E-10
  1493.  3.95253137E-08  3.50601901E-10
  1506.  3.70903968E-08  3.3249958E-10
  1519.  3.5532373E-08  3.22084649E-10
  1532.  3.27488078E-08  3.05144353E-10
  1545.  3.1409014E-08  2.92960957E-10
  1558.  2.92153056E-08  2.77769294E-10
  1571.  2.70890423E-08  2.63877112E-10
  1584.  2.54059751E-08  2.50140808E-10
  1597.  2.39063768E-08  2.39367192E-10
  1610.  2.26605339E-08  2.30235323E-10
  1623.  2.12128158E-08  2.19120091E-10
  1636.  1.9969501E-08  2.08898151E-10
  1649.  1.86087033E-08  1.99550792E-10
  1662.  1.82587842E-08  1.94637155E-10
  1675.  1.68695048E-08  1.83647573E-10
  1688.  1.50973588E-08  1.69608473E-10
  1701.  1.47108025E-08  1.6587271E-10
  1714.  1.39362352E-08  1.58109912E-10
  1727.  1.30865029E-08  1.50796426E-10
  1740.  1.21140707E-08  1.51676946E-10
  1753.  1.15421941E-08  1.37903171E-10
  1766.  1.0827717E-08  1.30037981E-10
  1779.  1.03425579E-08  1.26797847E-10
  1792.  9.6293518E-09  1.19947795E-10
  1805.  9.08709461E-09  1.1408055E-10
  1818.  8.57628213E-09  1.09055578E-10
  1831.  7.97561352E-09  1.05685866E-10
  1844.  7.72395642E-09  1.00235196E-10
  1857.  7.30736427E-09  9.63229926E-11
  1870.  6.8802992E-09  9.24002995E-11
  1883.  6.40475266E-09  8.62409625E-11
  1896.  6.0670245E-09  8.34264781E-11
  1909.  5.63495791E-09  7.8115349E-11
  1922.  5.29377977E-09  7.46503521E-11
  1935.  5.1003792E-09  7.27166848E-11
  1948.  4.78240702E-09  6.90439658E-11
  1961.  4.52499085E-09  6.60005228E-11
  1974.  4.32223864E-09  6.37768409E-11
  1987.  4.03526035E-09  6.07156145E-11
