  500.  0.000292923513  2.26577404E-07
  510.  0.000270337519  2.15862407E-07
  520.  0.000250051276  2.05860882E-07
  530.  0.00023132963  1.96548083E-07
  540.  0.00021439065  1.87706142E-07
  550.  0.000198931737  1.79408973E-07
  560.  0.000184510673  1.71387064E-07
  570.  0.000171665499  1.64015565E-07
  580.  0.000159649708  1.56954271E-07
  590.  0.000149159761  1.50604174E-07
  600.  0.000138943543  1.44151922E-07
  610.  0.000129639003  1.38213528E-07
  620.  0.000121077717  1.32546147E-07
  630.  0.000113381069  1.27335685E-07
  640.  0.000106023581  1.22104088E-07
  650.  9.9339301E-05  1.17327778E-07
  660.  9.30929E-05  1.1273953E-07
  670.  8.72021284E-05  1.08179545E-07
  680.  8.19975819E-05  1.04164695E-07
  690.  7.73639746E-05  1.00539254E-07
  700.  7.24847295E-05  9.65316828E-08
  710.  6.84310348E-05  9.3170617E-08
  720.  6.43938165E-05  8.96759933E-08
  730.  6.07410814E-05  8.64773707E-08
  740.  5.73732779E-05  8.35346618E-08
  750.  5.4005294E-05  8.03653391E-08
  760.  5.08887861E-05  7.7404398E-08
  770.  4.8138399E-05  7.47448317E-08
  780.  4.56446079E-05  7.23366531E-08
  790.  4.31131805E-05  6.97434998E-08
  800.  4.07866023E-05  6.73399013E-08
  810.  3.86121928E-05  6.50348168E-08
  820.  3.66232391E-05  6.29168403E-08
  830.  3.46858662E-05  6.07781426E-08
  840.  3.28695865E-05  5.87718645E-08
  850.  3.13163022E-05  5.69841827E-08
  860.  2.97365225E-05  5.51838369E-08
  870.  2.81132725E-05  5.32491217E-08
  880.  2.68606196E-05  5.17591461E-08
  890.  2.55942847E-05  5.0199445E-08
  900.  2.42005863E-05  4.83984458E-08
  910.  2.29470898E-05  4.67475401E-08
  920.  2.18558594E-05  4.53244429E-08
  930.  2.08733407E-05  4.40415674E-08
  940.  1.99696736E-05  4.28269037E-08
  950.  1.89353683E-05  4.1363125E-08
  960.  1.8100053E-05  4.02238721E-08
  970.  1.72559801E-05  3.89665589E-08
  980.  1.64614627E-05  3.77589061E-08
  990.  1.573311E-05  3.67270834E-08
  1000.  1.49298055E-05  3.54642429E-08
  1010.  1.42495038E-05  3.43770535E-08
  1020.  1.37048352E-05  3.35718519E-08
  1030.  1.30779413E-05  3.25649025E-08
  1040.  1.24774481E-05  3.15676401E-08
  1050.  1.19086365E-05  3.06413305E-08
  1060.  1.14357096E-05  2.98704545E-08
  1070.  1.09635476E-05  2.90748718E-08
  1080.  1.05111196E-05  2.82520784E-08
  1090.  9.97650825E-06  2.72663045E-08
  1100.  9.59089471E-06  2.65912549E-08
  1110.  9.23859984E-06  2.59686173E-08
  1120.  8.76819604E-06  2.51148026E-08
  1130.  8.43810755E-06  2.4823627E-08
  1140.  8.06177056E-06  2.37935031E-08
  1150.  7.75690527E-06  2.3125056E-08
  1160.  7.40507279E-06  2.24662255E-08
  1170.  7.18968595E-06  2.19966059E-08
  1180.  6.89873241E-06  2.14555898E-08
  1190.  6.57793864E-06  2.07585316E-08
  1200.  6.30018043E-06  2.01973642E-08
  1210.  6.04097002E-06  1.96536322E-08
  1220.  5.79387277E-06  1.91257169E-08
  1230.  5.60047153E-06  1.86574235E-08
  1240.  5.4247277E-06  1.82735897E-08
  1250.  5.18897622E-06  1.7759087E-08
  1260.  4.98056816E-06  1.72697797E-08
  1270.  4.82339143E-06  1.6905417E-08
  1280.  4.64154471E-06  1.65068424E-08
  1290.  4.42443022E-06  1.59905039E-08
  1300.  4.27264694E-06  1.56071406E-08
  1310.  4.11194623E-06  1.53106847E-08
  1320.  3.97294469E-06  1.48770372E-08
  1330.  3.81359805E-06  1.44750604E-08
  1340.  3.6737845E-06  1.41052802E-08
  1350.  3.52564149E-06  1.37100856E-08
  1360.  3.40765096E-06  1.34066759E-08
  1370.  3.30441891E-06  1.31229058E-08
  1380.  3.16155454E-06  1.27726095E-08
  1390.  3.04480237E-06  1.24586555E-08
  1400.  2.94041653E-06  1.21223579E-08
  1410.  2.82672496E-06  1.18090628E-08
  1420.  2.72142902E-06  1.15327915E-08
  1430.  2.63220275E-06  1.12884141E-08
  1440.  2.5445164E-06  1.10168198E-08
  1450.  2.45234519E-06  1.07528956E-08
  1460.  2.38773693E-06  1.05283913E-08
  1470.  2.27173437E-06  1.01985351E-08
  1480.  2.20036819E-06  1.00003257E-08
  1490.  2.16052471E-06  9.87311553E-09
  1500.  2.07212636E-06  9.60307635E-09
  1510.  1.99368847E-06  9.33566783E-09
  1520.  1.92977238E-06  9.14482808E-09
  1530.  1.86439755E-06  8.9488406E-09
  1540.  1.79445718E-06  8.6888131E-09
  1550.  1.72736322E-06  8.46548263E-09
  1560.  1.67669927E-06  8.30808454E-09
  1570.  1.62219452E-06  8.12413171E-09
  1580.  1.56548866E-06  7.89794408E-09
  1590.  1.50859511E-06  7.72862481E-09
  1600.  1.45508691E-06  7.53739335E-09
  1610.  1.41071401E-06  7.35067093E-09
  1620.  1.3785644E-06  7.2547478E-09
  1630.  1.32864027E-06  7.05969685E-09
  1640.  1.27708823E-06  6.87946687E-09
  1650.  1.25186553E-06  6.78879597E-09
  1660.  1.21036274E-06  6.63957682E-09
  1670.  1.16807894E-06  6.45849405E-09
  1680.  1.12684006E-06  6.32241699E-09
  1690.  1.0945404E-06  6.17906602E-09
  1700.  1.06269409E-06  6.05041195E-09
  1710.  1.02648015E-06  5.92093542E-09
  1720.  9.9091932E-07  5.76564974E-09
  1730.  9.55186012E-07  5.63664852E-09
  1740.  9.27539393E-07  5.52081119E-09
  1750.  8.94421316E-07  5.3926027E-09
  1760.  8.68027263E-07  5.28013899E-09
  1770.  8.41054223E-07  5.15845645E-09
  1780.  8.29635785E-07  5.10094995E-09
  1790.  7.9987336E-07  4.97575659E-09
  1800.  7.7034444E-07  4.85838129E-09
  1810.  7.53230945E-07  4.77511004E-09
  1820.  7.2433849E-07  4.62799418E-09
  1830.  7.02515057E-07  4.53875983E-09
  1840.  6.83645238E-07  4.4653658E-09
  1850.  6.63466836E-07  4.36785084E-09
  1860.  6.42628134E-07  4.27552713E-09
  1870.  6.16269165E-07  4.16090056E-09
  1880.  6.08443118E-07  4.09667862E-09
  1890.  5.86996245E-07  4.01068706E-09
  1900.  5.65864542E-07  3.89295541E-09
  1910.  5.56205383E-07  3.85387535E-09
  1920.  5.33244163E-07  3.74209696E-09
  1930.  5.22217456E-07  3.68453522E-09
  1940.  5.04831255E-07  3.60818764E-09
  1950.  4.91224609E-07  3.5165412E-09
  1960.  4.764319E-07  3.46157726E-09
  1970.  4.66596369E-07  3.3997543E-09
  1980.  4.499217E-07  3.32522822E-09
  1990.  4.32352326E-07  3.22810222E-09
