  50.  1.89157831E-05  4.95741546E-08
  63.  4.02624241E-05  7.18495051E-08
  76.  6.54932064E-05  9.24237794E-08
  89.  9.38551024E-05  1.1175991E-07
  102.  0.000125611996  1.30539784E-07
  115.  0.000159421659  1.47953565E-07
  128.  0.000196363137  1.64987077E-07
  141.  0.000237018606  1.81798643E-07
  154.  0.00028108053  1.97647039E-07
  167.  0.000330624069  2.13409576E-07
  180.  0.000388592286  2.28970054E-07
  193.  0.000460272454  2.44816688E-07
  206.  0.0005686833  2.63853638E-07
  219.  0.000802393753  2.94845892E-07
  232.  0.00073832575  2.73239543E-07
  245.  0.00059082092  2.38430322E-07
  258.  0.000477137001  2.09077278E-07
  271.  0.000388018899  1.83948017E-07
  284.  0.000318358128  1.62760578E-07
  297.  0.000263092116  1.44447371E-07
  310.  0.000218629608  1.28654824E-07
  323.  0.000182838658  1.15002373E-07
  336.  0.000153786178  1.03040767E-07
  349.  0.000130038679  9.26758174E-08
  362.  0.000110443129  8.3521733E-08
  375.  9.42039911E-05  7.55247864E-08
  388.  8.07085792E-05  6.8405767E-08
  401.  6.93539048E-05  6.20467842E-08
  414.  5.99425777E-05  5.65410848E-08
  427.  5.19355534E-05  5.15586615E-08
  440.  4.5122824E-05  4.70764228E-08
  453.  3.92788004E-05  4.31009354E-08
  466.  3.43808531E-05  3.96140206E-08
  479.  3.0125793E-05  3.62386928E-08
  492.  2.64823393E-05  3.330402E-08
  505.  2.33529872E-05  3.08938479E-08
  518.  2.05774549E-05  2.82412387E-08
  531.  1.8226249E-05  2.61103227E-08
  544.  1.61696457E-05  2.41801395E-08
  557.  1.43956492E-05  2.24505872E-08
  570.  1.27760605E-05  2.06495956E-08
  583.  1.14070953E-05  1.94246174E-08
  596.  1.0204452E-05  1.78226026E-08
  609.  9.14281488E-06  1.65794777E-08
  622.  8.19559163E-06  1.54001018E-08
  635.  7.34299119E-06  1.43030394E-08
  648.  6.63345544E-06  1.34119452E-08
  661.  5.96192301E-06  1.24462415E-08
  674.  5.37172566E-06  1.15981413E-08
  687.  4.8573018E-06  1.08524027E-08
  700.  4.40213851E-06  1.01647446E-08
  713.  3.96746109E-06  9.46695493E-09
  726.  3.60788098E-06  8.87467436E-09
  739.  3.26477246E-06  8.30202112E-09
  752.  2.98462669E-06  7.825022E-09
  765.  2.71254342E-06  7.30808895E-09
  778.  2.47415304E-06  6.85311841E-09
  791.  2.25470686E-06  6.47314687E-09
  804.  2.06223535E-06  6.04983258E-09
  817.  1.87629409E-06  5.66217065E-09
  830.  1.71998667E-06  5.57841858E-09
  843.  1.56912637E-06  5.01499563E-09
  856.  1.44422748E-06  4.72540445E-09
  869.  1.31859921E-06  4.44417902E-09
  882.  1.21139832E-06  4.20672318E-09
  895.  1.11429454E-06  3.95680402E-09
  908.  1.02988169E-06  3.73612642E-09
  921.  9.40710847E-07  3.59450526E-09
  934.  8.70619679E-07  3.32712786E-09
  947.  8.04724351E-07  3.14551641E-09
  960.  7.38612864E-07  2.96109264E-09
  973.  6.75287612E-07  2.79079914E-09
  986.  6.29266692E-07  2.64863648E-09
  999.  5.79805675E-07  2.4983252E-09
  1012.  5.34980388E-07  2.36423839E-09
  1025.  4.97830188E-07  2.24089702E-09
  1038.  4.58797846E-07  2.1245212E-09
  1051.  4.27107938E-07  2.00739708E-09
  1064.  3.93881141E-07  1.90018776E-09
  1077.  3.63224529E-07  1.83495418E-09
  1090.  3.40430663E-07  1.73051617E-09
  1103.  3.13932548E-07  1.60951484E-09
  1116.  2.91247694E-07  1.52644664E-09
  1129.  2.70365793E-07  1.44508528E-09
  1142.  2.52337979E-07  1.37949557E-09
  1155.  2.33950788E-07  1.30953505E-09
  1168.  2.18726619E-07  1.23922887E-09
  1181.  2.01182378E-07  1.18527978E-09
  1194.  1.88694027E-07  1.11522495E-09
  1207.  1.75205452E-07  1.05571326E-09
  1220.  1.63763404E-07  1.00313066E-09
  1233.  1.53444048E-07  9.55726381E-10
  1246.  1.42869058E-07  9.10877302E-10
  1259.  1.3247668E-07  8.60944504E-10
  1272.  1.24545586E-07  8.24662633E-10
  1285.  1.14209217E-07  7.71257927E-10
  1298.  1.07798241E-07  7.43647171E-10
  1311.  1.01255113E-07  7.08573301E-10
  1324.  9.26341757E-08  6.69798531E-10
  1337.  8.67871851E-08  6.31845839E-10
  1350.  8.1331203E-08  5.98968384E-10
  1363.  7.7070464E-08  5.79474983E-10
  1376.  7.10375929E-08  5.43742754E-10
  1389.  6.631682E-08  5.1708216E-10
  1402.  6.39819509E-08  5.02175415E-10
  1415.  5.85736508E-08  4.6925137E-10
  1428.  5.50839088E-08  4.47973759E-10
  1441.  5.12361207E-08  4.25645649E-10
  1454.  4.86462597E-08  4.08766637E-10
  1467.  4.56975206E-08  3.89664909E-10
  1480.  4.26665788E-08  3.71090632E-10
  1493.  4.03791576E-08  3.5499881E-10
  1506.  3.73697511E-08  3.44321488E-10
  1519.  3.51353729E-08  3.37004125E-10
  1532.  3.32245524E-08  3.07530253E-10
  1545.  3.09683226E-08  2.90799895E-10
  1558.  2.89946034E-08  2.76533525E-10
  1571.  2.71666886E-08  2.64851396E-10
  1584.  2.54207045E-08  2.5027738E-10
  1597.  2.40196162E-08  2.39932787E-10
  1610.  2.27332418E-08  2.29491013E-10
  1623.  2.09881741E-08  2.17785756E-10
  1636.  2.03953949E-08  2.13263836E-10
  1649.  1.8682377E-08  1.99443577E-10
  1662.  1.79517388E-08  1.91671239E-10
  1675.  1.65350825E-08  1.81683627E-10
  1688.  1.56788271E-08  1.74064199E-10
  1701.  1.45341679E-08  1.64331944E-10
  1714.  1.40004372E-08  1.58657017E-10
  1727.  1.29387308E-08  1.50059773E-10
  1740.  1.21749762E-08  1.42930488E-10
  1753.  1.15697483E-08  1.37255982E-10
  1766.  1.0869138E-08  1.30664347E-10
  1779.  1.02983185E-08  1.25439911E-10
  1792.  9.53601183E-09  1.1894039E-10
  1805.  9.03039751E-09  1.13538472E-10
  1818.  8.65439574E-09  1.09493481E-10
  1831.  8.07707988E-09  1.04309806E-10
  1844.  7.63953066E-09  9.95535112E-11
  1857.  7.20900347E-09  9.52587693E-11
  1870.  6.8550261E-09  9.10726059E-11
  1883.  6.3941744E-09  8.74582106E-11
  1896.  5.96723158E-09  8.2012224E-11
  1909.  5.68724386E-09  7.90248174E-11
  1922.  5.29718591E-09  7.43106848E-11
  1935.  5.04543952E-09  7.23440561E-11
  1948.  4.76232836E-09  6.88079256E-11
  1961.  4.59228511E-09  6.652915E-11
  1974.  4.29327645E-09  6.37313678E-11
  1987.  3.96896185E-09  6.01959495E-11
