  200.  0.0199193632  3.09558577E-05
  205.  0.0178740671  2.91136062E-05
  210.  0.0161028339  2.74646742E-05
  215.  0.0145675373  2.59112869E-05
  220.  0.0132314462  2.45718952E-05
  225.  0.0120126721  2.3215226E-05
  230.  0.0109619159  2.20222755E-05
  235.  0.00997754048  2.08476005E-05
  240.  0.00914527364  1.98616004E-05
  245.  0.00839276961  1.89267004E-05
  250.  0.00770993061  1.80203898E-05
  255.  0.00707007234  1.71294441E-05
  260.  0.00656664331  1.64903754E-05
  265.  0.00602890005  1.56525609E-05
  270.  0.00560781902  1.50402788E-05
  275.  0.00517738837  1.43805358E-05
  280.  0.00480146828  1.37629899E-05
  285.  0.00444754666  1.3142057E-05
  290.  0.0041640703  1.26823568E-05
  295.  0.00388808821  1.22020458E-05
  300.  0.00361394946  1.16619125E-05
  305.  0.00338084505  1.1245988E-05
  310.  0.00314532432  1.08136444E-05
  315.  0.00293736361  1.03499342E-05
  320.  0.00276340617  1.00178164E-05
  325.  0.00259909002  9.67775112E-06
  330.  0.00243639371  9.32670662E-06
  335.  0.00227566724  8.9812895E-06
  340.  0.00214521841  8.67980394E-06
  345.  0.00201391359  8.36115344E-06
  350.  0.0019182316  8.13466648E-06
  355.  0.0017999553  7.83431948E-06
  360.  0.00170185818  7.71486818E-06
  365.  0.00160612856  7.35886699E-06
  370.  0.00151847779  7.12192639E-06
  375.  0.0014411127  6.88716146E-06
  380.  0.00136081542  6.64288025E-06
  385.  0.00128899944  6.4404707E-06
  390.  0.00121943652  6.22954232E-06
  395.  0.00115780966  6.080085E-06
  400.  0.00110541858  5.88510775E-06
  405.  0.0010400543  5.67959118E-06
  410.  0.00097886321  5.48752916E-06
  415.  0.000939790178  5.34677145E-06
  420.  0.000905859137  5.26219994E-06
  425.  0.000854004703  5.06472324E-06
  430.  0.000817408147  5.14383829E-06
  435.  0.000774246051  4.79229407E-06
  440.  0.000742592359  4.6683843E-06
  445.  0.000710546688  4.57198567E-06
  450.  0.000675141536  4.41465258E-06
  455.  0.000648868617  4.30902388E-06
  460.  0.000614332234  4.18628719E-06
  465.  0.000591391815  4.09076629E-06
  470.  0.000570477143  3.9922856E-06
  475.  0.000534263101  3.81461034E-06
  480.  0.000518073081  3.78304147E-06
  485.  0.000497990773  3.68042069E-06
  490.  0.000477090115  3.59439751E-06
  495.  0.000452210662  3.44941E-06
  500.  0.000437784721  3.42669935E-06
  505.  0.000413329038  3.30343951E-06
  510.  0.000402104403  3.24165033E-06
  515.  0.000386629457  3.18219567E-06
  520.  0.000371969192  3.09136559E-06
  525.  0.000352739587  3.01284285E-06
  530.  0.00033682272  2.91313691E-06
  535.  0.000323820899  2.86741381E-06
  540.  0.00031581343  2.82839392E-06
  545.  0.00030475376  2.76754377E-06
  550.  0.000293988064  2.70028377E-06
  555.  0.000283795813  2.65947053E-06
  560.  0.000269800794  2.57021481E-06
  565.  0.000259977376  2.51230304E-06
  570.  0.000252493316  2.47003862E-06
  575.  0.000242945673  2.4139289E-06
  580.  0.000233657488  2.33817059E-06
  585.  0.000225051644  2.29388377E-06
  590.  0.000213935265  2.1947819E-06
  595.  0.000211213434  2.21695021E-06
  600.  0.000199343509  2.11916156E-06
  605.  0.00019069764  2.07318764E-06
  610.  0.000187272029  2.07328548E-06
  615.  0.000178916185  1.9947883E-06
  620.  0.000176857718  1.98350324E-06
  625.  0.000167521693  1.93403359E-06
  630.  0.000160874644  1.8659215E-06
  635.  0.000161445028  1.89403798E-06
  640.  0.000151418351  1.82335949E-06
  645.  0.000149300668  1.80315364E-06
  650.  0.00014266447  1.74479828E-06
  655.  0.000138520111  1.7123222E-06
  660.  0.00013570174  1.70010552E-06
  665.  0.0001267218  1.61067435E-06
  670.  0.000123947  1.58586705E-06
  675.  0.000122648877  1.60537745E-06
  680.  0.0001170946  1.5564413E-06
  685.  0.000115452512  1.54840376E-06
  690.  0.00010917874  1.4886151E-06
  695.  0.000108292615  1.49283452E-06
  700.  0.000103493003  1.43108728E-06
  705.  0.000100170565  1.41279471E-06
  710.  9.57140826E-05  1.35800363E-06
  715.  9.44915547E-05  1.36547599E-06
  720.  9.13019593E-05  1.32271558E-06
  725.  8.92539016E-05  1.31424166E-06
  730.  8.55256422E-05  1.28043869E-06
  735.  8.30429676E-05  1.26151462E-06
  740.  8.21181214E-05  1.24838659E-06
  745.  8.20159872E-05  1.25440775E-06
  750.  7.64641745E-05  1.19818113E-06
  755.  7.3417772E-05  1.17469712E-06
  760.  7.03301819E-05  1.12977377E-06
  765.  6.79248769E-05  1.10459561E-06
  770.  6.59566901E-05  1.07563501E-06
  775.  6.55356385E-05  1.08923916E-06
  780.  6.43206095E-05  1.0745294E-06
  785.  6.19096052E-05  1.05334442E-06
  790.  5.96929126E-05  1.01541924E-06
  795.  5.85213223E-05  1.01382171E-06
  800.  5.6060083E-05  9.9042453E-07
  805.  5.63785131E-05  9.9090281E-07
  810.  5.29770717E-05  9.50369562E-07
  815.  5.14470697E-05  9.3122499E-07
  820.  5.11482696E-05  9.33937799E-07
  825.  4.9314867E-05  9.19670641E-07
  830.  4.82677441E-05  9.06536419E-07
  835.  4.71627155E-05  8.81809443E-07
  840.  4.66024813E-05  8.73008024E-07
  845.  4.39267466E-05  8.36913911E-07
  850.  4.27985095E-05  8.37871761E-07
  855.  4.31135546E-05  8.37668378E-07
  860.  4.12977857E-05  8.14966533E-07
  865.  4.00844917E-05  8.06017138E-07
  870.  3.88638069E-05  7.82708622E-07
  875.  3.83857816E-05  7.78266518E-07
  880.  3.63665606E-05  7.51709926E-07
  885.  3.6405766E-05  7.52653191E-07
  890.  3.50084123E-05  7.29497498E-07
  895.  3.4272864E-05  7.26846455E-07
  900.  3.42338257E-05  7.30850371E-07
  905.  3.24932025E-05  7.06466831E-07
  910.  3.19951239E-05  7.0176619E-07
  915.  3.15864713E-05  6.87559388E-07
  920.  2.92723088E-05  6.57806206E-07
  925.  2.86563864E-05  6.44172424E-07
  930.  2.77487441E-05  6.41574706E-07
  935.  2.83965197E-05  6.43837966E-07
  940.  2.5694337E-05  6.07653854E-07
  945.  2.60478105E-05  6.04867648E-07
