  500.  0.000477731914  2.56189076E-06
  510.  0.000442664645  2.44270172E-06
  520.  0.000407744275  2.32361818E-06
  530.  0.000372764825  2.21241185E-06
  540.  0.000349154176  2.12762687E-06
  550.  0.000325466075  2.04286885E-06
  560.  0.000300470374  1.94585811E-06
  570.  0.000280496169  1.86991386E-06
  580.  0.000259911208  1.7757422E-06
  590.  0.000240848921  1.69046573E-06
  600.  0.000221819541  1.60698261E-06
  610.  0.000207546361  1.55310843E-06
  620.  0.000195480396  1.5006226E-06
  630.  0.000182751253  1.4420402E-06
  640.  0.000171468927  1.393579E-06
  650.  0.000160459678  1.32637745E-06
  660.  0.000149574221  1.27163837E-06
  670.  0.000140467955  1.22573486E-06
  680.  0.00013250578  1.18868482E-06
  690.  0.000124101895  1.14143656E-06
  700.  0.000116084926  1.08794092E-06
  710.  0.000108889482  1.04521761E-06
  720.  0.000102675453  1.00671664E-06
  730.  9.67045092E-05  9.78787503E-07
  740.  9.35656932E-05  9.55912577E-07
  750.  8.57289872E-05  9.08540158E-07
  760.  8.01066818E-05  8.65242578E-07
  770.  7.58916788E-05  8.39060198E-07
  780.  7.28592934E-05  8.2210354E-07
  790.  6.82654984E-05  7.8556336E-07
  800.  6.48387227E-05  7.59642049E-07
  810.  6.03271155E-05  7.25649855E-07
  820.  5.78867636E-05  7.11925906E-07
  830.  5.47517816E-05  6.85937877E-07
  840.  5.20786511E-05  6.58290953E-07
  850.  4.98912197E-05  6.47516705E-07
  860.  4.71102854E-05  6.25899392E-07
  870.  4.42575772E-05  5.98792859E-07
  880.  4.21206026E-05  5.81142129E-07
  890.  3.98536997E-05  5.59016151E-07
  900.  3.85574471E-05  5.54279634E-07
  910.  3.66416318E-05  5.34268314E-07
  920.  3.34773335E-05  4.99646581E-07
  930.  3.26526502E-05  4.96527338E-07
  940.  3.01188136E-05  4.70020397E-07
  950.  3.04400005E-05  4.71835031E-07
  960.  2.85283488E-05  4.53810774E-07
  970.  2.6840289E-05  4.35593349E-07
  980.  2.56082638E-05  4.20780046E-07
  990.  2.39864001E-05  4.07839274E-07
  1000.  2.35448479E-05  4.01375433E-07
  1010.  2.21957314E-05  3.87901752E-07
  1020.  2.08998299E-05  3.70775292E-07
  1030.  2.0408944E-05  3.69385947E-07
  1040.  2.0026442E-05  3.62704475E-07
  1050.  1.81834732E-05  3.40745798E-07
  1060.  1.81965444E-05  3.44256458E-07
  1070.  1.72164256E-05  3.3230739E-07
  1080.  1.60055158E-05  3.13135105E-07
  1090.  1.5607332E-05  3.07111416E-07
  1100.  1.43784441E-05  2.89560258E-07
  1110.  1.44193788E-05  2.94503947E-07
  1120.  1.40730527E-05  2.88402885E-07
  1130.  1.28534293E-05  2.74090991E-07
  1140.  1.26221318E-05  2.72473958E-07
  1150.  1.21455443E-05  2.62433494E-07
  1160.  1.14733947E-05  2.52494557E-07
  1170.  1.08410176E-05  2.48527991E-07
  1180.  1.03944615E-05  2.34644508E-07
  1190.  1.01788568E-05  2.35512161E-07
  1200.  1.01998761E-05  2.3576039E-07
  1210.  9.28712501E-06  2.21830625E-07
  1220.  8.9044034E-06  2.13940634E-07
  1230.  8.66076014E-06  2.1160677E-07
  1240.  8.38995466E-06  2.10011792E-07
  1250.  7.76685171E-06  1.97420334E-07
  1260.  7.76575159E-06  1.96095274E-07
  1270.  7.24304346E-06  1.8885274E-07
  1280.  7.27729682E-06  1.88111996E-07
  1290.  7.03270389E-06  1.83043659E-07
  1300.  6.65014678E-06  1.78281623E-07
  1310.  6.43664225E-06  1.76600251E-07
  1320.  5.95584768E-06  1.65531048E-07
  1330.  5.70990927E-06  1.59699435E-07
  1340.  5.3038676E-06  1.51925534E-07
  1350.  5.61830876E-06  1.6115422E-07
  1360.  5.27851611E-06  1.54684987E-07
  1370.  4.97300311E-06  1.44897535E-07
  1380.  4.88517359E-06  1.4566666E-07
  1390.  5.02737112E-06  1.49758172E-07
  1400.  4.48899846E-06  1.37881181E-07
  1410.  4.36219756E-06  1.35974635E-07
  1420.  4.16686717E-06  1.32311896E-07
  1430.  4.04894587E-06  1.27373379E-07
  1440.  3.98335408E-06  1.25545583E-07
  1450.  3.66649649E-06  1.19460728E-07
  1460.  3.59438005E-06  1.17158371E-07
  1470.  3.60501445E-06  1.19707386E-07
  1480.  3.33810104E-06  1.12379852E-07
  1490.  3.41879634E-06  1.14426702E-07
  1500.  3.27492698E-06  1.11037385E-07
  1510.  3.16020003E-06  1.07915966E-07
  1520.  3.04215096E-06  1.0837107E-07
  1530.  2.88091718E-06  1.02424903E-07
  1540.  2.94307694E-06  1.03008492E-07
  1550.  2.64070108E-06  9.73463948E-08
  1560.  2.65184285E-06  9.48127368E-08
  1570.  2.49554376E-06  9.16153135E-08
  1580.  2.51722144E-06  9.29211443E-08
  1590.  2.27540885E-06  8.84086777E-08
  1600.  2.24722266E-06  8.68172908E-08
  1610.  2.13543174E-06  8.31254355E-08
  1620.  2.25306027E-06  8.69505899E-08
  1630.  1.91011961E-06  7.8068688E-08
  1640.  2.00778862E-06  8.10846835E-08
  1650.  1.95690848E-06  7.76164402E-08
  1660.  1.8611642E-06  7.61757733E-08
  1670.  1.84440301E-06  7.37509348E-08
  1680.  1.64052032E-06  7.09627354E-08
  1690.  1.64306629E-06  6.88240149E-08
  1700.  1.5948315E-06  6.725543E-08
  1710.  1.75255342E-06  7.23631045E-08
  1720.  1.57500172E-06  6.78362949E-08
  1730.  1.53758186E-06  6.48437972E-08
  1740.  1.36725636E-06  6.14123968E-08
  1750.  1.4165023E-06  6.37048166E-08
  1760.  1.35421836E-06  6.22996316E-08
  1770.  1.35316243E-06  6.09026778E-08
  1780.  1.26334743E-06  5.82297562E-08
  1790.  1.18856176E-06  5.62351791E-08
  1800.  1.19816602E-06  5.55380881E-08
  1810.  1.14576765E-06  5.38082427E-08
  1820.  1.0939207E-06  5.40579997E-08
  1830.  1.13619058E-06  5.47409884E-08
  1840.  1.00045342E-06  4.93718406E-08
  1850.  1.00087242E-06  5.01572922E-08
  1860.  9.46046686E-07  4.78496743E-08
  1870.  8.88887683E-07  4.5633356E-08
  1880.  8.71387814E-07  4.57145991E-08
  1890.  8.26568069E-07  4.43731957E-08
  1900.  9.62138942E-07  4.84067135E-08
  1910.  8.07859535E-07  4.24467373E-08
  1920.  8.82782937E-07  4.48206315E-08
  1930.  7.29556557E-07  4.19871491E-08
  1940.  8.0465929E-07  4.22515339E-08
  1950.  7.60514713E-07  4.00166117E-08
  1960.  7.55741277E-07  3.94712652E-08
  1970.  6.94544274E-07  3.88353722E-08
  1980.  7.441326E-07  3.99496102E-08
  1990.  6.50774093E-07  3.62796312E-08
