  100.  0.298753085  0.000566375453
  100.266667  0.303783096  0.000570287557
  100.533333  0.308630318  0.000574211925
  100.8  0.312466708  0.000575772782
  101.066667  0.317733015  0.000580045441
  101.333333  0.323572622  0.000583880036
  101.6  0.329910691  0.000589048853
  101.866667  0.336393849  0.000593480481
  102.133333  0.343025591  0.000598243622
  102.4  0.350598131  0.000603424673
  102.666667  0.357379203  0.000607302583
  102.933333  0.365782021  0.000612535566
  103.2  0.376178779  0.000620341202
  103.466667  0.387682206  0.000627733056
  103.733333  0.400545137  0.000636957054
  104.  0.414903827  0.000646112866
  104.266667  0.434172491  0.000658925643
  104.533333  0.457070686  0.000673759301
  104.8  0.501733021  0.000701502361
  105.066667  0.537297233  0.000724738989
  105.333333  0.541075801  0.000725182007
  105.6  0.538073963  0.000722677134
  105.866667  0.532276203  0.000715860774
  106.133333  0.522796083  0.000708561714
  106.4  0.511366528  0.000699589298
  106.666667  0.499877275  0.000691631492
  106.933333  0.486063193  0.000681661558
  107.2  0.475333415  0.000674115194
  107.466667  0.463122543  0.000664453212
  107.733333  0.452059989  0.000655510866
  108.  0.438515462  0.000643793863
  108.266667  0.428862372  0.000636961373
  108.533333  0.417879969  0.000627833938
  108.8  0.407324074  0.000619155212
  109.066667  0.399260137  0.000612650009
  109.333333  0.389898698  0.000605624571
  109.6  0.380794011  0.000598221057
  109.866667  0.372445226  0.000590613201
  110.133333  0.364098305  0.000583243987
  110.4  0.355100356  0.000575632415
  110.666667  0.346919013  0.000568875331
  110.933333  0.340496891  0.000563463704
  111.2  0.333035763  0.000556675004
  111.466667  0.32624657  0.000550677309
  111.733333  0.319917417  0.000545015067
  112.  0.312726507  0.000539362159
  112.266667  0.306988999  0.000534163873
  112.533333  0.299807953  0.000526710079
  112.8  0.294674144  0.000522115563
  113.066667  0.289250801  0.000517714194
  113.333333  0.282821788  0.000511079216
  113.6  0.278532166  0.000508063865
  113.866667  0.272583536  0.000501538481
  114.133333  0.267521519  0.000497186136
  114.4  0.262445625  0.000491416556
  114.666667  0.256745795  0.000484856503
  114.933333  0.252578337  0.000482164656
  115.2  0.247487437  0.000476658453
  115.466667  0.243675008  0.000473905184
  115.733333  0.23943784  0.000469392151
  116.  0.235328482  0.000465163905
  116.266667  0.230800286  0.000459536767
  116.533333  0.22622866  0.000454479614
  116.8  0.22327842  0.000452839635
  117.066667  0.218401086  0.000446358369
  117.333333  0.21660779  0.000447253113
  117.6  0.212251563  0.000442491525
  117.866667  0.208608219  0.000438731049
  118.133333  0.204871963  0.000433075285
  118.4  0.201663841  0.000429682188
  118.666667  0.199441376  0.000429058802
  118.933333  0.195603411  0.000424208822
  119.2  0.192937679  0.000421658077
  119.466667  0.189753749  0.000418569005
  119.733333  0.186959845  0.00041575321
  120.  0.183857734  0.00041108706
  120.266667  0.180875251  0.000409581747
  120.533333  0.178591895  0.000407595835
  120.8  0.175483619  0.000402220091
  121.066667  0.172893169  0.000399782511
  121.333333  0.170476343  0.000398583901
  121.6  0.167243767  0.000393388978
  121.866667  0.164162719  0.000389858651
  122.133333  0.163022422  0.000390232879
  122.4  0.160322068  0.000385608753
  122.666667  0.158963224  0.000386397853
  122.933333  0.156410436  0.000382266608
  123.2  0.15460267  0.000381125874
  123.466667  0.152277929  0.000378391938
  123.733333  0.150475455  0.000377094962
  124.  0.148005007  0.000372888539
  124.266667  0.1452904  0.000369506396
  124.533333  0.143734185  0.000367909703
  124.8  0.141786472  0.000366687943
  125.066667  0.139926646  0.000364277755
  125.333333  0.13793651  0.000362112525
  125.6  0.135408593  0.000358623559
  125.866667  0.134353478  0.000357829099
  126.133333  0.132580854  0.00035606697
  126.4  0.131650222  0.000356569583
  126.666667  0.129534768  0.000354390064
  126.933333  0.127308411  0.000349973345
  127.2  0.126202556  0.00035039146
  127.466667  0.124676222  0.000349836659
  127.733333  0.122657314  0.000346696273
  128.  0.120982891  0.00034413498
  128.266667  0.118715017  0.000341207943
  128.533333  0.118663324  0.000343676398
  128.8  0.11668466  0.000340633777
  129.066667  0.115256253  0.000340061863
  129.333333  0.114188673  0.000338769621
  129.6  0.112333777  0.000337930624
  129.866667  0.111623779  0.000337774869
  130.133333  0.109862727  0.000335784718
  130.4  0.108818653  0.000335702014
  130.666667  0.106834628  0.000333239923
  130.933333  0.10593572  0.000332914533
  131.2  0.104907598  0.000332797738
  131.466667  0.103285424  0.000330620243
  131.733333  0.10304375  0.000330733924
  132.  0.101723187  0.000329656516
  132.266667  0.0998212055  0.000324995892
  132.533333  0.0989296538  0.000324331254
  132.8  0.0976594904  0.000321192296
  133.066667  0.0967308086  0.000319903044
  133.333333  0.095607161  0.000317881318
  133.6  0.0942285706  0.000314206003
  133.866667  0.0937068023  0.000314159453
  134.133333  0.0919848498  0.000310790968
  134.4  0.091112695  0.000308622447
  134.666667  0.0905524032  0.000307936615
  134.933333  0.0893055597  0.000304980016
  135.2  0.0885091932  0.000304595685
  135.466667  0.0873120696  0.00030224215
  135.733333  0.0866447403  0.00030086551
  136.  0.0856579168  0.000298139776
  136.266667  0.0844636401  0.000295133873
  136.533333  0.0841401227  0.000295694128
  136.8  0.0818107555  0.00028909013
  137.066667  0.0818373861  0.000289469384
  137.333333  0.0813077201  0.000290235232
  137.6  0.0800991783  0.000286975419
  137.866667  0.0792912231  0.000285135651
  138.133333  0.0786382066  0.000283691051
  138.4  0.0783651152  0.000284599841
  138.666667  0.0768248212  0.000281202959
  138.933333  0.076152406  0.000279042561
  139.2  0.0760067311  0.000278794555
  139.466667  0.0745263421  0.000275481039
  139.733333  0.0741274602  0.000274364371
