  100.  0.296405197  5.36793533E-05
  126.  0.0812046741  2.89443879E-05
  152.  0.0337801899  1.77768961E-05
  178.  0.0173174876  1.21556246E-05
  204.  0.00994527807  8.86780713E-06
  230.  0.00615465638  6.73611578E-06
  256.  0.00402861827  5.29231303E-06
  282.  0.00274744866  4.23553056E-06
  308.  0.0019260625  3.44869569E-06
  334.  0.00139806486  2.86266182E-06
  360.  0.00104087628  2.40875307E-06
  386.  0.000783440145  2.02960612E-06
  412.  0.000601518868  1.73426594E-06
  438.  0.000470694523  1.50154574E-06
  464.  0.000372256895  1.30209676E-06
  490.  0.000295385692  1.13043701E-06
  516.  0.000238106441  9.94819637E-07
  542.  0.000194159264  8.74292618E-07
  568.  0.00015880697  7.73671913E-07
  594.  0.000132193234  6.92898192E-07
  620.  0.000108517349  6.11713563E-07
  646.  9.19558285E-05  5.51651092E-07
  672.  7.64459307E-05  4.91599746E-07
  698.  6.54664578E-05  4.46016034E-07
  724.  5.49635418E-05  3.98137019E-07
  750.  4.65514439E-05  3.60630655E-07
  776.  4.00481956E-05  3.26401521E-07
  802.  3.41927268E-05  2.94541514E-07
  828.  2.95740815E-05  2.69683619E-07
  854.  2.55790685E-05  2.45199227E-07
  880.  2.22500606E-05  2.25274072E-07
  906.  1.95267958E-05  2.0606638E-07
  932.  1.7181841E-05  1.91474085E-07
  958.  1.51102888E-05  1.75216137E-07
  984.  1.32690875E-05  1.60787547E-07
  1010.  1.15731715E-05  1.48428845E-07
  1036.  1.02549722E-05  1.36955852E-07
  1062.  8.87157635E-06  1.24628263E-07
  1088.  7.88691318E-06  1.15151048E-07
  1114.  7.15586264E-06  1.08439322E-07
  1140.  6.18093187E-06  9.81388041E-08
  1166.  5.40915453E-06  8.96082006E-08
  1192.  5.05188182E-06  8.59235753E-08
  1218.  4.55532764E-06  8.09739272E-08
  1244.  4.10858293E-06  7.48520297E-08
  1270.  3.70008067E-06  6.99827629E-08
  1296.  3.30314893E-06  6.52107654E-08
  1322.  2.92355541E-06  5.98374492E-08
  1348.  2.76854294E-06  5.8545441E-08
  1374.  2.32884365E-06  5.14973862E-08
  1400.  2.15760202E-06  4.86809479E-08
  1426.  1.98330394E-06  4.62820604E-08
  1452.  1.8210356E-06  4.36721652E-08
  1478.  1.63001317E-06  4.03374888E-08
  1504.  1.48072351E-06  3.81465852E-08
  1530.  1.34513638E-06  3.56217151E-08
  1556.  1.21945095E-06  3.34724216E-08
  1582.  1.135341E-06  3.20979158E-08
  1608.  1.02976288E-06  2.99999863E-08
  1634.  9.43912327E-07  2.81413958E-08
  1660.  8.6077352E-07  2.60138695E-08
  1686.  7.82934642E-07  2.46565306E-08
  1712.  7.17949665E-07  2.29128235E-08
  1738.  6.3331804E-07  2.15844114E-08
  1764.  6.58125741E-07  2.16339938E-08
  1790.  5.21101535E-07  1.86099755E-08
  1816.  5.33909402E-07  1.90384292E-08
  1842.  4.54922173E-07  1.67435177E-08
  1868.  4.18487685E-07  1.61643984E-08
  1894.  3.9477613E-07  1.52963898E-08
  1920.  3.88974133E-07  1.52494813E-08
  1946.  3.46354103E-07  1.39510548E-08
  1972.  3.35362207E-07  1.36509302E-08
  1998.  2.72639125E-07  1.21550497E-08
  2024.  2.57366973E-07  1.13144032E-08
  2050.  2.45528617E-07  1.10215891E-08
  2076.  2.28214807E-07  1.052808E-08
  2102.  2.07917193E-07  9.90609643E-09
  2128.  2.1055214E-07  9.78488672E-09
  2154.  1.75634448E-07  8.56518105E-09
  2180.  1.77001456E-07  8.73797935E-09
  2206.  1.5749029E-07  7.9769649E-09
  2232.  1.36152228E-07  7.18436264E-09
  2258.  1.35835258E-07  7.06953691E-09
  2284.  1.19859712E-07  6.75207499E-09
  2310.  1.21809134E-07  6.66249358E-09
  2336.  1.09946992E-07  6.08654857E-09
  2362.  9.87048004E-08  5.79296179E-09
  2388.  8.69813429E-08  5.241761E-09
  2414.  8.06841637E-08  5.17432153E-09
  2440.  7.83135809E-08  4.82764064E-09
  2466.  7.44396821E-08  4.68510857E-09
  2492.  6.8160027E-08  4.26605687E-09
  2518.  6.20923538E-08  4.09783489E-09
  2544.  5.07829724E-08  3.52989708E-09
  2570.  5.45258758E-08  3.65201703E-09
  2596.  5.27098491E-08  3.59543566E-09
  2622.  4.86963954E-08  3.44476583E-09
  2648.  4.51700036E-08  3.15202501E-09
  2674.  4.44408432E-08  3.22198756E-09
  2700.  4.23789601E-08  3.09887197E-09
  2726.  4.03706073E-08  2.93492575E-09
  2752.  3.32769655E-08  2.57853041E-09
  2778.  3.40140678E-08  2.65576193E-09
  2804.  3.43841644E-08  2.63088502E-09
  2830.  3.11961598E-08  2.48284824E-09
  2856.  2.74263764E-08  2.18197706E-09
  2882.  2.38552548E-08  2.09224917E-09
  2908.  2.12425812E-08  1.9381996E-09
  2934.  2.23871495E-08  1.85661693E-09
  2960.  1.89130609E-08  1.77081961E-09
  2986.  1.81046814E-08  1.68213404E-09
  3012.  1.84027385E-08  1.66486595E-09
  3038.  1.72907605E-08  1.50073759E-09
  3064.  1.83723853E-08  1.6909929E-09
  3090.  1.4608753E-08  1.46396591E-09
  3116.  1.50852414E-08  1.43246047E-09
  3142.  1.24463498E-08  1.2472961E-09
  3168.  1.20117966E-08  1.25974825E-09
  3194.  1.24083015E-08  1.27018377E-09
  3220.  9.54635899E-09  1.03284186E-09
  3246.  1.17422909E-08  1.2327868E-09
  3272.  1.06756946E-08  1.07679632E-09
  3298.  9.0232666E-09  9.3279918E-10
  3324.  8.33318877E-09  9.49403273E-10
  3350.  8.76341271E-09  9.12723504E-10
  3376.  8.94050189E-09  9.26146704E-10
  3402.  8.06528086E-09  9.11057469E-10
  3428.  7.07433368E-09  8.23873809E-10
  3454.  7.37844192E-09  8.46141521E-10
  3480.  7.49763785E-09  8.36497269E-10
  3506.  6.02209579E-09  7.47173141E-10
  3532.  5.58330312E-09  6.92095703E-10
  3558.  4.77795286E-09  6.1132205E-10
  3584.  4.00442194E-09  5.36654559E-10
  3610.  4.62682854E-09  5.80856629E-10
  3636.  4.4883902E-09  5.7772857E-10
  3662.  3.63148144E-09  4.85950543E-10
  3688.  4.17411033E-09  5.24474152E-10
  3714.  4.24350246E-09  5.39098256E-10
  3740.  2.13547539E-09  3.61704272E-10
  3766.  3.32883069E-09  4.29170682E-10
  3792.  3.86388058E-09  4.59018497E-10
  3818.  2.19820018E-09  3.53628728E-10
  3844.  2.9571341E-09  3.818077E-10
  3870.  2.91857325E-09  3.8342903E-10
  3896.  1.71375826E-09  2.87915739E-10
  3922.  2.56333223E-09  3.59721064E-10
  3948.  2.03923925E-09  2.91733369E-10
  3974.  2.03198187E-09  3.08332732E-10
