  50.  1.90978644E-05  3.60961181E-08
  63.  4.04035387E-05  5.21996615E-08
  76.  6.58560475E-05  6.6998084E-08
  89.  9.44701729E-05  8.06972414E-08
  102.  0.000125660406  9.34345765E-08
  115.  0.00015995847  1.05778733E-07
  128.  0.000196876787  1.17421475E-07
  141.  0.000236968477  1.28498018E-07
  154.  0.000281166374  1.39290709E-07
  167.  0.000330726849  1.49719806E-07
  180.  0.000387677225  1.59818841E-07
  193.  0.000459292335  1.70098547E-07
  206.  0.000563875718  1.81711433E-07
  219.  0.000778278929  1.98760848E-07
  232.  0.000710485146  1.84286405E-07
  245.  0.000572717648  1.62043345E-07
  258.  0.000463923207  1.42607967E-07
  271.  0.00037843924  1.25896973E-07
  284.  0.00031091849  1.11512662E-07
  297.  0.000257034684  9.91478841E-08
  310.  0.00021358225  8.82432927E-08
  323.  0.000178923296  7.90545154E-08
  336.  0.000150495583  7.08643737E-08
  349.  0.000127270801  6.37678471E-08
  362.  0.000108116356  5.75249256E-08
  375.  9.22526842E-05  5.20329418E-08
  388.  7.89901974E-05  4.70785229E-08
  401.  6.79669152E-05  4.28580237E-08
  414.  5.86523986E-05  3.89637015E-08
  427.  5.07484225E-05  3.54987811E-08
  440.  4.41531603E-05  3.24392576E-08
  453.  3.83682475E-05  2.95951982E-08
  466.  3.36156702E-05  2.72524177E-08
  479.  2.94601821E-05  2.49491783E-08
  492.  2.58332766E-05  2.28762117E-08
  505.  2.27801688E-05  2.1201997E-08
  518.  2.00841142E-05  1.9496761E-08
  531.  1.77788083E-05  1.79436924E-08
  544.  1.57527069E-05  1.66390187E-08
  557.  1.39949757E-05  1.53933236E-08
  570.  1.24606285E-05  1.42220779E-08
  583.  1.11163815E-05  1.32450223E-08
  596.  9.94153402E-06  1.2233707E-08
  609.  8.87682422E-06  1.13935274E-08
  622.  7.97346307E-06  1.06144051E-08
  635.  7.15832959E-06  9.96564497E-09
  648.  6.43554558E-06  9.15967458E-09
  661.  5.79067918E-06  8.57680513E-09
  674.  5.23285997E-06  8.02567582E-09
  687.  4.71845133E-06  7.45484254E-09
  700.  4.28132491E-06  7.06077291E-09
  713.  3.87952703E-06  6.75332181E-09
  726.  3.51440605E-06  6.20468176E-09
  739.  3.18427659E-06  5.69201677E-09
  752.  2.90027758E-06  5.38886567E-09
  765.  2.62336787E-06  4.9907842E-09
  778.  2.38670646E-06  4.65894794E-09
  791.  2.17772759E-06  4.45217677E-09
  804.  1.98792695E-06  4.11493818E-09
  817.  1.81759039E-06  3.88347817E-09
  830.  1.67370524E-06  3.68302713E-09
  843.  1.52270683E-06  3.43462372E-09
  856.  1.39182918E-06  3.22222315E-09
  869.  1.28167075E-06  3.04680736E-09
  882.  1.17034722E-06  2.85141197E-09
  895.  1.08059252E-06  2.70208087E-09
  908.  9.88770251E-07  2.57267844E-09
  921.  9.0903271E-07  2.41614237E-09
  934.  8.38685958E-07  2.28580498E-09
  947.  7.7086978E-07  2.15778468E-09
  960.  7.10322551E-07  3.81196093E-09
  973.  6.55350878E-07  1.90619567E-09
  986.  6.04433533E-07  1.80817459E-09
  999.  5.58819687E-07  1.86886817E-09
  1012.  5.13928005E-07  1.63027258E-09
  1025.  4.75374777E-07  1.51854839E-09
  1038.  4.42221238E-07  1.44239106E-09
  1051.  4.05685469E-07  1.35343993E-09
  1064.  3.79601121E-07  1.31547421E-09
  1077.  3.50165916E-07  1.21929269E-09
  1090.  3.26219338E-07  1.1658276E-09
  1103.  3.0097655E-07  1.12326161E-09
  1116.  2.80836424E-07  1.0503466E-09
  1129.  2.59671951E-07  9.80690851E-10
  1142.  2.40371733E-07  9.3031887E-10
  1155.  2.2517016E-07  8.88473076E-10
  1168.  2.08155639E-07  9.48332772E-10
  1181.  1.93020368E-07  7.9379504E-10
  1194.  1.8025823E-07  7.56181253E-10
  1207.  1.67640699E-07  7.18405249E-10
  1220.  1.55601086E-07  6.7715282E-10
  1233.  1.44993062E-07  6.42192998E-10
  1246.  1.35672759E-07  6.20627966E-10
  1259.  1.25651679E-07  5.81258067E-10
  1272.  1.18358213E-07  5.55627875E-10
  1285.  1.10158077E-07  5.27683313E-10
  1298.  1.02477834E-07  5.00831011E-10
  1311.  9.6190053E-08  4.77079178E-10
  1324.  8.96858784E-08  4.54292284E-10
  1337.  8.32673222E-08  4.31055366E-10
  1350.  7.90337327E-08  4.33748769E-10
  1363.  7.30958656E-08  3.99980461E-10
  1376.  6.74688101E-08  3.66103709E-10
  1389.  6.37408088E-08  3.51335257E-10
  1402.  5.9662865E-08  3.36916334E-10
  1415.  5.57471449E-08  3.18559222E-10
  1428.  5.28999048E-08  3.06622049E-10
  1441.  4.94262813E-08  2.90520631E-10
  1454.  4.56481424E-08  2.73040857E-10
  1467.  4.2996157E-08  2.6270419E-10
  1480.  4.06574463E-08  2.5236803E-10
  1493.  3.80512777E-08  2.43928899E-10
  1506.  3.51276763E-08  2.60906371E-10
  1519.  3.31237745E-08  2.15005221E-10
  1532.  3.08864823E-08  2.07332999E-10
  1545.  2.94638225E-08  1.98415598E-10
  1558.  2.74561671E-08  1.87433807E-10
  1571.  2.57538082E-08  1.83670518E-10
  1584.  2.43641233E-08  1.72826086E-10
  1597.  2.28914438E-08  1.63691457E-10
  1610.  2.12268452E-08  1.54780278E-10
  1623.  2.01391461E-08  1.47680601E-10
  1636.  1.87101634E-08  1.39357036E-10
  1649.  1.75703533E-08  1.32633103E-10
  1662.  1.64682596E-08  1.27456521E-10
  1675.  1.57593232E-08  1.22785735E-10
  1688.  1.45077774E-08  1.17527772E-10
  1701.  1.38255568E-08  1.11230601E-10
  1714.  1.31459913E-08  1.06443053E-10
  1727.  1.23771137E-08  1.02082004E-10
  1740.  1.17819466E-08  1.00605776E-10
  1753.  1.07626294E-08  9.18140792E-11
  1766.  1.02781079E-08  8.81517239E-11
  1779.  9.80552824E-09  8.528136E-11
  1792.  9.16348102E-09  8.11758161E-11
  1805.  8.68021231E-09  7.8362913E-11
  1818.  8.19803633E-09  7.39097291E-11
  1831.  7.51754048E-09  6.96555479E-11
  1844.  7.64697229E-09  4.19329841E-10
  1857.  6.85015709E-09  6.49193269E-11
  1870.  6.36228609E-09  6.0737673E-11
  1883.  6.05068441E-09  5.8253815E-11
  1896.  5.62486512E-09  5.55122569E-11
  1909.  5.42225021E-09  5.39859393E-11
  1922.  5.051524E-09  5.10223591E-11
  1935.  4.71549464E-09  4.84098054E-11
  1948.  4.50664007E-09  4.66309597E-11
  1961.  4.18713712E-09  4.37005071E-11
  1974.  3.97414956E-09  4.20281931E-11
  1987.  3.73439332E-09  4.03868239E-11
