  50.  9.95823E-06  2.5794227E-07
  50.1333333  1.08252722E-05  2.88316542E-07
  50.2666667  1.09318829E-05  2.78291217E-07
  50.4  1.0639495E-05  2.66487197E-07
  50.5333333  1.07056903E-05  2.62223127E-07
  50.6666667  1.09953324E-05  2.68329465E-07
  50.8  1.13484266E-05  2.80750547E-07
  50.9333333  1.14694834E-05  2.77778341E-07
  51.0666667  1.12117151E-05  2.72481961E-07
  51.2  1.15298427E-05  2.7414647E-07
  51.3333333  1.21360708E-05  2.99728264E-07
  51.4666667  1.16875609E-05  2.8015597E-07
  51.6  1.22425973E-05  3.02726073E-07
  51.7333333  1.20536833E-05  2.74834317E-07
  51.8666667  1.24214719E-05  2.90399122E-07
  52.  1.22879531E-05  2.7668432E-07
  52.1333333  1.26731115E-05  2.78931811E-07
  52.2666667  1.2873173E-05  2.98221011E-07
  52.4  1.31567718E-05  3.22009079E-07
  52.5333333  1.44689829E-05  3.19594587E-07
  52.6666667  1.26120023E-05  2.76433111E-07
  52.8  1.35176835E-05  2.98378253E-07
  52.9333333  1.38630151E-05  3.0756493E-07
  53.0666667  1.43552862E-05  3.07053593E-07
  53.2  1.43966424E-05  3.07149855E-07
  53.3333333  1.43604378E-05  3.071826E-07
  53.4666667  1.53958785E-05  3.24936242E-07
  53.6  1.53491303E-05  3.37140329E-07
  53.7333333  1.4904372E-05  3.11072054E-07
  53.8666667  1.50690941E-05  3.13035075E-07
  54.  1.53367433E-05  3.21343727E-07
  54.1333333  1.56107028E-05  3.22123407E-07
  54.2666667  1.59542409E-05  3.24852869E-07
  54.4  1.6372875E-05  3.36598304E-07
  54.5333333  1.58302044E-05  3.21748234E-07
  54.6666667  1.55772466E-05  3.16567442E-07
  54.8  1.63210881E-05  3.32344195E-07
  54.9333333  1.62607546E-05  3.21337342E-07
  55.0666667  1.70891432E-05  3.37278453E-07
  55.2  1.72767828E-05  3.39304697E-07
  55.3333333  1.76106371E-05  3.37833065E-07
  55.4666667  1.79069793E-05  3.46096686E-07
  55.6  1.76997712E-05  3.44112883E-07
  55.7333333  1.80414291E-05  3.64072762E-07
  55.8666667  1.89992312E-05  3.7290089E-07
  56.  1.82295155E-05  3.5284662E-07
  56.1333333  1.79713546E-05  3.31689071E-07
  56.2666667  1.84169951E-05  3.41637203E-07
  56.4  1.91021077E-05  3.58501718E-07
  56.5333333  1.91364476E-05  3.60038104E-07
  56.6666667  1.98364481E-05  3.80450712E-07
  56.8  1.91320906E-05  3.54063807E-07
  56.9333333  2.04501327E-05  3.76515748E-07
  57.0666667  2.04236381E-05  3.71903679E-07
  57.2  1.98837553E-05  3.66005822E-07
  57.3333333  2.01784841E-05  3.67357788E-07
  57.4666667  2.11946701E-05  3.87147878E-07
  57.6  2.05799012E-05  3.54427466E-07
  57.7333333  2.12156196E-05  3.78618716E-07
  57.8666667  1.98657572E-05  3.4294006E-07
  58.  2.11180899E-05  3.72275839E-07
  58.1333333  2.07784666E-05  3.62248792E-07
  58.2666667  2.1545191E-05  3.79726711E-07
  58.4  2.20093935E-05  3.80058216E-07
  58.5333333  2.13351544E-05  3.68417451E-07
  58.6666667  2.26243746E-05  3.85199304E-07
  58.8  2.33310783E-05  4.04674638E-07
  58.9333333  2.29744395E-05  3.95384257E-07
  59.0666667  2.32840438E-05  3.95174442E-07
  59.2  2.31871334E-05  3.90390955E-07
  59.3333333  2.33082143E-05  3.89879904E-07
  59.4666667  2.29197268E-05  3.80477532E-07
  59.6  2.3429806E-05  3.91700377E-07
  59.7333333  2.3785569E-05  3.86975967E-07
  59.8666667  2.44718071E-05  4.0480041E-07
  60.  2.4192132E-05  4.0656427E-07
  60.1333333  2.40839472E-05  4.00003421E-07
  60.2666667  2.40073452E-05  3.99621459E-07
  60.4  2.5017389E-05  4.04094095E-07
  60.5333333  2.48916205E-05  4.00146387E-07
  60.6666667  2.52532931E-05  4.05125579E-07
  60.8  2.55619546E-05  4.13336978E-07
  60.9333333  2.58075813E-05  4.21715222E-07
  61.0666667  2.53508297E-05  4.01518668E-07
  61.2  2.55835055E-05  4.05660553E-07
  61.3333333  2.72982098E-05  4.30800132E-07
  61.4666667  2.69696028E-05  4.26148745E-07
  61.6  2.68026478E-05  4.14477127E-07
  61.7333333  2.71237483E-05  4.20427226E-07
  61.8666667  2.7080915E-05  4.15882254E-07
  62.  2.69092493E-05  4.22323613E-07
  62.1333333  2.75588709E-05  4.21310673E-07
  62.2666667  2.75722021E-05  4.20890446E-07
  62.4  2.84158061E-05  4.53152041E-07
  62.5333333  2.80626249E-05  4.24544348E-07
  62.6666667  2.88211979E-05  4.34676655E-07
  62.8  2.83759917E-05  4.26285072E-07
  62.9333333  2.82151083E-05  4.22405976E-07
  63.0666667  2.93075353E-05  4.31341503E-07
  63.2  3.08768006E-05  4.61286286E-07
  63.3333333  2.94803037E-05  4.3495479E-07
  63.4666667  2.97518847E-05  4.40210435E-07
  63.6  3.0863675E-05  4.57838795E-07
  63.7333333  3.01909589E-05  4.41643418E-07
  63.8666667  3.04680265E-05  4.63182181E-07
  64.  3.00747704E-05  4.39517462E-07
  64.1333333  3.0632893E-05  4.43001588E-07
  64.2666667  3.21078305E-05  4.64886685E-07
  64.4  3.12019409E-05  4.51157267E-07
  64.5333333  3.20507614E-05  4.57015116E-07
  64.6666667  3.18342973E-05  4.59803939E-07
  64.8  3.26801756E-05  4.6489828E-07
  64.9333333  3.20455675E-05  4.57515871E-07
  65.0666667  3.22407891E-05  4.55961787E-07
  65.2  3.29338033E-05  4.6246909E-07
  65.3333333  3.34281533E-05  4.71886031E-07
  65.4666667  3.29334727E-05  4.61486225E-07
  65.6  3.36486397E-05  4.88220874E-07
  65.7333333  3.37635384E-05  4.78094166E-07
  65.8666667  3.33550549E-05  4.63175476E-07
  66.  3.37413969E-05  4.67016677E-07
  66.1333333  3.43533495E-05  4.72504083E-07
  66.2666667  3.42420872E-05  4.68242755E-07
  66.4  3.50348645E-05  4.69580836E-07
  66.5333333  3.5446769E-05  4.78867574E-07
  66.6666667  3.56053528E-05  4.81695425E-07
  66.8  3.55629433E-05  4.87676096E-07
  66.9333333  3.52911076E-05  4.74409925E-07
  67.0666667  3.62260299E-05  4.90510106E-07
  67.2  3.55529538E-05  4.90397655E-07
  67.3333333  3.62241037E-05  4.75915469E-07
  67.4666667  3.72480321E-05  5.01897705E-07
  67.6  3.72629801E-05  4.96558226E-07
  67.7333333  3.68899542E-05  4.87065455E-07
  67.8666667  3.70337315E-05  5.07170962E-07
  68.  3.74802025E-05  4.8578093E-07
  68.1333333  3.79144621E-05  4.93746583E-07
  68.2666667  3.89963846E-05  5.13639782E-07
  68.4  3.79442559E-05  4.98711947E-07
  68.5333333  3.79006887E-05  4.95729566E-07
  68.6666667  3.90837224E-05  5.04778543E-07
  68.8  3.89417216E-05  5.27622336E-07
  68.9333333  3.957565E-05  5.0771579E-07
  69.0666667  3.92237521E-05  5.00276692E-07
  69.2  4.0926655E-05  5.20325246E-07
  69.3333333  4.00941863E-05  5.17595874E-07
  69.4666667  3.95675369E-05  5.03501288E-07
  69.6  4.2098638E-05  5.32299188E-07
  69.7333333  4.197854E-05  5.31871307E-07
  69.8666667  4.13489194E-05  5.24007034E-07
