  200.  4.79236383E-06  2.77850634E-08
  205.  4.46911999E-06  2.70688457E-08
  210.  4.19844868E-06  2.64490432E-08
  215.  3.88643155E-06  2.55329534E-08
  220.  3.6852874E-06  2.54140638E-08
  225.  3.46187657E-06  2.42339245E-08
  230.  3.23494944E-06  2.34610832E-08
  235.  2.98066343E-06  2.17262821E-08
  240.  2.80244892E-06  2.16644854E-08
  245.  2.64240558E-06  2.11613371E-08
  250.  2.4813899E-06  2.02217896E-08
  255.  2.34505493E-06  1.95519188E-08
  260.  2.19207033E-06  1.86795191E-08
  265.  2.0799125E-06  1.89694149E-08
  270.  1.95245357E-06  1.79579424E-08
  275.  1.83846804E-06  1.776275E-08
  280.  1.7455638E-06  1.66906487E-08
  285.  1.63922258E-06  1.66929424E-08
  290.  1.54618673E-06  1.5202601E-08
  295.  1.45988903E-06  1.49262596E-08
  300.  1.38537291E-06  1.59137621E-08
  305.  1.30349097E-06  1.52579188E-08
  310.  1.23220422E-06  1.36689514E-08
  315.  1.16793647E-06  1.32702754E-08
  320.  1.12835011E-06  1.43904053E-08
  325.  1.04866391E-06  1.27283899E-08
  330.  9.9000497E-07  1.2195833E-08
  335.  9.26706741E-07  1.18446488E-08
  340.  8.78667933E-07  1.12682469E-08
  345.  8.45524664E-07  1.19044056E-08
  350.  8.02359331E-07  1.16078116E-08
  355.  7.45966633E-07  1.05303836E-08
  360.  7.4431477E-07  1.08234675E-08
  365.  6.81181945E-07  1.07746951E-08
  370.  6.51724527E-07  9.78437326E-09
  375.  6.29900517E-07  1.02058881E-08
  380.  5.82494424E-07  1.01062393E-08
  385.  5.79394181E-07  1.03023406E-08
  390.  5.35066089E-07  9.2233954E-09
  395.  5.16068758E-07  9.73560957E-09
  400.  4.82055735E-07  8.98196323E-09
  405.  4.56583642E-07  8.31104349E-09
  410.  4.36714574E-07  7.82276377E-09
  415.  4.1471325E-07  8.71791695E-09
  420.  4.05872631E-07  8.80606096E-09
  425.  3.79282118E-07  7.31998875E-09
  430.  3.70238328E-07  8.71159638E-09
  435.  3.48872704E-07  8.50250612E-09
  440.  3.31305908E-07  7.32902927E-09
  445.  3.11287042E-07  6.858808E-09
  450.  0.00055440564  2.574986E-07
  455.  0.00052866438  2.49932172E-07
  460.  0.000504987936  2.43238222E-07
  465.  0.000481722887  2.36469303E-07
  470.  0.000460416164  2.29942194E-07
  475.  0.000439782808  2.23466894E-07
  480.  0.000420528797  2.17508585E-07
  485.  0.000402161363  2.11418093E-07
  490.  0.000385001917  2.0619796E-07
  495.  0.000368228361  2.00341569E-07
  500.  0.000352404321  1.95026987E-07
  505.  0.000337683741  1.90168202E-07
  510.  0.00032371365  1.85216773E-07
  515.  0.000310262771  1.80469506E-07
  520.  0.000297858226  1.76126647E-07
  525.  0.000285631169  1.71469439E-07
  530.  0.000274221675  1.67574251E-07
  535.  0.000263189729  1.63169899E-07
  540.  0.000252638857  1.58997397E-07
  545.  0.000242639994  1.55161384E-07
  550.  0.000233112972  1.51260394E-07
  555.  0.00022395769  1.47617177E-07
  560.  0.000215664461  1.44226684E-07
  565.  0.000207215405  1.40602099E-07
  570.  0.00019926633  1.371402E-07
  575.  0.000191703764  1.33763971E-07
  580.  0.000184918834  1.31029951E-07
  585.  0.000177816266  1.27898384E-07
  590.  0.000171422039  1.25059354E-07
  595.  0.000165162628  1.22235091E-07
  600.  0.000159019028  1.19245153E-07
  605.  0.000153306151  1.16475955E-07
  610.  0.000147914667  1.14053652E-07
  615.  0.000142608543  1.11598468E-07
  620.  0.000137569702  1.09119959E-07
  625.  0.000132453686  1.06359308E-07
  630.  0.000128069463  1.04304978E-07
  635.  0.000123553839  1.01849352E-07
  640.  0.000119421912  9.98054671E-08
  645.  0.000115240784  9.75486147E-08
  650.  0.000111252988  9.53117137E-08
  655.  0.000107632018  9.354213E-08
  660.  0.000104117724  9.15442097E-08
  665.  0.000100763521  8.98680749E-08
  670.  9.71627932E-05  8.77499363E-08
  675.  9.39618391E-05  8.59556943E-08
  680.  9.10445859E-05  8.42081999E-08
  685.  8.78826343E-05  8.22298473E-08
  690.  8.51762938E-05  8.08594497E-08
  695.  8.23491374E-05  7.9155302E-08
  700.  7.99378989E-05  7.75835942E-08
  705.  7.72540747E-05  7.58055154E-08
  710.  7.48413951E-05  7.45116378E-08
  715.  7.23637546E-05  7.28526137E-08
  720.  7.01424384E-05  7.12727082E-08
  725.  6.80112669E-05  7.01896127E-08
  730.  6.59750982E-05  6.8717383E-08
  735.  6.38451705E-05  6.72412225E-08
  740.  6.18882487E-05  6.58334847E-08
  745.  6.01187393E-05  6.47940906E-08
  750.  5.81703337E-05  6.3375321E-08
  755.  5.64395226E-05  6.2262646E-08
  760.  5.47779896E-05  6.1164459E-08
  765.  5.3111094E-05  5.98001702E-08
  770.  5.15245077E-05  5.86927495E-08
  775.  4.99891817E-05  5.75821821E-08
  780.  4.85270062E-05  5.66165328E-08
  785.  4.70593364E-05  5.53424657E-08
  790.  4.57383246E-05  5.44758212E-08
  795.  4.44540483E-05  5.34933318E-08
  800.  4.31442463E-05  5.24767971E-08
  805.  4.1954825E-05  5.15275941E-08
  810.  4.08004203E-05  5.057453E-08
  815.  3.96479046E-05  4.97070465E-08
  820.  3.85497202E-05  4.88388539E-08
  825.  3.73767503E-05  4.778732E-08
  830.  3.63189374E-05  4.69465596E-08
  835.  3.52333418E-05  4.59204531E-08
  840.  3.43326262E-05  4.51939574E-08
  845.  3.33839106E-05  4.45366424E-08
  850.  3.24782942E-05  4.36801351E-08
  855.  3.16234644E-05  4.29949841E-08
  860.  3.08046099E-05  4.23122513E-08
  865.  2.99450277E-05  4.1503033E-08
  870.  2.91692482E-05  4.09128178E-08
  875.  2.8344846E-05  4.01223422E-08
  880.  2.75949769E-05  3.94938115E-08
  885.  2.67971839E-05  3.86300665E-08
  890.  2.62081221E-05  3.82468147E-08
  895.  2.5374808E-05  3.72215728E-08
  900.  2.47368395E-05  3.67383856E-08
  905.  2.41300958E-05  3.61970254E-08
  910.  2.35000154E-05  3.55492456E-08
  915.  2.28630152E-05  3.49002139E-08
  920.  2.22730864E-05  3.43723082E-08
  925.  2.17215419E-05  3.38331875E-08
  930.  2.11444925E-05  3.32275818E-08
  935.  2.06068672E-05  3.26293049E-08
  940.  2.00663765E-05  3.20705787E-08
  945.  1.96358816E-05  3.16937187E-08
