  200.  0.0122430451  5.19232873E-05
  205.  0.0110599718  4.92039849E-05
  210.  0.00995578669  4.71225656E-05
  215.  0.00904621914  4.38718764E-05
  220.  0.00820029614  4.14543702E-05
  225.  0.00744565279  3.90916794E-05
  230.  0.00686138186  3.74228108E-05
  235.  0.00622183146  3.51912613E-05
  240.  0.00571247768  3.35646478E-05
  245.  0.00528409069  3.21858022E-05
  250.  0.00489453986  3.07945357E-05
  255.  0.00446762998  2.93072816E-05
  260.  0.00411695504  2.79905843E-05
  265.  0.00376935101  2.6628694E-05
  270.  0.0035721699  2.58054197E-05
  275.  0.00332460512  2.48154585E-05
  280.  0.00310133747  2.38250545E-05
  285.  0.00284124384  2.27066553E-05
  290.  0.00266731959  2.17913304E-05
  295.  0.00248818053  2.11156275E-05
  300.  0.00229374555  1.99624111E-05
  305.  0.0021382695  1.91875036E-05
  310.  0.00201526737  1.8603598E-05
  315.  0.00194207583  1.8360864E-05
  320.  0.00177515592  1.74561116E-05
  325.  0.00169569713  1.6942553E-05
  330.  0.00155797183  1.61305196E-05
  335.  0.00150424598  1.59305108E-05
  340.  0.00140470999  1.52802999E-05
  345.  0.0013299249  1.48030947E-05
  350.  0.00124759594  1.4291543E-05
  355.  0.0011884583  1.39158344E-05
  360.  0.00111528069  1.33376954E-05
  365.  0.00107532222  1.32455222E-05
  370.  0.00100289889  1.26928812E-05
  375.  0.000964286637  1.23334202E-05
  380.  0.000899714434  1.1802412E-05
  385.  0.000842980866  1.14062209E-05
  390.  0.000811691484  1.11514706E-05
  395.  0.000765778554  1.07797867E-05
  400.  0.000759828037  1.08343029E-05
  405.  0.000696757773  1.02199079E-05
  410.  0.00067238962  1.00422561E-05
  415.  0.00062988414  9.69495702E-06
  420.  0.000611216074  9.52400122E-06
  425.  0.000585238698  9.32806034E-06
  430.  0.000561215402  9.06312557E-06
  435.  0.000543802357  8.92717882E-06
  440.  0.00048337745  8.22097088E-06
  445.  0.000473946525  8.12247379E-06
  450.  0.000445871243  7.89719662E-06
  455.  0.000431921827  7.78431875E-06
  460.  0.00040355739  7.33895529E-06
  465.  0.000406389499  7.61516642E-06
  470.  0.000377587439  7.23202198E-06
  475.  0.000361733237  6.99016568E-06
  480.  0.000348326903  6.85264284E-06
  485.  0.000335895216  6.67007334E-06
  490.  0.000324828787  6.60501862E-06
  495.  0.000312633355  6.56256394E-06
  500.  0.000299190724  6.2888307E-06
  505.  0.000279044078  6.11542693E-06
  510.  0.000296555126  6.32064348E-06
  515.  0.000269631744  5.93956315E-06
  520.  0.000244743427  5.55497606E-06
  525.  0.000241693231  5.54643067E-06
  530.  0.000231633297  5.34831527E-06
  535.  0.000227312067  5.41538068E-06
  540.  0.000213101777  5.1587342E-06
  545.  0.000203885144  5.02022601E-06
  550.  0.000201876393  4.99223727E-06
  555.  0.00019099295  4.81897135E-06
  560.  0.000187045358  4.79464977E-06
  565.  0.000178693189  4.65119231E-06
  570.  0.000171704201  4.47883397E-06
  575.  0.000174855814  4.66019201E-06
  580.  0.000159725916  4.3212411E-06
  585.  0.000158565308  4.39825767E-06
  590.  0.000143547831  3.99719469E-06
  595.  0.000141680593  4.00675628E-06
  600.  0.000138482578  3.93365608E-06
  605.  0.000127778838  3.71116836E-06
  610.  0.000129884633  3.88028345E-06
  615.  0.000129324516  3.90425751E-06
  620.  0.000117101713  3.55504713E-06
  625.  0.00011968371  3.65944309E-06
  630.  0.000117442159  3.57392861E-06
  635.  0.000108941157  3.47285247E-06
  640.  0.000108451734  3.48768131E-06
  645.  0.000103361509  3.37299258E-06
  650.  9.87799871E-05  3.28970002E-06
  655.  9.60226443E-05  3.27072722E-06
  660.  9.46468496E-05  3.25537544E-06
  665.  8.75360693E-05  3.04280002E-06
  670.  9.08193762E-05  3.16170816E-06
  675.  7.86641336E-05  2.85793886E-06
  680.  7.55720501E-05  2.75243886E-06
  685.  8.58110005E-05  3.07450824E-06
  690.  8.31019365E-05  2.97079861E-06
  695.  7.66003037E-05  2.87309175E-06
  700.  7.31556622E-05  2.76768472E-06
  705.  6.74287786E-05  2.56904477E-06
  710.  6.62061435E-05  2.6102043E-06
  715.  6.92308907E-05  2.6341471E-06
  720.  6.63975355E-05  2.64131173E-06
  725.  6.2804894E-05  2.54784027E-06
  730.  5.76361032E-05  2.3735224E-06
  735.  6.52224717E-05  2.60229727E-06
  740.  6.24791362E-05  2.51409482E-06
  745.  5.56903179E-05  2.38516582E-06
  750.  5.37557737E-05  2.29908086E-06
  755.  4.98745859E-05  2.13224997E-06
  760.  5.38889045E-05  2.3078924E-06
  765.  5.00653779E-05  2.14893881E-06
  770.  5.10945788E-05  2.20897935E-06
  775.  4.72795938E-05  2.16677928E-06
  780.  4.20385643E-05  2.00011246E-06
  785.  4.30844088E-05  1.98921347E-06
  790.  3.97566131E-05  1.84356314E-06
  795.  3.89543476E-05  1.7978653E-06
  800.  4.30209194E-05  2.03087977E-06
  805.  3.99828403E-05  1.91023863E-06
  810.  3.87708162E-05  1.87759431E-06
  815.  3.74741965E-05  1.81947699E-06
  820.  3.50780406E-05  1.76700244E-06
  825.  3.72324833E-05  1.8037571E-06
  830.  3.16161129E-05  1.61398424E-06
  835.  3.51087348E-05  1.79279693E-06
  840.  3.21271583E-05  1.64602563E-06
  845.  3.31810847E-05  1.62994786E-06
  850.  3.71975115E-05  1.85457966E-06
  855.  3.32331917E-05  1.72546481E-06
  860.  2.78382889E-05  1.46681858E-06
  865.  2.95136338E-05  1.61212612E-06
  870.  2.79345645E-05  1.53529956E-06
  875.  2.70972106E-05  1.50157111E-06
  880.  2.64904116E-05  1.48223164E-06
  885.  2.71494459E-05  1.50226606E-06
  890.  2.61034113E-05  1.4757213E-06
  895.  2.45469154E-05  1.39629156E-06
  900.  2.75240973E-05  1.55547336E-06
  905.  2.27247086E-05  1.37249174E-06
  910.  2.34570293E-05  1.39672979E-06
  915.  2.19937267E-05  1.32427559E-06
  920.  2.20902055E-05  1.34133201E-06
  925.  2.02533599E-05  1.25898952E-06
  930.  1.98193996E-05  1.23270822E-06
  935.  2.09545951E-05  1.31099697E-06
  940.  1.9483216E-05  1.26419779E-06
  945.  2.10614199E-05  1.2883188E-06
