 -0.1  590.600931  0.0523389432
  0.300666667  622.427152  0.0535314524
  0.701333333  347.990837  0.0399197346
  1.102  154.716867  0.026326405
  1.50266667  61.6894419  0.0162776784
  1.90333333  25.9416007  0.01032471
  2.304  13.4244355  0.00733540028
  2.70466667  8.79114797  0.00591922908
  3.10533333  6.60777986  0.00511286806
  3.506  5.23826544  0.00451330807
  3.90666667  4.25789634  0.00401495257
  4.30733333  3.52210471  0.00360153696
  4.708  2.98395992  0.00327248864
  5.10866667  2.59933347  0.00303376241
  5.50933333  2.30344631  0.00284257951
  5.91  2.08380007  0.00269682443
  6.31066667  1.90120634  0.00257996783
  6.71133333  1.74872029  0.00247312126
  7.112  1.61632618  0.00237755748
  7.51266667  1.49537744  0.00228741732
  7.91333333  1.39261796  0.00221019213
  8.314  1.29624485  0.0021310484
  8.71466667  1.21097407  0.00206331863
  9.11533333  1.13254144  0.0019967869
  9.516  1.06515078  0.00194466017
  9.91666667  0.998205333  0.00188449299
  10.3173333  0.939096014  0.00183232121
  10.718  0.887082031  0.00178857376
  11.1186667  0.83533112  0.00173958067
  11.5193333  0.786570093  0.00169261037
  11.92  0.746758663  0.00165852232
  12.3206667  0.700608487  0.00160958508
  12.7213333  0.667695698  0.00158151285
  13.122  0.635057451  0.00155039971
  13.5226667  0.596892589  0.00150221243
  13.9233333  0.569482534  0.00147719102
  14.324  0.542297278  0.00145082527
  14.7246667  0.51430787  0.00141876436
  15.1253333  0.484911357  0.00138082874
  15.526  0.463117513  0.00136051651
  15.9266667  0.439985323  0.00132718794
  16.3273333  0.419127839  0.00130508466
  16.728  0.395982605  0.00126939727
  17.1286667  0.37418376  0.0012346153
  17.5293333  0.358009289  0.00121882858
  17.93  0.339619443  0.0011901397
  18.3306667  0.322862687  0.00117049428
  18.7313333  0.304262148  0.0011364265
  19.132  0.287808582  0.00110774278
  19.5326667  0.275026216  0.00109727023
  19.9333333  0.258814136  0.00106025231
  20.334  0.24484766  0.0010405414
  20.7346667  0.23105194  0.00101424698
  21.1353333  0.216523048  0.000976412633
  21.536  0.203707312  0.000944682955
  21.9366667  0.189392384  0.000921886189
  22.3373333  0.179029551  0.000893766027
  22.738  0.166029991  0.000860424397
  23.1386667  0.152127831  0.000817258454
  23.5393333  0.140881957  0.000779206387
  23.94  0.13116597  0.000754912756
  24.3406667  0.12083686  0.00072196182
  24.7413333  0.109033149  0.000673390881
  25.142  0.0976723294  0.000615930645
  25.5426667  0.0902249725  0.000579188894
  25.9433333  0.0812881445  0.000536558024
  26.344  0.0732222659  0.000499311751
  26.7446667  0.0676439997  0.00046538888
  27.1453333  0.0621931639  0.00044037012
  27.546  0.0581037123  0.000415899029
  27.9466667  0.0525168356  0.000386269244
  28.3473333  0.0490666514  0.000365910562
  28.748  0.0459498117  0.000354259034
  29.1486667  0.0416989693  0.000323618378
  29.5493333  0.038989815  0.000315980575
  29.95  0.0361590911  0.000290744763
  30.3506667  0.0330787841  0.000272594257
  30.7513333  0.0307445197  0.000256280618
  31.152  0.0285624966  0.00024138252
  31.5526667  0.0262103221  0.000219746033
  31.9533333  0.0245452985  0.000206713306
  32.354  0.0222348002  0.000181531102
  32.7546667  0.0211657001  0.000178374384
  33.1553333  0.0201657633  0.000169135257
  33.556  0.0192769443  0.000159081994
  33.9566667  0.0185409618  0.000158662075
  34.3573333  0.0176410689  0.000150630236
  34.758  0.0170364327  0.000142841259
  35.1586667  0.0166117028  0.000145238596
  35.5593333  0.0159529641  0.000142678254
  35.96  0.0153921961  0.000138342343
  36.3606667  0.0148545142  0.000130424541
  36.7613333  0.0142701039  0.00012699863
  37.162  0.0139372981  0.000126937334
  37.5626667  0.0135276528  0.00012210855
  37.9633333  0.0130339033  0.000123405373
  38.364  0.0127837619  0.000120106165
  38.7646667  0.0122036313  0.000115056572
  39.1653333  0.0119306579  0.000115227185
  39.566  0.0115039312  0.000114506054
  39.9666667  0.011519701  0.000117548616
  40.3673333  0.0109050562  0.000108315829
  40.768  0.0107730458  0.000105270682
  41.1686667  0.0104503291  0.000106735525
  41.5693333  0.0101243555  0.000103589467
  41.97  0.0100700805  0.00010589201
  42.3706667  0.00954120715  0.000102536496
  42.7713333  0.00945191517  9.9915564E-05
  43.172  0.00922621484  0.000102390774
  43.5726667  0.00884390024  9.70810878E-05
  43.9733333  0.00891036744  9.87008868E-05
  44.374  0.00849425609  9.75772969E-05
  44.7746667  0.00810580235  8.79513746E-05
  45.1753333  0.00811377079  9.81747941E-05
  45.576  0.00782673339  9.13893497E-05
  45.9766667  0.0077631234  8.69262176E-05
  46.3773333  0.00752636742  8.68101071E-05
  46.778  0.00726811888  8.48764173E-05
  47.1786667  0.00723783342  9.20566265E-05
  47.5793333  0.00707999719  8.91725288E-05
  47.98  0.00677332308  8.45896384E-05
  48.3806667  0.00657588714  8.0399542E-05
  48.7813333  0.00649254791  8.86913817E-05
  49.182  0.00634310623  8.16569887E-05
  49.5826667  0.0062511213  8.44266556E-05
  49.9833333  0.00614227579  8.10691751E-05
  50.384  0.00594952419  7.63124409E-05
  50.7846667  0.00579839923  8.17863878E-05
  51.1853333  0.00575155311  8.77394006E-05
  51.586  0.00557076424  7.57390959E-05
  51.9866667  0.00549126498  7.80007259E-05
  52.3873333  0.00528909754  7.49905604E-05
  52.788  0.00505917638  7.03685821E-05
  53.1886667  0.00510527773  7.46352217E-05
  53.5893333  0.00485048577  7.00755469E-05
  53.99  0.004793614  7.16537226E-05
  54.3906667  0.00458508715  6.68060016E-05
  54.7913333  0.00464805228  7.02599695E-05
  55.192  0.00452950504  7.13586578E-05
  55.5926667  0.00445877869  6.71846672E-05
  55.9933333  0.0044561777  6.96118442E-05
  56.394  0.00428046211  6.97498203E-05
  56.7946667  0.0042366288  6.61241435E-05
  57.1953333  0.0041330265  6.53783434E-05
  57.596  0.0040431887  6.83305834E-05
  57.9966667  0.00391744494  6.63314825E-05
  58.3973333  0.00384850761  6.42428727E-05
  58.798  0.00391122311  6.80870201E-05
  59.1986667  0.00371394447  7.13596403E-05
  59.5993333  0.00355632713  5.88216446E-05
