  100.  0.394230128  0.000156071906
  126.  0.0813047179  6.09032447E-05
  152.  0.0337258877  3.61038113E-05
  178.  0.017331093  2.45184567E-05
  204.  0.00992846768  1.77456999E-05
  230.  0.00614363894  1.34825853E-05
  256.  0.00401497536  1.05776167E-05
  282.  0.00273808087  8.51159851E-06
  308.  0.00193494002  6.99092644E-06
  334.  0.00139108351  5.78118768E-06
  360.  0.00103985  4.89036399E-06
  386.  0.000786647634  4.15100429E-06
  412.  0.000597320912  3.53620016E-06
  438.  0.000468274735  3.06693447E-06
  464.  0.000367174737  2.65406109E-06
  490.  0.00029659262  2.34399139E-06
  516.  0.000236640605  2.03951484E-06
  542.  0.000192626452  1.8022448E-06
  568.  0.000157911557  1.60574468E-06
  594.  0.000133132695  1.45545514E-06
  620.  0.000107443219  1.27160738E-06
  646.  8.92473668E-05  1.12599142E-06
  672.  7.55032202E-05  1.02902237E-06
  698.  6.51660765E-05  9.37901273E-07
  724.  5.35077962E-05  8.38572959E-07
  750.  4.74323759E-05  7.7386537E-07
  776.  4.00139101E-05  6.95126542E-07
  802.  3.5292139E-05  6.45108176E-07
  828.  2.87395117E-05  5.61291599E-07
  854.  2.58928704E-05  5.27268654E-07
  880.  2.27586353E-05  4.95235325E-07
  906.  1.91302538E-05  4.32628076E-07
  932.  1.67701035E-05  3.99349656E-07
  958.  1.50726251E-05  3.77783586E-07
  984.  1.32573264E-05  3.54511632E-07
  1010.  1.1017654E-05  3.10267712E-07
  1036.  1.00229516E-05  2.87183263E-07
  1062.  9.22989514E-06  2.76741971E-07
  1088.  7.73614548E-06  2.48782676E-07
  1114.  6.92836014E-06  2.3425036E-07
  1140.  6.09073984E-06  2.15919051E-07
  1166.  5.49163599E-06  2.05454789E-07
  1192.  5.21685375E-06  1.97998831E-07
  1218.  4.59562147E-06  1.82229598E-07
  1244.  4.0185064E-06  1.66473527E-07
  1270.  3.54347365E-06  1.52357991E-07
  1296.  3.34112009E-06  1.48119812E-07
  1322.  2.69327567E-06  1.24607581E-07
  1348.  2.75012283E-06  1.2900518E-07
  1374.  2.34593153E-06  1.16731763E-07
  1400.  2.41663149E-06  1.18773632E-07
  1426.  1.96717117E-06  1.04767511E-07
  1452.  1.69823415E-06  9.39181319E-08
  1478.  1.62524043E-06  9.05151803E-08
  1504.  1.47722307E-06  8.60092383E-08
  1530.  1.4689025E-06  8.50835139E-08
  1556.  1.28135768E-06  7.77036488E-08
  1582.  9.41009864E-07  6.3054505E-08
  1608.  9.89160761E-07  6.47814416E-08
  1634.  9.4510991E-07  6.60200224E-08
  1660.  9.28852911E-07  6.32419983E-08
  1686.  7.51284807E-07  5.56251727E-08
  1712.  7.58938124E-07  5.61414204E-08
  1738.  6.74749873E-07  5.16607788E-08
  1764.  5.79545888E-07  4.71155805E-08
  1790.  5.16739497E-07  4.34565911E-08
  1816.  5.38522468E-07  4.32161169E-08
  1842.  3.89295224E-07  3.6044926E-08
  1868.  3.50357772E-07  3.22638142E-08
  1894.  3.91514152E-07  3.54411946E-08
  1920.  3.53893663E-07  3.29359027E-08
  1946.  3.71703051E-07  3.26531518E-08
  1972.  3.1067273E-07  3.0943376E-08
  1998.  2.87535596E-07  3.06539678E-08
  2024.  2.61084765E-07  2.56319186E-08
  2050.  2.44871077E-07  2.48174878E-08
  2076.  1.94475085E-07  2.18832577E-08
  2102.  2.03261282E-07  2.28538847E-08
  2128.  1.75343763E-07  2.1085496E-08
  2154.  2.11923447E-07  2.1526567E-08
  2180.  1.78209464E-07  2.02176736E-08
  2206.  1.72270321E-07  2.05427087E-08
  2232.  1.23359421E-07  1.57923437E-08
  2258.  1.23606588E-07  1.62361561E-08
  2284.  1.3351905E-07  1.67510929E-08
  2310.  1.11125581E-07  1.45165987E-08
  2336.  1.13433762E-07  1.49095411E-08
  2362.  1.22799975E-07  1.60541759E-08
  2388.  1.0614895E-07  1.42268926E-08
  2414.  7.9866313E-08  1.22461095E-08
  2440.  6.96887022E-08  1.03707228E-08
  2466.  7.23247869E-08  1.11042328E-08
  2492.  7.87948329E-08  1.21022745E-08
  2518.  4.89952516E-08  7.33195E-09
  2544.  8.56912291E-08  1.15998477E-08
  2570.  4.54966487E-08  8.16888734E-09
  2596.  5.82727915E-08  8.92807874E-09
  2622.  5.68394055E-08  9.44355934E-09
  2648.  5.40270703E-08  9.20219247E-09
  2674.  5.35545744E-08  8.49950297E-09
  2700.  4.26100237E-08  8.32605645E-09
  2726.  3.47665026E-08  6.37075244E-09
  2752.  3.82899981E-08  6.98468747E-09
  2778.  5.09550966E-08  7.54263659E-09
  2804.  4.04543116E-08  7.1261196E-09
  2830.  1.59000137E-08  4.00521651E-09
  2856.  2.49928858E-08  5.2049768E-09
  2882.  1.88509246E-08  4.07459408E-09
  2908.  3.09501216E-08  6.00072783E-09
  2934.  2.02221783E-08  4.32853042E-09
  2960.  1.85780565E-08  4.18855347E-09
  2986.  1.7481324E-08  4.02914268E-09
  3012.  1.62542993E-08  3.79694881E-09
  3038.  1.77348298E-08  3.77637617E-09
  3064.  1.73980489E-08  4.02774679E-09
  3090.  1.20889834E-08  3.43425746E-09
  3116.  2.00841358E-08  4.45422549E-09
  3142.  1.26280569E-08  3.31067092E-09
  3168.  1.31881797E-08  3.12500123E-09
  3194.  1.25706275E-08  2.98588377E-09
  3220.  1.03047065E-08  2.67805689E-09
  3246.  8.83901608E-09  2.36027666E-09
  3272.  1.70929791E-08  3.70560311E-09
  3298.  1.10553576E-08  3.08487199E-09
  3324.  9.54421519E-09  2.27057599E-09
  3350.  1.01170998E-08  2.34170397E-09
  3376.  5.27138769E-09  1.85871967E-09
  3402.  7.24940758E-09  1.99496518E-09
  3428.  7.12616283E-09  1.78167167E-09
  3454.  2.78885194E-09  1.02660033E-09
  3480.  6.22800239E-09  1.89984555E-09
  3506.  3.33403127E-09  1.07680099E-09
  3532.  1.90350536E-09  8.37789512E-10
  3558.  5.5868311E-09  1.43741019E-09
  3584.  4.94418411E-09  1.58195438E-09
  3610.  3.79871874E-09  1.27048665E-09
  3636.  4.88453737E-09  1.35547826E-09
  3662.  3.05132177E-09  1.01067955E-09
  3688.  5.43996393E-09  1.57321624E-09
  3714.  3.17904894E-09  1.11756446E-09
  3740.  1.50498385E-09  6.96709161E-10
  3766.  2.38841661E-09  1.10844836E-09
  3792.  1.98408439E-09  9.47151093E-10
  3818.  2.96209201E-09  9.86538067E-10
  3844.  2.18413617E-09  8.70661795E-10
  3870.  3.71414948E-09  1.15066073E-09
  3896.  9.71990097E-10  5.81998053E-10
  3922.  2.17121381E-09  8.43654793E-10
  3948.  1.71651507E-09  6.38848479E-10
  3974.  1.55544917E-09  5.8417702E-10
