 -2.5  94.5386006  0.0784214658
 -2.46666667  96.0978115  0.0789651766
 -2.43333333  97.841516  0.0796861133
 -2.4  99.3140584  0.0802452055
 -2.36666667  101.118122  0.0809936276
 -2.33333333  102.717415  0.0815273874
 -2.3  104.388542  0.0821384982
 -2.26666667  105.978447  0.0826875769
 -2.23333333  107.751071  0.0833382478
 -2.2  109.378801  0.0838904028
 -2.16666667  111.140361  0.0844755367
 -2.13333333  112.809543  0.0850373386
 -2.1  114.516929  0.0855333993
 -2.06666667  115.904736  0.0858923232
 -2.03333333  117.594302  0.0864202727
 -2.  119.422771  0.0869491932
 -1.96666667  120.980868  0.0873302516
 -1.93333333  122.797811  0.0878881023
 -1.9  124.36536  0.0882324585
 -1.86666667  126.179681  0.0887207946
 -1.83333333  127.719896  0.0890495723
 -1.8  129.38465  0.0894559487
 -1.76666667  130.984153  0.0897789896
 -1.73333333  132.773043  0.0901448359
 -1.7  134.4251  0.0904985197
 -1.66666667  136.060184  0.0908270004
 -1.63333333  137.534166  0.0910027545
 -1.6  139.141993  0.0913123804
 -1.56666667  140.833282  0.0916288637
 -1.53333333  142.634899  0.0919570693
 -1.5  143.9788  0.0920617005
 -1.46666667  145.618811  0.0923288652
 -1.43333333  147.277154  0.0925716319
 -1.4  148.915829  0.0927881627
 -1.36666667  150.216854  0.0928323097
 -1.33333333  151.961334  0.0931713021
 -1.3  153.41412  0.0932685956
 -1.26666667  154.920785  0.0934401853
 -1.23333333  156.523024  0.0936230687
 -1.2  157.900154  0.0940201764
 -1.16666667  159.527029  0.0939520836
 -1.13333333  160.856846  0.0940166025
 -1.1  162.378845  0.094150235
 -1.06666667  163.787726  0.0942820895
 -1.03333333  165.197635  0.0944022498
 -1.  166.687949  0.0945994899
 -0.966666667  167.899886  0.0946501818
 -0.933333333  169.429763  0.0948685493
 -0.9  170.43186  0.0948284403
 -0.866666667  171.902095  0.0950020624
 -0.833333333  173.263288  0.095198306
 -0.8  174.461687  0.0952318286
 -0.766666667  175.677536  0.0953747474
 -0.733333333  176.951086  0.0954717629
 -0.7  178.145844  0.0956683708
 -0.666666667  179.27753  0.095772455
 -0.633333333  180.328269  0.0958719839
 -0.6  181.335662  0.095941649
 -0.566666667  182.43347  0.096165902
 -0.533333333  183.652466  0.0962923146
 -0.5  184.432589  0.0963455002
 -0.466666667  185.464931  0.0965106068
 -0.433333333  186.207755  0.0965720576
 -0.4  187.097697  0.0967452798
 -0.366666667  187.454837  0.0967055628
 -0.333333333  188.014373  0.0967266622
 -0.3  188.455751  0.0967648768
 -0.266666667  188.919949  0.0968148986
 -0.233333333  189.127954  0.0967682594
 -0.2  189.16592  0.0967051983
 -0.166666667  189.626504  0.0967873096
 -0.133333333  189.700494  0.0967142725
 -0.1  190.017359  0.096814989
 -0.0666666667  189.986541  0.0968000112
 -0.0333333333  190.225041  0.0968632229
 -9.41900637E-19  190.068376  0.0968315577
  0.0333333333  190.030035  0.0967724144
  0.0666666667  189.949721  0.0967862104
  0.1  189.826842  0.0967998842
  0.133333333  189.530281  0.096765009
  0.166666667  189.368471  0.0967768386
  0.2  189.207638  0.0968019404
  0.233333333  188.669294  0.0966991328
  0.266666667  188.505564  0.0967759578
  0.3  188.093195  0.0967762678
  0.333333333  187.758024  0.0968134863
  0.366666667  186.98769  0.0967278686
  0.4  186.391638  0.0966718651
  0.433333333  185.48519  0.0964956786
  0.466666667  184.572087  0.0963887378
  0.5  183.608889  0.0962802928
  0.533333333  182.504066  0.0960962308
  0.566666667  181.58928  0.0960531547
  0.6  180.241446  0.095825951
  0.633333333  179.251112  0.0957223509
  0.666666667  177.981671  0.0955241395
  0.7  177.258393  0.0956252576
  0.733333333  175.814026  0.0954160343
  0.766666667  174.464142  0.0952516028
  0.8  173.218765  0.0951269943
  0.833333333  172.148072  0.095115915
  0.866666667  170.607439  0.0948889113
  0.9  169.266737  0.0947861257
  0.933333333  167.993801  0.0947085564
  0.966666667  166.5331  0.094514482
  1.  165.203722  0.0944131775
  1.03333333  163.92847  0.0943747218
  1.06666667  162.249122  0.0941434242
  1.1  161.026062  0.09410146
  1.13333333  159.53926  0.0939439462
  1.16666667  157.930763  0.093763998
  1.2  156.530883  0.0936341151
  1.23333333  154.994883  0.0934978934
  1.26666667  153.438828  0.0992303433
  1.3  152.025502  0.0932002422
  1.33333333  150.352745  0.0929581698
  1.36666667  148.999038  0.092864202
  1.4  147.473995  0.0926816016
  1.43333333  145.800547  0.0924112325
  1.46666667  144.062746  0.0921293381
  1.5  142.447234  0.0918747447
  1.53333333  140.961637  0.0916749901
  1.56666667  139.231757  0.0913775976
  1.6  137.464579  0.0909815776
  1.63333333  135.984214  0.0907924629
  1.66666667  134.109894  0.0903521425
  1.7  132.818965  0.090185801
  1.73333333  130.911631  0.0897608129
  1.76666667  129.298619  0.0894273668
  1.8  127.688219  0.0890280947
  1.83333333  126.038682  0.0886723157
  1.86666667  124.336982  0.0882328632
  1.9  122.879989  0.0879310418
  1.93333333  121.155106  0.0874763807
  1.96666667  119.341512  0.0869146846
  2.  117.832574  0.0864916439
  2.03333333  116.03699  0.0859617645
  2.06666667  114.252802  0.0853848904
  2.1  112.67472  0.0849490546
  2.13333333  111.075493  0.0844494163
  2.16666667  109.379928  0.0838628534
  2.2  107.824024  0.0833795219
  2.23333333  106.130148  0.0828098399
  2.26666667  104.398662  0.0821432692
  2.3  102.812069  0.0815912015
  2.33333333  101.034952  0.0809134884
  2.36666667  99.3288417  0.0802655423
  2.4  97.6466191  0.0795778109
  2.43333333  96.0121212  0.0789563687
  2.46666667  94.3580018  0.0782183423
