  50.  0.479727656  0.00135365793
  50.1333333  0.456912843  0.00132339053
  50.2666667  0.437265907  0.00130565519
  50.4  0.417109167  0.00128170948
  50.5333333  0.399228547  0.00125473575
  50.6666667  0.382170932  0.00123234176
  50.8  0.368203265  0.00121846207
  50.9333333  0.352199529  0.00118875741
  51.0666667  0.339695976  0.00116793821
  51.2  0.329177895  0.0011576666
  51.3333333  0.313996206  0.00112174832
  51.4666667  0.304704132  0.00110589363
  51.6  0.293706618  0.00107921446
  51.7333333  0.282862536  0.00105779582
  51.8666667  0.274129264  0.00103861599
  52.  0.264396753  0.0010124629
  52.1333333  0.257969762  0.00100148944
  52.2666667  0.249198262  0.000975495742
  52.4  0.241298708  0.000953690109
  52.5333333  0.235131846  0.000941239093
  52.6666667  0.229395882  0.000925791565
  52.8  0.221987028  0.000906767007
  52.9333333  0.216308505  0.000889053423
  53.0666667  0.209037947  0.000870020025
  53.2  0.202017182  0.00084939904
  53.3333333  0.197294253  0.000834831894
  53.4666667  0.190712183  0.000813271785
  53.6  0.188054462  0.000807973562
  53.7333333  0.181738417  0.000790916786
  53.8666667  0.179161931  0.000783755927
  54.  0.174970611  0.000769898275
  54.1333333  0.170758787  0.000756312006
  54.2666667  0.165666884  0.000742532004
  54.4  0.162868777  0.000738581948
  54.5333333  0.158238475  0.000718119193
  54.6666667  0.154676474  0.000711144861
  54.8  0.151317492  0.000700803342
  54.9333333  0.147049307  0.000686879859
  55.0666667  0.144899307  0.000682258058
  55.2  0.142117584  0.000671489193
  55.3333333  0.138210707  0.00065902462
  55.4666667  0.134218861  0.000645461283
  55.6  0.133005188  0.000643631703
  55.7333333  0.130491482  0.000636441774
  55.8666667  0.12766549  0.000629243701
  56.  0.123556667  0.00061385206
  56.1333333  0.122709569  0.000613290564
  56.2666667  0.120587773  0.000606948912
  56.4  0.117519656  0.000594935541
  56.5333333  0.114450966  0.00058174736
  56.6666667  0.113588084  0.000582611339
  56.8  0.110916374  0.000572952196
  56.9333333  0.109284926  0.000567965509
  57.0666667  0.107223341  0.000565291787
  57.2  0.10503937  0.000553642354
  57.3333333  0.102896955  0.000549766882
  57.4666667  0.10114393  0.000543817348
  57.6  0.0992531393  0.000535695643
  57.7333333  0.0978961024  0.000532619101
  57.8666667  0.0962618327  0.000526053172
  58.  0.093911492  0.000516650999
  58.1333333  0.0942049613  0.00052224466
  58.2666667  0.0907851815  0.000508938297
  58.4  0.0895223125  0.000505010788
  58.5333333  0.0891010942  0.000504240955
  58.6666667  0.086700343  0.000495776709
  58.8  0.0849263225  0.000489586488
  58.9333333  0.0843591772  0.000489414634
  59.0666667  0.0818916218  0.000477877526
  59.2  0.0813744302  0.00047611935
  59.3333333  0.0798580446  0.000471273322
  59.4666667  0.0793733717  0.000472025023
  59.6  0.077409759  0.000464434998
  59.7333333  0.0761656046  0.000459261498
  59.8666667  0.0751375945  0.000457056279
  60.  0.0749471959  0.000459957507
  60.1333333  0.0731963488  0.000450851172
  60.2666667  0.0720894265  0.000447898508
  60.4  0.0713241651  0.000446235122
  60.5333333  0.0700215045  0.000439836539
  60.6666667  0.0687549235  0.000435399428
  60.8  0.0682022599  0.000435537829
  60.9333333  0.0671859904  0.00043198795
  61.0666667  0.0658721474  0.000427982525
  61.2  0.0651227005  0.000425161375
  61.3333333  0.0640381444  0.000419121557
  61.4666667  0.063996614  0.000421055553
  61.6  0.0621148668  0.00041414305
  61.7333333  0.0613060389  0.000409388056
  61.8666667  0.0611650493  0.000413446206
  62.  0.0590499357  0.000400289892
  62.1333333  0.0595019786  0.00040713009
  62.2666667  0.0582114824  0.000400902164
  62.4  0.0578335896  0.000402772392
  62.5333333  0.0562234738  0.000394641792
  62.6666667  0.0560101299  0.000394129295
  62.8  0.055826596  0.000392578528
  62.9333333  0.0547008532  0.000388237722
  63.0666667  0.0533826005  0.000383441122
  63.2  0.0534496969  0.000386544994
  63.3333333  0.0528915853  0.000385345224
  63.4666667  0.0517394107  0.000378712077
  63.6  0.0511001228  0.000377341124
  63.7333333  0.0501107867  0.000372668484
  63.8666667  0.050172975  0.000372535499
  64.  0.049524182  0.000373108952
  64.1333333  0.0489230758  0.000373141895
  64.2666667  0.0484177617  0.000370262112
  64.4  0.048039956  0.000368885845
  64.5333333  0.0476354308  0.000369189911
  64.6666667  0.0460267299  0.000360049499
  64.8  0.0455440119  0.000359715375
  64.9333333  0.0450633629  0.000358137618
  65.0666667  0.0446172285  0.000355788964
  65.2  0.0445098637  0.000360702704
  65.3333333  0.0433688634  0.000351138892
  65.4666667  0.043845838  0.000358121984
  65.6  0.0425306972  0.000348202766
  65.7333333  0.0427750067  0.00035193527
  65.8666667  0.0417533169  0.000349163965
  66.  0.0416484202  0.000347803206
  66.1333333  0.0401512601  0.000337025326
  66.2666667  0.0405135021  0.000344345798
  66.4  0.0406591803  0.000344275096
  66.5333333  0.0394467808  0.000336157807
  66.6666667  0.0386187317  0.000333708435
  66.8  0.0389428592  0.000335106056
  66.9333333  0.0379936071  0.000331523097
  67.0666667  0.038019538  0.000331016209
  67.2  0.0373787239  0.000327615806
  67.3333333  0.0367015526  0.000322748742
  67.4666667  0.0371144689  0.000328323887
  67.6  0.0360849863  0.000320343561
  67.7333333  0.0359549134  0.000322851791
  67.8666667  0.0352508105  0.000317246875
  68.  0.0351758989  0.000316436135
  68.1333333  0.0345664273  0.000315188149
  68.2666667  0.0347310434  0.0003129397
  68.4  0.0341880271  0.000312669135
  68.5333333  0.0333069274  0.000305678133
  68.6666667  0.0331382429  0.000305361588
  68.8  0.0324376728  0.000298615691
  68.9333333  0.032583875  0.0003024723
  69.0666667  0.0325191627  0.000304460428
  69.2  0.0319490433  0.000298291608
  69.3333333  0.0316337426  0.000296303603
  69.4666667  0.0311264605  0.000292920298
  69.6  0.0305609022  0.000286712333
  69.7333333  0.0303156847  0.000286868652
  69.8666667  0.0298087543  0.00028613488
