  200.  0.0043643913  1.74371344E-05
  205.  0.0039147753  1.63803602E-05
  210.  0.00349994879  1.53015875E-05
  215.  0.00316800634  1.4471882E-05
  220.  0.00285728889  1.36372038E-05
  225.  0.00257390198  1.27948538E-05
  230.  0.0023620976  1.22215562E-05
  235.  0.00213157658  1.1433939E-05
  240.  0.00194660011  1.08516989E-05
  245.  0.00177652439  1.03060236E-05
  250.  0.00161231937  9.72449478E-06
  255.  0.00147867753  9.22502633E-06
  260.  0.00136356442  8.81708494E-06
  265.  0.00124278154  8.37257059E-06
  270.  0.00114606172  7.95145393E-06
  275.  0.00104544094  7.53217349E-06
  280.  0.000970842558  7.18177491E-06
  285.  0.000894476656  6.86542209E-06
  290.  0.000819650477  6.4927215E-06
  295.  0.000767947908  6.27941855E-06
  300.  0.000704465662  5.95206879E-06
  305.  0.000652608965  5.66821828E-06
  310.  0.000605224998  5.4216578E-06
  315.  0.000560553595  5.15426172E-06
  320.  0.000525830535  4.96849626E-06
  325.  0.000491087447  4.7737558E-06
  330.  0.00045018632  4.53185627E-06
  335.  0.000418030178  4.3292335E-06
  340.  0.000387549243  4.11050236E-06
  345.  0.000367051771  4.00730909E-06
  350.  0.00033557089  3.76448562E-06
  355.  0.000312016366  3.59682822E-06
  360.  0.000293404755  3.49221926E-06
  365.  0.000275312227  3.32982889E-06
  370.  0.000257283429  3.1949678E-06
  375.  0.00023866852  3.0674265E-06
  380.  0.00022282832  2.90414146E-06
  385.  0.000208849817  2.82928968E-06
  390.  0.000198404896  2.70464431E-06
  395.  0.000185800181  2.6037178E-06
  400.  0.000171632739  2.50264373E-06
  405.  0.000164714465  2.42856976E-06
  410.  0.000149113713  2.27172504E-06
  415.  0.000140722738  2.18039878E-06
  420.  0.000135313913  2.13753111E-06
  425.  0.000121206552  1.9747974E-06
  430.  0.000117151165  1.91993031E-06
  435.  0.00010892635  1.83017243E-06
  440.  0.000102382414  1.77169628E-06
  445.  9.68672003E-05  1.70331787E-06
  450.  9.32204208E-05  1.6527793E-06
  455.  8.66936306E-05  1.5861031E-06
  460.  7.9913979E-05  1.49737162E-06
  465.  7.52885485E-05  1.42935194E-06
  470.  7.50375902E-05  1.43719551E-06
  475.  6.80697167E-05  1.34928705E-06
  480.  6.23503252E-05  1.26957345E-06
  485.  6.2998358E-05  1.27995421E-06
  490.  5.83190739E-05  1.21505104E-06
  495.  5.36229595E-05  1.14558081E-06
  500.  5.04736636E-05  1.09808324E-06
  505.  4.62444736E-05  1.03655717E-06
  510.  4.4235109E-05  1.00253351E-06
  515.  4.02396728E-05  9.34802972E-07
  520.  3.72485274E-05  8.81492141E-07
  525.  3.6498338E-05  8.90717075E-07
  530.  3.49869609E-05  8.47720835E-07
  535.  3.33832894E-05  8.20098077E-07
  540.  3.22348176E-05  7.94411409E-07
  545.  2.95905003E-05  7.51518783E-07
  550.  2.7037382E-05  7.07680069E-07
  555.  2.59905702E-05  6.84805711E-07
  560.  2.47534303E-05  6.65824349E-07
  565.  2.3878314E-05  6.36748624E-07
  570.  2.22891246E-05  6.11476637E-07
  575.  2.05846139E-05  5.94306471E-07
  580.  1.96424023E-05  5.62931857E-07
  585.  1.89933151E-05  5.53775154E-07
  590.  1.78367059E-05  5.23576715E-07
  595.  1.65194952E-05  4.99112908E-07
  600.  1.60145548E-05  4.85833288E-07
  605.  1.581914E-05  4.86098649E-07
  610.  1.42958487E-05  4.44983841E-07
  615.  1.23489121E-05  4.05760995E-07
  620.  1.17527153E-05  3.88193427E-07
  625.  1.15931646E-05  3.83243854E-07
  630.  1.07023681E-05  3.63166503E-07
  635.  1.00641848E-05  3.46920975E-07
  640.  1.01379971E-05  3.53511859E-07
  645.  9.54060991E-06  3.33553431E-07
  650.  8.42965948E-06  3.06872032E-07
  655.  8.43908337E-06  3.03150597E-07
  660.  7.71138813E-06  2.87372375E-07
  665.  7.71519357E-06  2.87122945E-07
  670.  7.29487091E-06  2.72886667E-07
  675.  6.54537826E-06  2.50926788E-07
  680.  6.29195432E-06  2.43467061E-07
  685.  6.03121509E-06  2.37918517E-07
  690.  5.2587197E-06  2.13609467E-07
  695.  5.20428252E-06  2.11079682E-07
  700.  5.06068047E-06  2.0747293E-07
  705.  4.8905173E-06  1.99795637E-07
  710.  4.54457655E-06  1.89093779E-07
  715.  4.13562566E-06  1.7386556E-07
  720.  3.91533142E-06  1.71024521E-07
  725.  3.94052947E-06  1.73069788E-07
  730.  3.31416773E-06  1.48790294E-07
  735.  3.2752817E-06  1.50147373E-07
  740.  3.07921225E-06  1.41839859E-07
  745.  3.01080869E-06  1.3664756E-07
  750.  2.72917246E-06  1.30790019E-07
  755.  2.39748309E-06  1.16153883E-07
  760.  2.67116322E-06  1.26142884E-07
  765.  2.37077165E-06  1.15353226E-07
  770.  2.20503788E-06  1.08833553E-07
  775.  1.93696875E-06  9.89455145E-08
  780.  2.03382461E-06  1.03737852E-07
  785.  1.94962582E-06  9.89596117E-08
  790.  1.74807897E-06  9.07991466E-08
  795.  1.69961659E-06  8.9428781E-08
  800.  1.53905846E-06  8.17109992E-08
  805.  1.41738212E-06  7.40172586E-08
  810.  1.51007243E-06  8.1229483E-08
  815.  1.31583403E-06  7.22573624E-08
  820.  1.36231042E-06  7.42856138E-08
  825.  1.31799919E-06  7.18754554E-08
  830.  1.16710743E-06  6.74754484E-08
  835.  1.0299231E-06  5.93081642E-08
  840.  9.36936425E-07  5.53440129E-08
  845.  1.03468109E-06  5.96738202E-08
  850.  8.4805701E-07  5.11586277E-08
  855.  8.48955204E-07  4.99704725E-08
  860.  7.60060857E-07  4.63888983E-08
  865.  8.11390597E-07  4.75965129E-08
  870.  7.064697E-07  4.32616363E-08
  875.  7.58372742E-07  4.60052787E-08
  880.  6.31399897E-07  4.10668357E-08
  885.  6.84932599E-07  4.14533852E-08
  890.  5.53311941E-07  3.53183906E-08
  895.  4.93567177E-07  3.26403996E-08
  900.  4.78058007E-07  3.15042895E-08
  905.  4.65822784E-07  3.09038283E-08
  910.  4.52752999E-07  2.9524537E-08
  915.  4.09349119E-07  2.83671806E-08
  920.  3.62756352E-07  2.59398139E-08
  925.  3.84752099E-07  2.66170639E-08
  930.  3.26848002E-07  2.32256031E-08
  935.  2.9035989E-07  2.18222802E-08
  940.  2.83561176E-07  2.07491646E-08
  945.  2.828404E-07  2.13166695E-08
