  20.  1.27017969  0.00112535932
  20.5  1.722084  0.0013089217
  21.  2.00546257  0.00141433583
  21.5  2.17382788  0.00147151895
  22.  2.29362339  0.00151061553
  22.5  2.40837437  0.00154736098
  23.  2.5252115  0.00158184493
  23.5  2.65018079  0.00161669735
  24.  2.79079142  0.00165170978
  24.5  2.95352712  0.00168739317
  25.  3.11022889  0.00172223894
  25.5  3.20991024  0.00175234023
  26.  3.27795672  0.00178347028
  26.5  3.33691841  0.00181372016
  27.  3.39746972  0.00184279689
  27.5  3.4616842  0.00187359765
  28.  3.52921465  0.00190149933
  28.5  3.59988318  0.00192951134
  29.  3.67387533  0.00195966784
  29.5  3.75414543  0.00198863726
  30.  3.83967615  0.00201922668
  30.5  3.92859067  0.00205016562
  31.  4.01352752  0.00207643514
  31.5  4.11142653  0.00210769639
  32.  4.20906811  0.00213840005
  32.5  4.30908363  0.00216734735
  33.  4.42115216  0.00220033253
  33.5  4.53541932  0.00223192539
  34.  4.64913468  0.00226339868
  34.5  4.77262198  0.00229517834
  35.  4.90525837  0.0023294903
  35.5  5.03616489  0.0023609645
  36.  5.18205591  0.00239626631
  36.5  5.34044924  0.00243399747
  37.  5.50503934  0.0024721225
  37.5  5.68579288  0.00251407166
  38.  5.87765136  0.00255661412
  38.5  6.08682431  0.00260202436
  39.  6.31953412  0.002651384
  39.5  6.5792305  0.00270661236
  40.  6.86922773  0.0027669302
  40.5  7.19725946  0.00283364364
  41.  7.57537536  0.00290944727
  41.5  8.02698582  0.00299866657
  42.  8.55795082  0.00309903999
  42.5  9.21906999  0.00322237554
  43.  10.0074364  0.00336379187
  43.5  10.9113812  0.0035235485
  44.  11.7229038  0.00367136838
  44.5  12.035805  0.00370697747
  45.  11.2917411  0.00359192246
  45.5  9.34562495  0.00326735366
  46.  6.78145977  0.00277901682
  46.5  4.43611368  0.002231973
  47.  2.77506111  0.00174008105
  47.5  1.77030948  0.00136242727
  48.  1.19878083  0.00109787876
  48.5  0.871400402  0.000923202903
  49.  0.673635272  0.000810717251
  49.5  0.542583823  0.000735287584
  50.  0.449796445  0.000681312622
  50.5  0.380867121  0.000636022449
  51.  0.328398592  0.000593309135
  51.5  0.287450382  0.000551140694
  52.  0.25515299  0.000512770191
  52.5  0.227311024  0.000474499408
  53.  0.204195387  0.000441222107
  53.5  0.184815716  0.000412181676
  54.  0.168117412  0.000386982364
  54.5  0.154187876  0.000365674121
  55.  0.142098605  0.000347541976
  55.5  0.131429273  0.000330285938
  56.  0.121338266  0.000313671334
  56.5  0.113349699  0.000300806504
  57.  0.105322828  0.000287436367
  57.5  0.0982392462  0.000275584562
  58.  0.0922956308  0.000265468013
  58.5  0.086774339  0.000255951912
  59.  0.0813570378  0.000246754797
  59.5  0.0769567389  0.000238664386
  60.  0.072855134  0.000232760837
  60.5  0.0687018753  0.000224847828
  61.  0.0653816653  0.00021970845
  61.5  0.0618573866  0.000213285969
  62.  0.0590536465  0.000208638398
  62.5  0.0558646784  0.000202934095
  63.  0.0533733244  0.000199311378
  63.5  0.0511661671  0.000196302099
  64.  0.0485565164  0.00019079267
  64.5  0.0463196032  0.00018688752
  65.  0.0441976628  0.000184121533
  65.5  0.0424686901  0.00018127372
  66.  0.0406457903  0.000176829747
  66.5  0.0392819813  0.00017416751
  67.  0.0374989275  0.000169449827
  67.5  0.0357452925  0.000164229094
  68.  0.0346155659  0.000161634015
  68.5  0.0331334082  0.000158267143
  69.  0.0318938679  0.000153653603
  69.5  0.0306817951  0.000149972629
  70.  0.0293008218  0.000146118694
  70.5  0.0283007483  0.000142550711
  71.  0.0277326581  0.000142071348
  71.5  0.0264816216  0.000137607474
  72.  0.0254131673  0.000133856206
  72.5  0.0250129832  0.00013346282
  73.  0.0235937154  0.000128027025
  73.5  0.0230023518  0.000126813246
  74.  0.0221019477  0.000123432427
  74.5  0.021510841  0.000121061592
  75.  0.0209132188  0.00011976092
  75.5  0.0199895128  0.000116209827
  76.  0.0195240325  0.000115182513
  76.5  0.0186049392  0.000110737696
  77.  0.0181664352  0.000109971388
  77.5  0.01764051  0.000108422792
  78.  0.0171926015  0.000106572094
  78.5  0.0167857064  0.00010546058
  79.  0.0162398839  0.000103121715
  79.5  0.01570709  0.000101657242
  80.  0.0151277201  9.86666347E-05
  80.5  0.0147674563  9.75874544E-05
  81.  0.0142988355  9.57693914E-05
  81.5  0.0137573873  9.32933565E-05
  82.  0.0135316301  9.22460593E-05
  82.5  0.0129995203  8.9961756E-05
  83.  0.0126755595  8.89307343E-05
  83.5  0.0124019483  8.7678128E-05
  84.  0.0119287146  8.56284621E-05
  84.5  0.0116716202  8.44610927E-05
  85.  0.0114325734  8.34924995E-05
  85.5  0.010913599  8.05551203E-05
  86.  0.0107376724  8.0244741E-05
  86.5  0.010522649  7.96887942E-05
  87.  0.0102170929  7.8454725E-05
  87.5  0.00993630131  7.73889913E-05
  88.  0.00962762966  7.57850748E-05
  88.5  0.00953690477  7.54097825E-05
  89.  0.00906319307  7.33235547E-05
  89.5  0.00908738053  7.30224599E-05
  90.  0.00863464889  7.07242724E-05
  90.5  0.00838741425  6.97855416E-05
  91.  0.00821535248  6.88339392E-05
  91.5  0.00813587095  6.86553156E-05
  92.  0.00787690827  6.72591973E-05
  92.5  0.00772770955  6.66327243E-05
  93.  0.00756809894  6.60751737E-05
  93.5  0.00735855162  6.43605948E-05
  94.  0.00699898093  6.24958885E-05
  94.5  0.00695093774  6.24913411E-05
