  50.  0.181065052  5.4057566E-05
  55.  0.181662368  5.80418674E-05
  60.  0.180684876  6.59308874E-05
  65.  0.193629932  7.59510599E-05
  70.  0.231869316  9.28345317E-05
  75.  0.330871834  0.00012723901
  80.  0.666041871  0.000219240533
  85.  3.75598795  0.000621156615
  90.  7.24391251  0.000867894851
  95.  0.739205538  0.000250480803
  100.  0.164429175  0.00011925653
  105.  0.0700615211  7.47883605E-05
  110.  0.0382880496  4.94847563E-05
  115.  0.0239183406  3.58502759E-05
  120.  0.0164078335  2.78638369E-05
  125.  0.0118913531  2.2775617E-05
  130.  0.0090074263  2.13176351E-05
  135.  0.00706553214  1.88791843E-05
  140.  0.00570924917  1.65217159E-05
  145.  0.0046472745  1.44059081E-05
  150.  0.00386369834  1.27239618E-05
  155.  0.00325611377  1.14108962E-05
  160.  0.00275974831  1.02931731E-05
  165.  0.00236632249  9.23887626E-06
  170.  0.00205949882  8.44576487E-06
  175.  0.00181137515  7.87642437E-06
  180.  0.00158133958  7.10827802E-06
  185.  0.00140943036  6.69920489E-06
  190.  0.00123649369  6.01914854E-06
  195.  0.00110256407  5.6148342E-06
  200.  0.000980820688  5.24718642E-06
  205.  0.000879860531  4.91952224E-06
  210.  0.000788663249  4.54855796E-06
  215.  0.000719803399  4.297485E-06
  220.  0.000639822524  4.02352609E-06
  225.  0.00058136077  3.78332861E-06
  230.  0.000527148227  3.51694045E-06
  235.  0.000483473051  3.40772533E-06
  240.  0.000441771068  3.16070465E-06
  245.  0.000396928014  2.91794329E-06
  250.  0.000364867235  2.78616755E-06
  255.  0.000334581178  2.65321782E-06
  260.  0.000308101326  2.52141415E-06
  265.  0.000280168058  2.35418454E-06
  270.  0.000259106727  2.2671314E-06
  275.  0.000236726027  2.1413299E-06
  280.  0.000221227511  2.04267065E-06
  285.  0.000204431551  1.95927944E-06
  290.  0.000190227106  1.88013672E-06
  295.  0.000174681241  1.775193E-06
  300.  0.000159762386  1.66669835E-06
  305.  0.000150375404  1.63917208E-06
  310.  0.000139659828  1.54931431E-06
  315.  0.000126700515  1.4213677E-06
  320.  0.000121029349  1.43170389E-06
  325.  0.000112206708  1.35191159E-06
  330.  0.000102275787  1.26287229E-06
  335.  9.63324705E-05  1.22653462E-06
  340.  8.92827703E-05  1.14659947E-06
  345.  8.49490991E-05  1.1313876E-06
  350.  7.70281679E-05  1.04910887E-06
  355.  7.31828356E-05  1.03434982E-06
  360.  6.898478E-05  9.91651635E-07
  365.  6.61924341E-05  9.72616264E-07
  370.  5.89097805E-05  8.91284313E-07
  375.  5.5182758E-05  8.44842072E-07
  380.  5.19002104E-05  8.23298118E-07
  385.  4.7924435E-05  7.88102388E-07
  390.  4.58081603E-05  7.46866073E-07
  395.  4.22690798E-05  7.17370817E-07
  400.  3.908002E-05  6.62427394E-07
  405.  3.92455781E-05  6.95936631E-07
  410.  3.44846222E-05  6.17861869E-07
  415.  3.28828718E-05  6.07246031E-07
  420.  3.20226792E-05  6.08320031E-07
  425.  2.95321555E-05  5.76788462E-07
  430.  2.82117854E-05  5.60864987E-07
  435.  2.55504221E-05  5.09349087E-07
  440.  2.42499046E-05  5.02239882E-07
  445.  2.30377419E-05  4.7766965E-07
  450.  2.09193327E-05  4.53128528E-07
  455.  1.9970924E-05  4.28378855E-07
  460.  1.87097289E-05  4.01804043E-07
  465.  1.82479005E-05  3.97898633E-07
  470.  1.72514265E-05  3.91334473E-07
  475.  1.59998045E-05  3.72034748E-07
  480.  1.49392838E-05  3.62388884E-07
  485.  1.45702504E-05  3.48880228E-07
  490.  1.37586568E-05  3.33503177E-07
  495.  1.26842937E-05  3.15558796E-07
  500.  1.18512363E-05  3.00143397E-07
  505.  1.10652736E-05  2.94291953E-07
  510.  1.05262352E-05  2.76837362E-07
  515.  9.81323951E-06  2.58878591E-07
  520.  9.30590763E-06  2.4563841E-07
  525.  8.64992988E-06  2.45219347E-07
  530.  8.47314779E-06  2.3245324E-07
  535.  7.87192674E-06  2.21871471E-07
  540.  7.6264491E-06  2.25378059E-07
  545.  7.24541103E-06  2.11789645E-07
  550.  6.64704076E-06  1.9942559E-07
  555.  6.12979025E-06  1.90541372E-07
  560.  5.95388998E-06  1.83255958E-07
  565.  5.90293999E-06  1.88445274E-07
  570.  5.11929224E-06  1.61484498E-07
  575.  4.89397549E-06  1.62525135E-07
  580.  4.74282256E-06  1.55994426E-07
  585.  4.50204591E-06  1.52167417E-07
  590.  4.20822457E-06  1.4314908E-07
  595.  3.92177194E-06  1.33413135E-07
  600.  3.8295726E-06  1.34092131E-07
  605.  3.58061098E-06  1.31659943E-07
  610.  3.55223252E-06  1.26332353E-07
  615.  2.99281392E-06  1.06594949E-07
  620.  3.15105237E-06  1.18335062E-07
  625.  2.87729564E-06  1.07420917E-07
  630.  2.7887164E-06  1.11190137E-07
  635.  2.40437352E-06  9.64623041E-08
  640.  2.40867094E-06  9.60471485E-08
  645.  2.36876058E-06  9.36863205E-08
  650.  2.09037718E-06  8.8519132E-08
  655.  2.04931267E-06  8.3621735E-08
  660.  1.94110204E-06  7.9425408E-08
  665.  1.81615195E-06  7.69600522E-08
  670.  1.72254176E-06  7.00816687E-08
  675.  1.57136106E-06  6.90302474E-08
  680.  1.54855488E-06  7.27519924E-08
  685.  1.43273021E-06  6.32453024E-08
  690.  1.2801414E-06  5.72745967E-08
  695.  1.40384751E-06  6.45033211E-08
  700.  1.20693243E-06  5.68527526E-08
  705.  1.24596542E-06  5.82153529E-08
  710.  1.14333315E-06  5.62023556E-08
  715.  1.09246114E-06  5.13833383E-08
  720.  9.29057443E-07  4.4653917E-08
  725.  8.8223256E-07  4.28168252E-08
  730.  8.82128275E-07  4.41305795E-08
  735.  8.33977073E-07  4.08814301E-08
  740.  7.59266597E-07  3.8363938E-08
  745.  7.16258225E-07  3.57644812E-08
  750.  6.86659372E-07  3.78177032E-08
  755.  6.6300264E-07  3.60580217E-08
  760.  6.76557826E-07  3.66838835E-08
  765.  5.87453388E-07  3.15535963E-08
  770.  5.92170462E-07  3.14399182E-08
  775.  4.90437791E-07  2.76998684E-08
  780.  4.67079674E-07  2.72984955E-08
  785.  4.8453823E-07  2.69568506E-08
  790.  4.27797463E-07  2.45395168E-08
  795.  4.00747643E-07  2.27520931E-08
