 -0.1  79.4465829  0.0102801206
  0.300666667  96.8745074  0.0113088087
  0.701333333  73.1083092  0.00988519183
  1.102  47.9309829  0.0080723977
  1.50266667  28.1160869  0.0062029318
  1.90333333  15.2255811  0.00456055594
  2.304  7.91395697  0.00326457134
  2.70466667  4.15743111  0.00233558456
  3.10533333  2.34368218  0.00172118464
  3.506  1.47460851  0.00133949615
  3.90666667  1.04545672  0.00110862565
  4.30733333  0.811389618  0.000961644263
  4.708  0.666616198  0.000863453449
  5.10866667  0.567214725  0.000787986928
  5.50933333  0.49502788  0.000730588881
  5.91  0.442750162  0.000687775602
  6.31066667  0.398149269  0.000649349987
  6.71133333  0.363346698  0.000619033824
  7.112  0.333279011  0.000590869584
  7.51266667  0.306082087  0.000563433609
  7.91333333  0.283957698  0.000542329175
  8.314  0.265231167  0.000523749644
  8.71466667  0.246223867  0.000503541065
  9.11533333  0.230668992  0.000487207875
  9.516  0.215122967  0.000470350498
  9.91666667  0.20285582  0.000457902144
  10.3173333  0.189956235  0.000443566579
  10.718  0.178699138  0.000431098093
  11.1186667  0.168172928  0.00041765718
  11.5193333  0.159161714  0.000409320005
  11.92  0.149289002  0.000395936937
  12.3206667  0.141397769  0.000386122043
  12.7213333  0.134502443  0.000379212737
  13.122  0.126622727  0.000368945025
  13.5226667  0.11899807  0.000356951346
  13.9233333  0.113305824  0.000351201442
  14.324  0.108494257  0.000345320716
  14.7246667  0.101978445  0.00033365417
  15.1253333  0.096855331  0.000327317788
  15.526  0.0916597916  0.00031998544
  15.9266667  0.0867199526  0.000310689088
  16.3273333  0.0829032355  0.000306790222
  16.728  0.0782411203  0.000297927223
  17.1286667  0.073976707  0.000290579933
  17.5293333  0.0711991014  0.00028704609
  17.93  0.0670697213  0.000278187788
  18.3306667  0.0636198984  0.00027230781
  18.7313333  0.0596268772  0.000263482017
  19.132  0.0564975929  0.000256914705
  19.5326667  0.0536607149  0.000253230092
  19.9333333  0.0508779517  0.000247200082
  20.334  0.0480162832  0.000239223886
  20.7346667  0.045125379  0.000232976703
  21.1353333  0.0424897411  0.000227624749
  21.536  0.03994353  0.000218445364
  21.9366667  0.0373587981  0.000211986453
  22.3373333  0.0352007234  0.000204795738
  22.738  0.0325519017  0.000196842791
  23.1386667  0.0302901764  0.000188979423
  23.5393333  0.0281217525  0.000182501556
  23.94  0.0260426509  0.000173677961
  24.3406667  0.0238337498  0.000161641157
  24.7413333  0.0217993239  0.000153184333
  25.142  0.019968855  0.000145625653
  25.5426667  0.0181705627  0.000136358838
  25.9433333  0.0164243331  0.000124565793
  26.344  0.0153757056  0.000119212517
  26.7446667  0.01380704  0.000109253465
  27.1453333  0.0127634912  0.000104415844
  27.546  0.0120616167  0.000100375153
  27.9466667  0.0110765226  9.28827752E-05
  28.3473333  0.0103253582  8.75430545E-05
  28.748  0.00965172317  8.50926129E-05
  29.1486667  0.008958397  8.00912562E-05
  29.5493333  0.00852555568  7.74985844E-05
  29.95  0.00776326867  6.97292042E-05
  30.3506667  0.00725908771  6.82178387E-05
  30.7513333  0.00671403229  6.30520618E-05
  31.152  0.00634173245  6.01647746E-05
  31.5526667  0.00581168731  5.73216734E-05
  31.9533333  0.00546489303  5.34458063E-05
  32.354  0.00520214797  5.01649732E-05
  32.7546667  0.00488715078  4.75867902E-05
  33.1553333  0.00471062266  4.62656589E-05
  33.556  0.00443360212  4.41796552E-05
  33.9566667  0.00430253682  4.33984969E-05
  34.3573333  0.00413050945  4.34816373E-05
  34.758  0.0039535024  4.02846429E-05
  35.1586667  0.00378584885  3.92902142E-05
  35.5593333  0.00369987389  3.94764981E-05
  35.96  0.00354411412  3.68770785E-05
  36.3606667  0.00348167842  3.71509432E-05
  36.7613333  0.00324900603  3.52723599E-05
  37.162  0.00322957541  3.45241814E-05
  37.5626667  0.00315833345  3.46755824E-05
  37.9633333  0.00301099741  3.35366786E-05
  38.364  0.00293418009  3.34972231E-05
  38.7646667  0.00287065888  3.33814098E-05
  39.1653333  0.00277145954  3.34691102E-05
  39.566  0.00265292283  3.04619556E-05
  39.9666667  0.00262795049  3.09539738E-05
  40.3673333  0.00250728654  3.1147166E-05
  40.768  0.00247566022  2.97721936E-05
  41.1686667  0.00236991012  2.84370484E-05
  41.5693333  0.00235344345  2.95568998E-05
  41.97  0.00223799588  2.77919495E-05
  42.3706667  0.00216062369  2.78943623E-05
  42.7713333  0.00212565097  2.66173276E-05
  43.172  0.00217896131  2.90342811E-05
  43.5726667  0.00203058271  2.56990712E-05
  43.9733333  0.00202586453  2.62815184E-05
  44.374  0.0019667339  2.67219035E-05
  44.7746667  0.00189373756  2.56028928E-05
  45.1753333  0.00183261965  2.55095592E-05
  45.576  0.00179930398  2.39576566E-05
  45.9766667  0.00177068317  2.51803507E-05
  46.3773333  0.00167620431  2.29640206E-05
  46.778  0.00166768414  2.4826276E-05
  47.1786667  0.00163592373  2.34265325E-05
  47.5793333  0.00157230454  2.21384006E-05
  47.98  0.00153954241  2.33159807E-05
  48.3806667  0.0015373448  2.29650327E-05
  48.7813333  0.00147003483  2.23936082E-05
  49.182  0.00145141606  2.32309054E-05
  49.5826667  0.00139307828  2.09656676E-05
  49.9833333  0.00137517524  2.18579976E-05
  50.384  0.00134749643  2.05569319E-05
  50.7846667  0.001355431  2.20719307E-05
  51.1853333  0.00130858424  2.07936174E-05
  51.586  0.00125457329  2.09627184E-05
  51.9866667  0.00122553411  2.05474937E-05
  52.3873333  0.00120425831  2.11433655E-05
  52.788  0.00118103002  1.90173388E-05
  53.1886667  0.00117098597  2.16815361E-05
  53.5893333  0.00110858684  2.03735907E-05
  53.99  0.00110385461  1.93580573E-05
  54.3906667  0.00104690655  1.81816952E-05
  54.7913333  0.0010794264  2.02480537E-05
  55.192  0.00103747563  1.84593265E-05
  55.5926667  0.00098008966  1.72095647E-05
  55.9933333  0.000983762981  1.71646842E-05
  56.394  0.000947546278  1.649542E-05
  56.7946667  0.00092186579  1.73295005E-05
  57.1953333  0.000891779278  1.66364969E-05
  57.596  0.000893225036  1.68234685E-05
  57.9966667  0.000908638409  1.76977136E-05
  58.3973333  0.000860407391  1.58900396E-05
  58.798  0.000863800693  1.74114277E-05
  59.1986667  0.000863253938  1.6688737E-05
  59.5993333  0.000820434738  1.64504076E-05
