  50.  0.476125971  0.00134545361
  50.1333333  0.45898814  0.00133447492
  50.2666667  0.436574591  0.00130472236
  50.4  0.417333341  0.00127944218
  50.5333333  0.400486749  0.00125915088
  50.6666667  0.381722767  0.00123299282
  50.8  0.366396209  0.0012148586
  50.9333333  0.351123202  0.00118428226
  51.0666667  0.339248465  0.00116557698
  51.2  0.326310396  0.00114686346
  51.3333333  0.315867158  0.00112888442
  51.4666667  0.303701457  0.00110167481
  51.6  0.293195702  0.0010821029
  51.7333333  0.283592708  0.00105714916
  51.8666667  0.273755171  0.00103718137
  52.  0.265477654  0.00101849643
  52.1333333  0.258513618  0.00100096658
  52.2666667  0.250411043  0.00098134736
  52.4  0.242263575  0.000958950595
  52.5333333  0.233982548  0.000936343886
  52.6666667  0.229880705  0.000929895025
  52.8  0.221444384  0.000901870478
  52.9333333  0.21401508  0.00087881706
  53.0666667  0.20932497  0.000867610802
  53.2  0.202281389  0.000849727776
  53.3333333  0.198961697  0.000842174247
  53.4666667  0.19269997  0.000820280838
  53.6  0.186935835  0.000802777036
  53.7333333  0.183767505  0.000797785909
  53.8666667  0.17807172  0.000777516538
  54.  0.174033414  0.000769690376
  54.1333333  0.17071171  0.000755699617
  54.2666667  0.164511596  0.000738848212
  54.4  0.160701799  0.000724301962
  54.5333333  0.158159401  0.00071931297
  54.6666667  0.155104505  0.000711524231
  54.8  0.151498381  0.000701025637
  54.9333333  0.147257663  0.00068803709
  55.0666667  0.144712539  0.000682253331
  55.2  0.141535263  0.000668433928
  55.3333333  0.138933319  0.000663651055
  55.4666667  0.136663219  0.000658427974
  55.6  0.132604146  0.000642882274
  55.7333333  0.129810911  0.000631481
  55.8666667  0.12813651  0.000631313135
  56.  0.1243346  0.000617398875
  56.1333333  0.122203977  0.000609674918
  56.2666667  0.120781347  0.000607270873
  56.4  0.11741637  0.00059300759
  56.5333333  0.115398843  0.000587307355
  56.6666667  0.113122707  0.000582887974
  56.8  0.111782666  0.0005793679
  56.9333333  0.108830023  0.000565922078
  57.0666667  0.107268365  0.000563545567
  57.2  0.105293528  0.000555793868
  57.3333333  0.103492972  0.000552042719
  57.4666667  0.100084385  0.000537592228
  57.6  0.0989373189  0.000533844904
  57.7333333  0.0990434573  0.00054126342
  57.8666667  0.0954470869  0.000523425375
  58.  0.0944323279  0.000521581982
  58.1333333  0.0923284534  0.000512038093
  58.2666667  0.0917919064  0.000515551169
  58.4  0.0894410078  0.000502682601
  58.5333333  0.0884510817  0.000501179578
  58.6666667  0.086634936  0.000495188531
  58.8  0.0856834913  0.000492379271
  58.9333333  0.0846895045  0.000490265203
  59.0666667  0.0815622913  0.000475966615
  59.2  0.081173493  0.000477556822
  59.3333333  0.0804869371  0.000474680613
  59.4666667  0.0791886248  0.000471216221
  59.6  0.0777543978  0.000464490993
  59.7333333  0.0764010696  0.00045881511
  59.8666667  0.0751695272  0.000457746595
  60.  0.0745420852  0.000454405601
  60.1333333  0.0729285184  0.00044985863
  60.2666667  0.0724845026  0.000450240797
  60.4  0.0706324582  0.000445083113
  60.5333333  0.0695478606  0.000435136721
  60.6666667  0.0696221611  0.000441076049
  60.8  0.0675523468  0.000430382866
  60.9333333  0.0670345208  0.000431419009
  61.0666667  0.0659595503  0.000427727191
  61.2  0.0651279476  0.000425360435
  61.3333333  0.0649013914  0.000423875581
  61.4666667  0.0631280415  0.000417675217
  61.6  0.0621520438  0.000413993321
  61.7333333  0.0613880827  0.00041209017
  61.8666667  0.0609837188  0.000409047478
  62.  0.0608753506  0.000412167501
  62.1333333  0.0590156048  0.000403004261
  62.2666667  0.0582827959  0.000400195085
  62.4  0.0574522917  0.000397928428
  62.5333333  0.0567480069  0.000394170266
  62.6666667  0.0559931975  0.000394027874
  62.8  0.0554109674  0.000393707939
  62.9333333  0.0545875571  0.0003898212
  63.0666667  0.0539695774  0.000387891048
  63.2  0.0534950035  0.000385926208
  63.3333333  0.0522069381  0.000381875735
  63.4666667  0.0522958012  0.000383937786
  63.6  0.0514035453  0.000382026893
  63.7333333  0.050730115  0.00037625027
  63.8666667  0.0505000588  0.000378566363
  64.  0.0499499871  0.00037613111
  64.1333333  0.0486368283  0.000369747101
  64.2666667  0.0481858735  0.000367799854
  64.4  0.0472666341  0.000363043524
  64.5333333  0.0465559687  0.000361448789
  64.6666667  0.0468635644  0.000365966209
  64.8  0.045596626  0.000360170021
  64.9333333  0.0453430505  0.000360247751
  65.0666667  0.0441678893  0.000351936802
  65.2  0.044172634  0.000357337587
  65.3333333  0.0439133401  0.000356778089
  65.4666667  0.0432216552  0.000352532796
  65.6  0.0423226026  0.000348021102
  65.7333333  0.0427950768  0.000355827806
  65.8666667  0.0417925411  0.000348901927
  66.  0.0411125224  0.000343744904
  66.1333333  0.0406127593  0.000342761264
  66.2666667  0.0404204992  0.00034128785
  66.4  0.0403836068  0.000341951745
  66.5333333  0.0399290234  0.000340544255
  66.6666667  0.0387341269  0.00033264211
  66.8  0.0391808448  0.000337023812
  66.9333333  0.0385589524  0.000335354092
  67.0666667  0.0377476644  0.000327672328
  67.2  0.0375015548  0.000329562448
  67.3333333  0.0370763211  0.000326208853
  67.4666667  0.0360499817  0.000319278157
  67.6  0.0360408658  0.000320372801
  67.7333333  0.0358362883  0.000319414349
  67.8666667  0.0352099573  0.000314111525
  68.  0.0350532519  0.00031438521
  68.1333333  0.0346616179  0.000313768883
  68.2666667  0.0346625308  0.000315153674
  68.4  0.0340519715  0.000308712178
  68.5333333  0.0334700274  0.000308623976
  68.6666667  0.0332082343  0.000308390363
  68.8  0.0334156857  0.000309059792
  68.9333333  0.031801407  0.000296592315
  69.0666667  0.0323875062  0.00030141927
  69.2  0.0318334626  0.000296680535
  69.3333333  0.0312333429  0.000292750738
  69.4666667  0.0310800266  0.000292293441
  69.6  0.0310152459  0.000293443304
  69.7333333  0.0300330971  0.000284424038
  69.8666667  0.0308099813  0.000291863703
