  100.  0.224295817  0.000664010179
  100.266667  0.212355473  0.000648575965
  100.533333  0.204582839  0.000643138423
  100.8  0.195515481  0.000630903394
  101.066667  0.188128792  0.000624932621
  101.333333  0.180761371  0.00061691221
  101.6  0.172905586  0.000601845457
  101.866667  0.166597764  0.000591425557
  102.133333  0.161652699  0.000583145605
  102.4  0.154578818  0.00056848802
  102.666667  0.148867413  0.000556380486
  102.933333  0.144497059  0.000546166011
  103.2  0.138810832  0.000530635452
  103.466667  0.134951129  0.000521985989
  103.733333  0.130776874  0.000512346257
  104.  0.126283386  0.000500336648
  104.266667  0.122699486  0.000491676679
  104.533333  0.119284785  0.000482108853
  104.8  0.115473365  0.000470179757
  105.066667  0.112629569  0.00046270237
  105.333333  0.108874145  0.000453157169
  105.6  0.106279087  0.000445856594
  105.866667  0.103547207  0.000437399622
  106.133333  0.0996522551  0.000425282414
  106.4  0.0971057138  0.00041703512
  106.666667  0.0951503185  0.000412431107
  106.933333  0.0918897493  0.000402832921
  107.2  0.0902458953  0.000398542149
  107.466667  0.0875881279  0.000390506342
  107.733333  0.0861683562  0.000387879059
  108.  0.0831018386  0.000376320189
  108.266667  0.0814735463  0.000371643303
  108.533333  0.0792866239  0.000363623789
  108.8  0.0773375778  0.000358493222
  109.066667  0.075523738  0.000354082365
  109.333333  0.0741716156  0.000349695888
  109.6  0.0729029499  0.000345668713
  109.866667  0.0713907529  0.000341610472
  110.133333  0.0696983329  0.000336034107
  110.4  0.0687290983  0.000333836922
  110.666667  0.0664643438  0.000326433985
  110.933333  0.0652878432  0.000321872068
  111.2  0.0641221441  0.000318444108
  111.466667  0.0627323264  0.000313679769
  111.733333  0.061345415  0.000310452726
  112.  0.0597405874  0.000304096077
  112.266667  0.0592067004  0.000303513167
  112.533333  0.0578192771  0.000297915911
  112.8  0.0569920123  0.000294737095
  113.066667  0.0558794259  0.00029227966
  113.333333  0.0548272301  0.000288585388
  113.6  0.053416563  0.000282442222
  113.866667  0.0526272086  0.000280435784
  114.133333  0.0517339416  0.000279127521
  114.4  0.0506728538  0.000274187367
  114.666667  0.0500813537  0.000272178696
  114.933333  0.0490798677  0.000270554095
  115.2  0.0480238665  0.000266433592
  115.466667  0.0470403841  0.000262715036
  115.733333  0.0464728698  0.000261585577
  116.  0.0452865759  0.0002561375
  116.266667  0.0451466743  0.0002564031
  116.533333  0.0439975183  0.000253021377
  116.8  0.0434973781  0.000251520342
  117.066667  0.0430821248  0.000249412062
  117.333333  0.0416300427  0.00024259175
  117.6  0.0413177003  0.000243707489
  117.866667  0.0407600448  0.000243062988
  118.133333  0.0401131325  0.000238564752
  118.4  0.0397250294  0.000238291951
  118.666667  0.038533306  0.000233714827
  118.933333  0.0380373462  0.00023186215
  119.2  0.037477335  0.00022962429
  119.466667  0.0371041149  0.00022945679
  119.733333  0.036539002  0.000226822834
  120.  0.0358927864  0.000224810178
  120.266667  0.035441169  0.000223829661
  120.533333  0.0346711825  0.000220724799
  120.8  0.0343624478  0.00021925225
  121.066667  0.0338309526  0.000217514133
  121.333333  0.0334630043  0.00021771431
  121.6  0.0331393214  0.000216815797
  121.866667  0.032935636  0.000216626774
  122.133333  0.0321804737  0.000212834829
  122.4  0.0317976161  0.00021140828
  122.666667  0.0311276996  0.000208769724
  122.933333  0.0307451885  0.000207773973
  123.2  0.0300527481  0.000204700357
  123.466667  0.0297559054  0.000204185446
  123.733333  0.0295832262  0.000204197927
  124.  0.0291796156  0.000202276637
  124.266667  0.028915506  0.000201449155
  124.533333  0.0285254249  0.000201182912
  124.8  0.0279117488  0.000198101826
  125.066667  0.0273883382  0.000196741838
  125.333333  0.0268158139  0.000192809228
  125.6  0.0269474778  0.000195077335
  125.866667  0.0266818566  0.000194496526
  126.133333  0.0266019183  0.000194862989
  126.4  0.026129794  0.00019205936
  126.666667  0.0253985319  0.000188670428
  126.933333  0.0250204308  0.00018663686
  127.2  0.0251023693  0.000189301483
  127.466667  0.0244201896  0.000185922716
  127.733333  0.0241446758  0.000184678779
  128.  0.0238460802  0.000184806446
  128.266667  0.0238786447  0.000184842551
  128.533333  0.0232599758  0.000181868746
  128.8  0.0237680136  0.000187251382
  129.066667  0.0231708556  0.000182557241
  129.333333  0.0223777584  0.000180916181
  129.6  0.0221468536  0.000177460287
  129.866667  0.0218006678  0.000177772414
  130.133333  0.0218259115  0.000179351586
  130.4  0.0213796254  0.000176236607
  130.666667  0.0214933443  0.000178074498
  130.933333  0.0210790093  0.000176252662
  131.2  0.0210250417  0.000177421928
  131.466667  0.0203984364  0.000172385867
  131.733333  0.0205373339  0.000174932527
  132.  0.0201491626  0.000172316545
  132.266667  0.0198531652  0.000172282772
  132.533333  0.0197553963  0.000169329475
  132.8  0.0196336603  0.00017102318
  133.066667  0.0190592291  0.00016631922
  133.333333  0.018967959  0.000166752078
  133.6  0.0191809571  0.00016837214
  133.866667  0.0188575354  0.000166629742
  134.133333  0.018685883  0.000166694688
  134.4  0.0181560442  0.000162207802
  134.666667  0.018026604  0.000162282356
  134.933333  0.0179245741  0.000161612118
  135.2  0.0176732096  0.000159580629
  135.466667  0.0173391498  0.000157404599
  135.733333  0.0172513541  0.000157468454
  136.  0.017154256  0.000157132675
  136.266667  0.016628398  0.000154527985
  136.533333  0.0166347666  0.000153150014
  136.8  0.0163865975  0.000152499871
  137.066667  0.0163136716  0.000152711858
  137.333333  0.0159595906  0.000150474684
  137.6  0.0161918379  0.000152441073
  137.866667  0.015878604  0.000151312062
  138.133333  0.0153971817  0.000146473435
  138.4  0.0156141167  0.000149025371
  138.666667  0.015425347  0.000147132089
  138.933333  0.0151987613  0.00014563583
  139.2  0.0151463557  0.00014535555
  139.466667  0.0147869973  0.000142488386
  139.733333  0.0144752718  0.000141049203
