  500.  1.1458255E-05  2.10174742E-07
  510.  1.01697373E-05  1.89510522E-07
  520.  8.97791875E-06  1.73544432E-07
  530.  8.17253727E-06  1.60671556E-07
  540.  7.43593007E-06  1.54636728E-07
  550.  6.38841551E-06  1.37909882E-07
  560.  5.92841499E-06  1.31429006E-07
  570.  5.00663387E-06  1.1455527E-07
  580.  4.62243424E-06  1.08960043E-07
  590.  4.06499825E-06  9.78400581E-08
  600.  3.70509179E-06  9.39614643E-08
  610.  3.27252322E-06  8.26473479E-08
  620.  3.014174E-06  7.99099989E-08
  630.  2.59654496E-06  7.3600639E-08
  640.  2.38871576E-06  6.70860939E-08
  650.  2.06984492E-06  6.08856043E-08
  660.  1.87862699E-06  5.52974722E-08
  670.  1.64695141E-06  4.91848879E-08
  680.  1.49064254E-06  4.81996332E-08
  690.  1.34199446E-06  4.31307783E-08
  700.  1.22644892E-06  4.06855668E-08
  710.  1.11789715E-06  3.8075422E-08
  720.  9.05645002E-07  3.09323942E-08
  730.  8.58052674E-07  3.00782258E-08
  740.  7.37762411E-07  2.62244606E-08
  750.  6.74831006E-07  2.61264195E-08
  760.  6.32005607E-07  2.41936788E-08
  770.  5.41304127E-07  2.09508406E-08
  780.  4.75808952E-07  1.91825405E-08
  790.  4.14272553E-07  1.67320461E-08
  800.  3.82918233E-07  1.50480194E-08
  810.  3.43742312E-07  1.48056405E-08
  820.  3.18018156E-07  1.36550558E-08
  830.  2.80095025E-07  1.23290661E-08
  840.  2.33209177E-07  1.08167615E-08
  850.  2.12871941E-07  9.9634023E-09
  860.  2.01409533E-07  9.78119897E-09
  870.  1.7728649E-07  8.71663279E-09
  880.  1.46515218E-07  7.12718758E-09
  890.  1.31226532E-07  6.67819647E-09
  900.  1.18373477E-07  5.91832271E-09
  910.  1.07619175E-07  5.86235462E-09
  920.  9.12854646E-08  5.04551242E-09
  930.  7.60876601E-08  4.0424052E-09
  940.  7.7898024E-08  4.38972977E-09
  950.  6.38269565E-08  3.68236031E-09
  960.  5.75718825E-08  3.29741495E-09
  970.  5.91030002E-08  3.5173949E-09
  980.  4.89058129E-08  2.97514428E-09
  990.  4.1100575E-08  2.47767352E-09
  1000.  3.32446478E-08  2.09378551E-09
  1010.  2.80650046E-08  1.78297293E-09
  1020.  3.27235965E-08  2.00184163E-09
  1030.  2.43059054E-08  1.58359762E-09
  1040.  2.09814334E-08  1.4674559E-09
  1050.  1.69080507E-08  1.17901937E-09
  1060.  1.62813412E-08  1.23641006E-09
  1070.  1.64572231E-08  1.12149084E-09
  1080.  1.36287388E-08  1.00662668E-09
  1090.  9.79180672E-09  7.37501605E-10
  1100.  1.118333E-08  8.3097591E-10
  1110.  8.65761394E-09  6.26641695E-10
  1120.  6.96452312E-09  5.22834443E-10
  1130.  6.17631767E-09  4.70481466E-10
  1140.  5.05934731E-09  3.96101359E-10
  1150.  5.00824397E-09  3.92660283E-10
  1160.  4.49927862E-09  3.66698293E-10
  1170.  3.50465748E-09  3.11275393E-10
  1180.  3.12087454E-09  2.54189382E-10
  1190.  2.92170596E-09  2.35561378E-10
  1200.  2.54548751E-09  2.13784133E-10
  1210.  2.02131205E-09  1.70021616E-10
  1220.  1.68727753E-09  1.49373537E-10
  1230.  1.29820121E-09  1.22878411E-10
  1240.  1.05872342E-09  9.99745153E-11
  1250.  1.02676927E-09  9.60556456E-11
  1260.  9.50169529E-10  8.8926729E-11
  1270.  7.08774165E-10  7.18855051E-11
  1280.  6.15072751E-10  6.37986393E-11
  1290.  6.50627165E-10  6.56321047E-11
  1300.  5.12299431E-10  5.31188229E-11
  1310.  3.83469711E-10  3.56961186E-11
  1320.  3.31336659E-10  3.34374324E-11
  1330.  3.12526146E-10  3.35796368E-11
  1340.  2.48567966E-10  2.63580705E-11
  1350.  2.0245422E-10  2.41464338E-11
  1360.  1.94691207E-10  2.2250027E-11
  1370.  1.22103095E-10  1.39398386E-11
  1380.  1.33209004E-10  1.48713201E-11
  1390.  9.26194965E-11  1.05509958E-11
  1400.  1.06822051E-10  1.20533213E-11
  1410.  6.1524841E-11  7.51734431E-12
  1420.  7.79172573E-11  8.82480027E-12
  1430.  5.02162559E-11  6.26849827E-12
  1440.  3.23583965E-11  4.45336805E-12
  1450.  2.61694376E-11  3.23576172E-12
  1460.  1.61638278E-11  2.50646256E-12
  1470.  2.01916499E-11  2.77812672E-12
  1480.  1.42658565E-11  1.6719932E-12
  1490.  1.09449557E-11  1.35822824E-12
  1500.  9.71373346E-12  1.32111371E-12
  1510.  9.66989429E-12  1.32336094E-12
  1520.  6.74333779E-12  9.89606559E-13
  1530.  4.41463257E-12  5.83899581E-13
  1540.  4.31350066E-12  6.38987286E-13
  1550.  3.82832148E-12  5.42888533E-13
  1560.  2.70519505E-12  4.14307077E-13
  1570.  1.94308483E-12  2.79785818E-13
  1580.  1.39011238E-12  1.91461563E-13
  1590.  1.28357913E-12  1.86666289E-13
  1600.  8.22164548E-13  1.22210582E-13
  1610.  7.78692551E-13  1.23930016E-13
  1620.  6.26230736E-13  9.80309128E-14
  1630.  3.48643633E-13  6.19892282E-14
  1640.  2.72473193E-13  4.26138199E-14
  1650.  2.07752215E-13  3.63933477E-14
  1660.  9.21527326E-14  1.85432784E-14
  1670.  7.87108825E-14  1.52467179E-14
  1680.  5.43768949E-14  1.14116874E-14
  1690.  4.31850565E-14  9.39812315E-15
  1700.  3.102262E-14  6.25748007E-15
  1710.  1.68692019E-14  4.39590768E-15
  1720.  6.72672961E-15  1.26390601E-15
  1730.  6.53091594E-15  1.52398321E-15
  1740.  4.41661902E-15  1.02575724E-15
  1750.  2.63854693E-15  6.49545475E-16
  1760.  1.23631941E-15  3.67372456E-16
  1770.  7.79558274E-16  2.28617002E-16
  1780.  3.24171328E-16  9.50969417E-17
  1790.  1.35486931E-16  3.6073408E-17
  1800.  7.16573429E-17  2.0618201E-17
  1810.  9.5108235E-17  4.01041969E-17
  1820.  1.10220261E-16  3.21478553E-17
  1830.  6.44401978E-17  1.89014347E-17
  1840.  6.17231981E-17  1.62617689E-17
  1850.  2.33931778E-17  8.36267642E-18
  1860.  1.02626259E-17  3.87259699E-18
  1870.  5.82068116E-19  1.55793385E-19
  1880.  3.15743311E-19  2.82839813E-19
  1890.  6.45065144E-21  4.57089663E-21
  1900.  1.55613466E-20  9.94594767E-21
  1910.  4.24977749E-20  2.12095857E-20
  1920.  1.43654565E-19  5.44606459E-20
  1930.  3.32086057E-19  6.5676956E-20
  1940.  2.52948799E-19  5.68229499E-20
  1950.  7.0215244E-20  1.86090356E-20
  1960.  7.28519374E-21  3.15225105E-21
  1970.  2.12809452E-21  2.04510312E-21
  1980.  0.  0.
  1990.  0.  0.
