  50.  0.124578538  3.90307426E-05
  55.  0.11114566  4.04055507E-05
  60.  0.101457375  4.88914563E-05
  65.  0.105017247  5.8278033E-05
  70.  0.131618436  7.26700295E-05
  75.  0.212853154  0.000100792442
  80.  0.52008997  0.000188398181
  85.  3.79329404  0.000660749739
  90.  8.24845554  0.0010328975
  95.  1.0538277  0.000363424538
  100.  0.299485558  0.000217259
  105.  0.15153416  0.000153162285
  110.  0.0944454648  0.000110920538
  115.  0.0651962766  8.62234545E-05
  120.  0.0480950071  7.06066968E-05
  125.  0.036887737  6.03071986E-05
  130.  0.0292107707  5.87724175E-05
  135.  0.0236830439  5.35117194E-05
  140.  0.0196012984  4.74004633E-05
  145.  0.0164151974  4.26258468E-05
  150.  0.0139202727  3.84290794E-05
  155.  0.0118827196  3.49544153E-05
  160.  0.0102198589  3.18421498E-05
  165.  0.00886706157  2.92626695E-05
  170.  0.00774290814  2.70398252E-05
  175.  0.00680476097  2.5024252E-05
  180.  0.00601679951  2.33098537E-05
  185.  0.00529006873  2.15987773E-05
  190.  0.00473281728  2.02185992E-05
  195.  0.00420098846  1.88680411E-05
  200.  0.00375902318  1.76927525E-05
  205.  0.00337147233  1.6617303E-05
  210.  0.0030208766  1.55823074E-05
  215.  0.00274191103  1.47830645E-05
  220.  0.00247640275  1.39081521E-05
  225.  0.00222650018  1.30335756E-05
  230.  0.00205584405  1.24953413E-05
  235.  0.00184736916  1.16696543E-05
  240.  0.00168990215  1.1111418E-05
  245.  0.00155452753  1.05843697E-05
  250.  0.00140694538  1.00022904E-05
  255.  0.00128700121  9.45887093E-06
  260.  0.00119061256  9.0504641E-06
  265.  0.00108799743  8.61899598E-06
  270.  0.0010044642  8.16994349E-06
  275.  0.000918423549  7.75228606E-06
  280.  0.000845899918  7.3640632E-06
  285.  0.000785069235  7.07491827E-06
  290.  0.000712147277  6.64472984E-06
  295.  0.00067755134  6.48525494E-06
  300.  0.000621094129  6.14114818E-06
  305.  0.000572564916  5.84212409E-06
  310.  0.000531800276  5.59194906E-06
  315.  0.000492689545  5.31564331E-06
  320.  0.000461973031  5.11461915E-06
  325.  0.000434202937  4.93852466E-06
  330.  0.000399244575  4.7010666E-06
  335.  0.000366350262  4.44360776E-06
  340.  0.000340367929  4.23222969E-06
  345.  0.000321337216  4.11365038E-06
  350.  0.000298371843  3.91534763E-06
  355.  0.000274877912  3.72003606E-06
  360.  0.000259179107  3.61331306E-06
  365.  0.000241505519  3.42927583E-06
  370.  0.000227630677  3.3089777E-06
  375.  0.000213268856  3.19926831E-06
  380.  0.000198247322  3.01923037E-06
  385.  0.000185969334  2.93178203E-06
  390.  0.000176228731  2.8014822E-06
  395.  0.000164610604  2.69094676E-06
  400.  0.000155365705  2.62496989E-06
  405.  0.000145200975  2.50569381E-06
  410.  0.000133239572  2.35786663E-06
  415.  0.000124463349  2.24903848E-06
  420.  0.000119191642  2.19340699E-06
  425.  0.0001070304  2.03796939E-06
  430.  0.000103177078  1.98474529E-06
  435.  9.76063017E-05  1.90714425E-06
  440.  9.0823517E-05  1.82884715E-06
  445.  8.56767614E-05  1.76300582E-06
  450.  8.41971045E-05  1.71543108E-06
  455.  7.72369814E-05  1.64332836E-06
  460.  7.26422485E-05  1.57071034E-06
  465.  6.68431876E-05  1.48531856E-06
  470.  6.63846512E-05  1.47667342E-06
  475.  6.14764398E-05  1.41444643E-06
  480.  5.54722022E-05  1.31823809E-06
  485.  5.52400681E-05  1.31239005E-06
  490.  5.11173118E-05  1.2400062E-06
  495.  4.77774082E-05  1.18265537E-06
  500.  4.5714154E-05  1.15180643E-06
  505.  4.12350202E-05  1.07184746E-06
  510.  3.95067938E-05  1.04194223E-06
  515.  3.59108505E-05  9.79517324E-07
  520.  3.3387436E-05  9.24671456E-07
  525.  3.27288567E-05  9.28139781E-07
  530.  3.11999379E-05  8.84683506E-07
  535.  3.01222693E-05  8.57912242E-07
  540.  2.87100169E-05  8.18359223E-07
  545.  2.64664331E-05  7.88390959E-07
  550.  2.42575007E-05  7.36029608E-07
  555.  2.35252565E-05  7.19325037E-07
  560.  2.25118719E-05  7.02126142E-07
  565.  2.14080065E-05  6.65193296E-07
  570.  2.01185121E-05  6.35938646E-07
  575.  1.87788117E-05  6.19603641E-07
  580.  1.71463492E-05  5.73513795E-07
  585.  1.7352011E-05  5.80240385E-07
  590.  1.57266714E-05  5.34342249E-07
  595.  1.47530239E-05  5.14759402E-07
  600.  1.42403405E-05  5.01365412E-07
  605.  1.39715801E-05  4.98276824E-07
  610.  1.25630033E-05  4.56539555E-07
  615.  1.14976858E-05  4.34393033E-07
  620.  1.02507705E-05  4.01685562E-07
  625.  1.04835216E-05  4.04425527E-07
  630.  9.48027176E-06  3.73090353E-07
  635.  9.15296287E-06  3.62571156E-07
  640.  9.08025747E-06  3.65229116E-07
  645.  8.35350991E-06  3.4425202E-07
  650.  7.55410711E-06  3.1958701E-07
  655.  7.41265134E-06  3.11131624E-07
  660.  7.07052304E-06  3.05617864E-07
  665.  7.14205171E-06  3.02985892E-07
  670.  6.5751787E-06  2.84245447E-07
  675.  5.87437017E-06  2.59813703E-07
  680.  5.58127028E-06  2.5002785E-07
  685.  5.40972728E-06  2.45296849E-07
  690.  4.64589152E-06  2.18412773E-07
  695.  4.61496256E-06  2.18426238E-07
  700.  4.58673709E-06  2.17369267E-07
  705.  4.3255598E-06  2.05709161E-07
  710.  4.03169202E-06  1.94490893E-07
  715.  3.68210949E-06  1.80805414E-07
  720.  3.44961803E-06  1.75534809E-07
  725.  3.54853904E-06  1.77332706E-07
  730.  2.96053389E-06  1.55912243E-07
  735.  2.81494025E-06  1.51984944E-07
  740.  2.78482414E-06  1.47653373E-07
  745.  2.77673615E-06  1.43969173E-07
  750.  2.44267701E-06  1.35769501E-07
  755.  2.09228779E-06  1.19724582E-07
  760.  2.31464696E-06  1.27069331E-07
  765.  2.16219901E-06  1.20464111E-07
  770.  1.9135726E-06  1.13203136E-07
  775.  1.85310274E-06  1.07765965E-07
  780.  1.8164414E-06  1.06133767E-07
  785.  1.72652801E-06  1.01680516E-07
  790.  1.49495682E-06  9.0868223E-08
  795.  1.51998944E-06  9.35568651E-08
