  500.  5.528077E-05  4.59222006E-08
  510.  4.94234156E-05  4.25804847E-08
  520.  4.43424234E-05  3.95915556E-08
  530.  3.96984597E-05  3.67168097E-08
  540.  3.57204986E-05  3.41903079E-08
  550.  3.20831612E-05  3.17846282E-08
  560.  2.88979564E-05  2.96308128E-08
  570.  2.60556033E-05  2.75926073E-08
  580.  2.34390726E-05  2.56990517E-08
  590.  2.11764681E-05  2.3990798E-08
  600.  1.91038973E-05  2.23605944E-08
  610.  1.73190454E-05  2.09035063E-08
  620.  1.56344775E-05  1.94961314E-08
  630.  1.42124076E-05  1.82740683E-08
  640.  1.28850238E-05  1.70795465E-08
  650.  1.16865992E-05  1.59953179E-08
  660.  1.06042863E-05  1.49660347E-08
  670.  9.62944912E-06  1.40243979E-08
  680.  8.76875511E-06  1.31557608E-08
  690.  7.97013759E-06  1.23294134E-08
  700.  7.27418711E-06  1.15929792E-08
  710.  6.62241078E-06  1.08677775E-08
  720.  6.03155962E-06  1.01839181E-08
  730.  5.5261811E-06  9.61371056E-09
  740.  5.04523275E-06  9.03802464E-09
  750.  4.61844439E-06  8.51848824E-09
  760.  4.2161667E-06  7.99826066E-09
  770.  3.84917035E-06  7.52774918E-09
  780.  3.54536031E-06  7.11338664E-09
  790.  3.24280274E-06  6.71225696E-09
  800.  2.9854985E-06  6.34781322E-09
  810.  2.7365538E-06  5.98265916E-09
  820.  2.51688182E-06  5.65975411E-09
  830.  2.30926181E-06  5.34180733E-09
  840.  2.12303581E-06  5.04230554E-09
  850.  1.95553584E-06  4.77870277E-09
  860.  1.80449057E-06  4.5288207E-09
  870.  1.65376849E-06  4.27115847E-09
  880.  1.52256536E-06  4.03481636E-09
  890.  1.40912676E-06  3.83658127E-09
  900.  1.29312102E-06  3.62284894E-09
  910.  1.2011243E-06  3.45615104E-09
  920.  1.11116198E-06  3.27491145E-09
  930.  1.03363963E-06  3.13109851E-09
  940.  9.48220001E-07  2.95153708E-09
  950.  8.81379453E-07  2.81722263E-09
  960.  8.1305171E-07  2.66934582E-09
  970.  7.54314648E-07  2.53508523E-09
  980.  7.02147549E-07  2.42199294E-09
  990.  6.55177031E-07  2.31400368E-09
  1000.  6.01868737E-07  2.1865591E-09
  1010.  5.62229722E-07  2.08896223E-09
  1020.  5.1909559E-07  1.98263665E-09
  1030.  4.84672291E-07  1.89564422E-09
  1040.  4.48840439E-07  1.7996018E-09
  1050.  4.19154416E-07  1.72117406E-09
  1060.  3.92214699E-07  1.64760209E-09
  1070.  3.63676003E-07  1.56491984E-09
  1080.  3.4024424E-07  1.49568834E-09
  1090.  3.15077085E-07  1.42372827E-09
  1100.  2.94166325E-07  1.36425804E-09
  1110.  2.75563452E-07  1.30091437E-09
  1120.  2.57167028E-07  1.24052577E-09
  1130.  2.41710722E-07  1.19558908E-09
  1140.  2.25051603E-07  1.13655067E-09
  1150.  2.09661065E-07  1.08038621E-09
  1160.  1.95693481E-07  1.03566534E-09
  1170.  1.84549198E-07  9.96703167E-10
  1180.  1.7290237E-07  9.53914794E-10
  1190.  1.61133339E-07  9.08252705E-10
  1200.  1.5134973E-07  8.74586331E-10
  1210.  1.41880954E-07  8.34276523E-10
  1220.  1.33350345E-07  8.05437572E-10
  1230.  1.26076233E-07  7.73528322E-10
  1240.  1.16373247E-07  7.28892545E-10
  1250.  1.08619767E-07  6.96578287E-10
  1260.  1.03663964E-07  6.80409525E-10
  1270.  9.6438133E-08  6.43559697E-10
  1280.  9.12253524E-08  6.23895884E-10
  1290.  8.55223585E-08  5.97247057E-10
  1300.  7.9712193E-08  5.64622828E-10
  1310.  7.56707462E-08  5.42208574E-10
  1320.  7.15580607E-08  5.26965035E-10
  1330.  6.73372401E-08  5.08112108E-10
  1340.  6.31574254E-08  4.83706807E-10
  1350.  5.96477727E-08  4.65812229E-10
  1360.  5.59579878E-08  4.43712338E-10
  1370.  5.25460884E-08  4.23971473E-10
  1380.  4.94142612E-08  4.07038978E-10
  1390.  4.68961632E-08  3.93652432E-10
  1400.  4.42840323E-08  3.80210702E-10
  1410.  4.23715741E-08  3.70074082E-10
  1420.  3.95634745E-08  3.49705187E-10
  1430.  3.75080032E-08  3.41399671E-10
  1440.  3.56748458E-08  3.31784068E-10
  1450.  3.37036583E-08  3.16721205E-10
  1460.  3.19900569E-08  3.05338221E-10
  1470.  2.9742119E-08  2.8777862E-10
  1480.  2.82203361E-08  2.78725916E-10
  1490.  2.66046491E-08  2.67685108E-10
  1500.  2.56150752E-08  2.6153047E-10
  1510.  2.3914445E-08  2.50984598E-10
  1520.  2.23756503E-08  2.38020357E-10
  1530.  2.18534887E-08  2.35989445E-10
  1540.  2.01069965E-08  2.22134941E-10
  1550.  1.96072533E-08  2.19691792E-10
  1560.  1.87103125E-08  2.10501007E-10
  1570.  1.71904491E-08  1.98263926E-10
  1580.  1.6372027E-08  1.8998553E-10
  1590.  1.58016241E-08  1.8717578E-10
  1600.  1.46508409E-08  1.76419251E-10
  1610.  1.40406689E-08  1.72333227E-10
  1620.  1.33422084E-08  1.64150509E-10
  1630.  1.25543235E-08  1.60528322E-10
  1640.  1.18661003E-08  1.52619295E-10
  1650.  1.14979836E-08  1.50598018E-10
  1660.  1.07597782E-08  1.45037946E-10
  1670.  1.03509821E-08  1.38596205E-10
  1680.  9.7762139E-09  1.3399673E-10
  1690.  9.38539598E-09  1.31050456E-10
  1700.  8.7714064E-09  1.22497215E-10
  1710.  8.4876003E-09  1.23074659E-10
  1720.  7.80033534E-09  1.14557355E-10
  1730.  7.49437886E-09  1.11075771E-10
  1740.  7.05472823E-09  1.07719529E-10
  1750.  6.838585E-09  1.04149751E-10
  1760.  6.6886918E-09  1.03610561E-10
  1770.  6.1412663E-09  9.75145532E-11
  1780.  6.21819907E-09  1.00174694E-10
  1790.  5.59447571E-09  9.08770974E-11
  1800.  5.20908753E-09  8.51282819E-11
  1810.  5.21293922E-09  8.63623263E-11
  1820.  4.83407404E-09  8.24538015E-11
  1830.  4.51534914E-09  7.71684047E-11
  1840.  4.33786757E-09  7.65672551E-11
  1850.  4.17745108E-09  7.43235307E-11
  1860.  4.11375766E-09  7.37861975E-11
  1870.  3.74772604E-09  6.85105214E-11
  1880.  3.58358489E-09  6.67532295E-11
  1890.  3.53651337E-09  6.5721821E-11
  1900.  3.25804666E-09  6.33099599E-11
  1910.  3.09692233E-09  6.04361241E-11
  1920.  3.00640707E-09  5.90062255E-11
  1930.  2.95321303E-09  5.82183768E-11
  1940.  2.79661174E-09  5.5825908E-11
  1950.  2.60780915E-09  5.38310148E-11
  1960.  2.51120084E-09  5.14391528E-11
  1970.  2.32123182E-09  4.92842503E-11
  1980.  2.26776197E-09  4.77130248E-11
  1990.  2.18518829E-09  4.78017305E-11
