  500.  1.07926521E-05  1.32324414E-08
  510.  9.67404893E-06  1.23385332E-08
  520.  8.69151387E-06  1.15131849E-08
  530.  7.80033721E-06  1.07341557E-08
  540.  7.0283999E-06  1.00587058E-08
  550.  6.35236059E-06  9.42690752E-09
  560.  5.73279286E-06  8.8366151E-09
  570.  5.18906E-06  8.29452153E-09
  580.  4.67176963E-06  7.74793264E-09
  590.  4.23498233E-06  7.27660383E-09
  600.  3.83666534E-06  6.83316941E-09
  610.  3.49753381E-06  6.45767352E-09
  620.  3.17204751E-06  6.05421505E-09
  630.  2.88628462E-06  5.69908143E-09
  640.  2.63341512E-06  5.38051628E-09
  650.  2.38538085E-06  5.05053317E-09
  660.  2.17426582E-06  4.75813731E-09
  670.  1.99305293E-06  4.51574202E-09
  680.  1.81939971E-06  4.24839753E-09
  690.  1.65770459E-06  4.00242693E-09
  700.  1.51743296E-06  3.78540327E-09
  710.  1.39157574E-06  3.57813287E-09
  720.  1.27594647E-06  3.38311899E-09
  730.  1.1691533E-06  3.20528527E-09
  740.  1.07544409E-06  3.03461139E-09
  750.  9.88401647E-07  2.88140675E-09
  760.  9.08195964E-07  2.7271643E-09
  770.  8.33406606E-07  2.58517755E-09
  780.  7.69136167E-07  2.44820342E-09
  790.  7.07167297E-07  2.32793011E-09
  800.  6.51829202E-07  2.21160174E-09
  810.  6.03892126E-07  2.1030845E-09
  820.  5.55403006E-07  1.99163209E-09
  830.  5.14387679E-07  1.89970398E-09
  840.  4.78122498E-07  1.80920297E-09
  850.  4.40160269E-07  1.71286411E-09
  860.  4.06092802E-07  1.63245469E-09
  870.  3.73703015E-07  1.5375379E-09
  880.  3.48017247E-07  1.47714726E-09
  890.  3.24329774E-07  1.40898803E-09
  900.  3.00709727E-07  1.3489416E-09
  910.  2.79257944E-07  1.2834091E-09
  920.  2.59827282E-07  1.21952686E-09
  930.  2.41208802E-07  1.1639723E-09
  940.  2.23701305E-07  1.11080413E-09
  950.  2.07577947E-07  1.0586876E-09
  960.  1.94184747E-07  1.0113188E-09
  970.  1.79926696E-07  9.63769017E-10
  980.  1.6909456E-07  9.27764742E-10
  990.  1.56781909E-07  8.89137246E-10
  1000.  1.45947688E-07  8.50420745E-10
  1010.  1.35721386E-07  8.00811696E-10
  1020.  1.26582335E-07  7.68374939E-10
  1030.  1.19427964E-07  7.42500725E-10
  1040.  1.10449963E-07  7.00628211E-10
  1050.  1.04141207E-07  6.75548048E-10
  1060.  9.79172836E-08  6.51925664E-10
  1070.  9.27992738E-08  6.30427684E-10
  1080.  8.448587E-08  5.88474668E-10
  1090.  8.01491337E-08  5.71956831E-10
  1100.  7.53663386E-08  5.48657268E-10
  1110.  7.00819697E-08  5.19189279E-10
  1120.  6.58312936E-08  5.01700287E-10
  1130.  6.22777306E-08  4.81458935E-10
  1140.  5.8216678E-08  4.62731861E-10
  1150.  5.35756687E-08  4.34141205E-10
  1160.  5.06449853E-08  4.21472976E-10
  1170.  4.80600376E-08  4.10619692E-10
  1180.  4.55713385E-08  3.9432952E-10
  1190.  4.28997814E-08  3.78195301E-10
  1200.  4.004827E-08  3.61074937E-10
  1210.  3.74735399E-08  3.45357791E-10
  1220.  3.48521708E-08  3.27755669E-10
  1230.  3.3555622E-08  3.21921098E-10
  1240.  3.09291303E-08  3.05507491E-10
  1250.  2.944526E-08  2.90169298E-10
  1260.  2.81556287E-08  2.86352805E-10
  1270.  2.60063131E-08  2.68891124E-10
  1280.  2.47740632E-08  2.63727809E-10
  1290.  2.29447133E-08  2.48032206E-10
  1300.  2.2235317E-08  2.42152407E-10
  1310.  2.0813498E-08  2.31671899E-10
  1320.  1.97566387E-08  2.25662446E-10
  1330.  1.84570011E-08  2.17072564E-10
  1340.  1.69487684E-08  2.02428264E-10
  1350.  1.67003066E-08  2.00134552E-10
  1360.  1.52711449E-08  1.85878336E-10
  1370.  1.49756359E-08  1.85477999E-10
  1380.  1.38689366E-08  1.77233624E-10
  1390.  1.33166787E-08  1.69690534E-10
  1400.  1.2729291E-08  1.68315326E-10
  1410.  1.1559092E-08  1.54506487E-10
  1420.  1.11179597E-08  1.52398011E-10
  1430.  1.06728676E-08  1.47182181E-10
  1440.  1.00235319E-08  1.43525797E-10
  1450.  9.14547108E-09  1.33826262E-10
  1460.  9.22741698E-09  1.338889E-10
  1470.  8.66023584E-09  1.2860022E-10
  1480.  7.90672236E-09  1.19138053E-10
  1490.  7.62414197E-09  1.18510742E-10
  1500.  7.35207122E-09  1.14016055E-10
  1510.  6.66984691E-09  1.06172643E-10
  1520.  6.4942062E-09  1.077367E-10
  1530.  6.3981744E-09  1.0527787E-10
  1540.  5.73935855E-09  9.4202931E-11
  1550.  5.36088024E-09  9.00658813E-11
  1560.  5.34015516E-09  9.21910399E-11
  1570.  5.11084896E-09  9.12497871E-11
  1580.  4.65298231E-09  8.26684576E-11
  1590.  4.64859324E-09  8.38368787E-11
  1600.  4.30263838E-09  7.91880998E-11
  1610.  4.11173751E-09  7.68140916E-11
  1620.  3.9887962E-09  7.6108849E-11
  1630.  3.74391521E-09  7.2345797E-11
  1640.  3.55324056E-09  6.98107882E-11
  1650.  3.33003672E-09  6.52054291E-11
  1660.  3.19647132E-09  6.51930321E-11
  1670.  3.08650661E-09  6.42691942E-11
  1680.  2.90814521E-09  5.98579772E-11
  1690.  2.79035568E-09  5.83984279E-11
  1700.  2.60148268E-09  5.43323332E-11
  1710.  2.56659938E-09  5.51280688E-11
  1720.  2.25495596E-09  4.93634423E-11
  1730.  2.21329723E-09  4.94824075E-11
  1740.  2.09488644E-09  4.65141996E-11
  1750.  2.04839555E-09  4.77134932E-11
  1760.  1.99860534E-09  4.70229947E-11
  1770.  1.90073163E-09  4.46983971E-11
  1780.  1.86456523E-09  4.55788575E-11
  1790.  1.69408666E-09  4.21940246E-11
  1800.  1.66343147E-09  4.21876493E-11
  1810.  1.57318603E-09  3.97181482E-11
  1820.  1.44705319E-09  3.66593487E-11
  1830.  1.39938537E-09  3.66725895E-11
  1840.  1.33471375E-09  3.6124917E-11
  1850.  1.29753423E-09  3.48677245E-11
  1860.  1.2417517E-09  3.41308273E-11
  1870.  1.14653514E-09  3.12800829E-11
  1880.  1.08577699E-09  3.07574144E-11
  1890.  1.08498244E-09  3.04023754E-11
  1900.  1.00121767E-09  3.00918509E-11
  1910.  9.64523968E-10  2.81575384E-11
  1920.  8.75477815E-10  2.58905003E-11
  1930.  9.5438397E-10  2.80453345E-11
  1940.  8.40106559E-10  2.47529377E-11
  1950.  7.97619939E-10  2.51953724E-11
  1960.  7.33872008E-10  2.24933392E-11
  1970.  7.11635304E-10  2.13479328E-11
  1980.  6.69105542E-10  2.10566936E-11
  1990.  6.88766768E-10  2.18461424E-11
