 -0.1  0.0507414494  1.26869465E-05
  0.300666667  0.0360016193  1.08419555E-05
  0.701333333  0.0334573091  1.03739347E-05
  1.102  0.0308747846  9.88202902E-06
  1.50266667  0.0285872719  9.43521847E-06
  1.90333333  0.0266435153  9.04418881E-06
  2.304  0.0249843563  8.70358492E-06
  2.70466667  0.0235257283  8.39428877E-06
  3.10533333  0.022281621  8.12692728E-06
  3.506  0.0211335645  7.87377092E-06
  3.90666667  0.0201164234  7.64781416E-06
  4.30733333  0.019176346  7.43381413E-06
  4.708  0.0183153697  7.23542393E-06
  5.10866667  0.017521338  7.04970298E-06
  5.50933333  0.0167764528  6.87280504E-06
  5.91  0.0160931209  6.70854187E-06
  6.31066667  0.0154479533  6.55188144E-06
  6.71133333  0.0148366338  6.40041056E-06
  7.112  0.014258186  6.2542007E-06
  7.51266667  0.0137166104  6.11763917E-06
  7.91333333  0.0132065425  5.98626444E-06
  8.314  0.0127161399  5.8585323E-06
  8.71466667  0.0122414276  5.73333388E-06
  9.11533333  0.0118027473  5.61572761E-06
  9.516  0.0113735408  5.49661566E-06
  9.91666667  0.0109729353  5.38875956E-06
  10.3173333  0.0105989538  5.28517063E-06
  10.718  0.0102260294  5.17807949E-06
  11.1186667  0.00987600041  5.07786978E-06
  11.5193333  0.00953897879  4.98165931E-06
  11.92  0.00920788792  4.88192006E-06
  12.3206667  0.00890426063  4.79298856E-06
  12.7213333  0.00860130612  4.69881249E-06
  13.122  0.00832364218  4.61569426E-06
  13.5226667  0.00805493777  4.52989449E-06
  13.9233333  0.00779234348  4.4471298E-06
  14.324  0.00753546489  4.36403224E-06
  14.7246667  0.00729072192  4.28397002E-06
  15.1253333  0.0070626835  4.20970291E-06
  15.526  0.00684273904  4.13438856E-06
  15.9266667  0.00662204176  4.06030366E-06
  16.3273333  0.00640621293  3.98584931E-06
  16.728  0.00621199898  3.91720827E-06
  17.1286667  0.00602526293  3.85188745E-06
  17.5293333  0.00583176668  3.78162572E-06
  17.93  0.00564890284  3.71404773E-06
  18.3306667  0.00547614883  3.65140136E-06
  18.7313333  0.00530394568  3.58535767E-06
  19.132  0.00514776649  3.52608621E-06
  19.5326667  0.00499285751  3.46628524E-06
  19.9333333  0.00483534567  3.40201817E-06
  20.334  0.00470156097  3.35097588E-06
  20.7346667  0.00455755816  3.29257698E-06
  21.1353333  0.00442065862  3.23670821E-06
  21.536  0.00429214374  3.18325594E-06
  21.9366667  0.00417157915  3.13265832E-06
  22.3373333  0.00405049624  3.08087773E-06
  22.738  0.00392946025  3.02898552E-06
  23.1386667  0.00381718949  2.97942502E-06
  23.5393333  0.00370275532  2.92859089E-06
  23.94  0.00359869553  2.88146803E-06
  24.3406667  0.00349797555  2.83580898E-06
  24.7413333  0.00339241301  2.78732155E-06
  25.142  0.00329630317  2.74230075E-06
  25.5426667  0.00320690108  2.69991027E-06
  25.9433333  0.00311274303  2.65415984E-06
  26.344  0.00302770679  2.61387933E-06
  26.7446667  0.00294299552  2.57111635E-06
  27.1453333  0.00286714162  2.53359651E-06
  27.546  0.00278615894  2.49417449E-06
  27.9466667  0.00271077442  2.45525748E-06
  28.3473333  0.00263087665  2.41343389E-06
  28.748  0.00255819071  2.37385125E-06
  29.1486667  0.00249258489  2.34030228E-06
  29.5493333  0.00242744844  2.30526045E-06
  29.95  0.00236031109  2.2684112E-06
  30.3506667  0.0022976464  2.23347512E-06
  30.7513333  0.00223330047  2.19787367E-06
  31.152  0.00217300041  2.16316902E-06
  31.5526667  0.00211202567  2.12792523E-06
  31.9533333  0.00206176416  2.09937217E-06
  32.354  0.00200660102  2.06677151E-06
  32.7546667  0.0019544234  2.0350125E-06
  33.1553333  0.00190127507  2.00414248E-06
  33.556  0.00185401621  1.97441319E-06
  33.9566667  0.00180111797  1.94192985E-06
  34.3573333  0.00176163609  1.91884123E-06
  34.758  0.00171579505  1.89002508E-06
  35.1586667  0.00167305712  1.86263689E-06
  35.5593333  0.00162475171  1.83027611E-06
  35.96  0.00158497209  1.80389071E-06
  36.3606667  0.00154674711  1.77891924E-06
  36.7613333  0.00150840378  1.75337058E-06
  37.162  0.00146848101  1.72690138E-06
  37.5626667  0.00143662328  1.70464703E-06
  37.9633333  0.00140158948  1.68084017E-06
  38.364  0.00136822292  1.65793932E-06
  38.7646667  0.00133263223  1.63274285E-06
  39.1653333  0.00130005128  1.61021812E-06
  39.566  0.0012674508  1.58519004E-06
  39.9666667  0.00123993835  1.56608344E-06
  40.3673333  0.00120887656  1.54249668E-06
  40.768  0.00118118596  1.52143026E-06
  41.1686667  0.00115170831  1.49948646E-06
  41.5693333  0.0011227937  1.47795173E-06
  41.97  0.00109794495  1.45879146E-06
  42.3706667  0.00107398289  1.44074551E-06
  42.7713333  0.00104962004  1.42134446E-06
  43.172  0.00102512933  1.40207429E-06
  43.5726667  0.000999787653  1.38211339E-06
  43.9733333  0.000980440173  1.36601362E-06
  44.374  0.000955786365  1.3450935E-06
  44.7746667  0.000933913166  1.32784753E-06
  45.1753333  0.000913526653  1.31072498E-06
  45.576  0.000891461185  1.29201187E-06
  45.9766667  0.000877264732  1.2806146E-06
  46.3773333  0.000853903086  1.25955426E-06
  46.778  0.000837590913  1.24504075E-06
  47.1786667  0.000816970735  1.22726648E-06
  47.5793333  0.000798156202  1.21063243E-06
  47.98  0.000782454419  1.19630391E-06
  48.3806667  0.000763041547  1.17876346E-06
  48.7813333  0.000749310138  1.16635771E-06
  49.182  0.000733026396  1.15263511E-06
  49.5826667  0.000717746428  1.13744557E-06
  49.9833333  0.000701551554  1.12224974E-06
  50.384  0.000687314622  1.1093202E-06
  50.7846667  0.000672356048  1.09390128E-06
  51.1853333  0.000658092771  1.08089645E-06
  51.586  0.000646825733  1.06996823E-06
  51.9866667  0.000633310757  1.05725061E-06
  52.3873333  0.000619033248  1.04220843E-06
  52.788  0.000606879576  1.0309062E-06
  53.1886667  0.000596421138  1.01996378E-06
  53.5893333  0.000584179875  1.00761801E-06
  53.99  0.000571297282  9.94552889E-07
  54.3906667  0.000558728306  9.80490876E-07
  54.7913333  0.000548687405  9.71129008E-07
  55.192  0.000537996594  9.59577879E-07
  55.5926667  0.000527240314  9.48165461E-07
  55.9933333  0.000517083519  9.36822789E-07
  56.394  0.000506057752  9.25168383E-07
  56.7946667  0.000496889997  9.1484836E-07
  57.1953333  0.00048826  9.0561975E-07
  57.596  0.000477670888  8.93844665E-07
  57.9966667  0.000469582282  8.85411045E-07
  58.3973333  0.000460735488  8.75640526E-07
  58.798  0.000451815474  8.65374032E-07
  59.1986667  0.000444027211  8.56288329E-07
  59.5993333  0.000435815782  8.46105917E-07
