  200.  0.000883278876  3.07506229E-07
  205.  0.000813878171  2.92135764E-07
  210.  0.000740444511  2.75131466E-07
  215.  0.000671091821  2.58731259E-07
  220.  0.0006077452  2.43120705E-07
  225.  0.000549901399  2.28288732E-07
  230.  0.00049866945  2.14626054E-07
  235.  0.000452548461  2.01771234E-07
  240.  0.000411442102  1.89984983E-07
  245.  0.000374691814  1.79107446E-07
  250.  0.000342011865  1.68992036E-07
  255.  0.000312388133  1.59508033E-07
  260.  0.000285960035  1.50850242E-07
  265.  0.000262254974  1.42797169E-07
  270.  0.000240736702  1.35226229E-07
  275.  0.000221385079  1.28258115E-07
  280.  0.00020344143  1.21547534E-07
  285.  0.000187403165  1.15427642E-07
  290.  0.000172928388  1.0959759E-07
  295.  0.000159505185  1.04142385E-07
  300.  0.000147367778  9.89697317E-08
  305.  0.000136495454  9.43010007E-08
  310.  0.000126390798  8.98216882E-08
  315.  0.000117060606  8.55433386E-08
  320.  0.000108651078  8.15421358E-08
  325.  0.000100957465  7.78650399E-08
  330.  9.37528051E-05  7.42440689E-08
  335.  8.70874263E-05  7.07811471E-08
  340.  8.12699379E-05  6.78177306E-08
  345.  7.56337885E-05  6.47890841E-08
  350.  7.04908885E-05  6.19457474E-08
  355.  6.56991171E-05  5.91290794E-08
  360.  6.13667913E-05  5.66729499E-08
  365.  5.7288072E-05  5.42833817E-08
  370.  5.36095652E-05  5.20314802E-08
  375.  5.01569502E-05  4.98360178E-08
  380.  4.69098388E-05  4.78367533E-08
  385.  4.38643506E-05  4.57863908E-08
  390.  4.11423723E-05  4.39289759E-08
  395.  3.84660375E-05  4.20874897E-08
  400.  3.6138812E-05  4.04403226E-08
  405.  3.38742711E-05  3.88186633E-08
  410.  3.18611909E-05  3.73094545E-08
  415.  2.99478818E-05  3.5891805E-08
  420.  2.81028601E-05  3.44641821E-08
  425.  2.64639884E-05  3.31539208E-08
  430.  2.49182467E-05  3.19050698E-08
  435.  2.3444467E-05  3.0661821E-08
  440.  2.20849991E-05  2.95344373E-08
  445.  2.08180844E-05  2.8465008E-08
  450.  1.96265332E-05  2.74186431E-08
  455.  1.84642008E-05  2.63448253E-08
  460.  1.74557266E-05  2.54233225E-08
  465.  1.64534118E-05  2.44702933E-08
  470.  1.55709444E-05  2.36673638E-08
  475.  1.46784385E-05  2.27639438E-08
  480.  1.38844736E-05  2.19645121E-08
  485.  1.30976432E-05  2.11835036E-08
  490.  1.23641848E-05  2.03861132E-08
  495.  1.17116246E-05  1.96912129E-08
  500.  1.10992975E-05  1.90659454E-08
  505.  1.04860066E-05  1.83589116E-08
  510.  9.93030212E-06  1.77509711E-08
  515.  9.41779573E-06  1.7146345E-08
  520.  8.9184666E-06  1.65567404E-08
  525.  8.46456114E-06  1.60061941E-08
  530.  8.02574236E-06  1.54739827E-08
  535.  7.57493206E-06  1.48839846E-08
  540.  7.2222697E-06  1.44771832E-08
  545.  6.8345301E-06  1.39711656E-08
  550.  6.49707778E-06  1.35088897E-08
  555.  6.2076434E-06  1.31542811E-08
  560.  5.86836126E-06  1.26846542E-08
  565.  5.59722445E-06  1.23081501E-08
  570.  5.30834083E-06  1.18891784E-08
  575.  5.06977917E-06  1.15707852E-08
  580.  4.78942162E-06  1.11349875E-08
  585.  4.55411764E-06  1.07780207E-08
  590.  4.33678509E-06  1.04483497E-08
  595.  4.13317957E-06  1.01318313E-08
  600.  3.91680124E-06  9.7703666E-09
  605.  3.75652945E-06  9.55668511E-09
  610.  3.58091212E-06  9.25905707E-09
  615.  3.41415551E-06  9.005215E-09
  620.  3.25466038E-06  8.70003747E-09
  625.  3.08943465E-06  8.42247617E-09
  630.  2.95868675E-06  8.18658766E-09
  635.  2.8138825E-06  7.93158567E-09
  640.  2.69908168E-06  7.73418155E-09
  645.  2.56774857E-06  7.4828052E-09
  650.  2.44828821E-06  7.2534821E-09
  655.  2.32247349E-06  7.03042234E-09
  660.  2.22831737E-06  6.8465856E-09
  665.  2.12021426E-06  6.6098899E-09
  670.  2.04018483E-06  6.48545648E-09
  675.  1.94592103E-06  6.28588525E-09
  680.  1.85487428E-06  6.08630467E-09
  685.  1.78392515E-06  5.9293551E-09
  690.  1.6951897E-06  5.74251986E-09
  695.  1.62021948E-06  5.57720002E-09
  700.  1.55303987E-06  5.42951487E-09
  705.  1.48182605E-06  5.27644189E-09
  710.  1.42243414E-06  5.14000416E-09
  715.  1.36071734E-06  4.97949013E-09
  720.  1.30221647E-06  4.84261154E-09
  725.  1.24967647E-06  4.72582959E-09
  730.  1.19736144E-06  4.60195357E-09
  735.  1.14094517E-06  4.46311909E-09
  740.  1.10444323E-06  4.3743536E-09
  745.  1.04644496E-06  4.20739619E-09
  750.  1.00908349E-06  4.13161473E-09
  755.  9.67719803E-07  4.0176118E-09
  760.  9.29560439E-07  3.92778168E-09
  765.  8.86831489E-07  3.78463141E-09
  770.  8.53050077E-07  3.71632913E-09
  775.  8.13763136E-07  3.59478552E-09
  780.  7.88880285E-07  3.51909008E-09
  785.  7.49392049E-07  3.40465387E-09
  790.  7.24608304E-07  3.34577233E-09
  795.  6.89726289E-07  3.23783437E-09
  800.  6.64288794E-07  3.16505607E-09
  805.  6.39369609E-07  3.08994644E-09
  810.  6.15531104E-07  3.00191669E-09
  815.  5.92253148E-07  2.94633434E-09
  820.  5.6488535E-07  2.84316817E-09
  825.  5.45920662E-07  2.7898456E-09
  830.  5.23111186E-07  2.71728812E-09
  835.  5.05664173E-07  2.65560393E-09
  840.  4.86806621E-07  2.59039176E-09
  845.  4.69438375E-07  2.52647298E-09
  850.  4.46167136E-07  2.43894213E-09
  855.  4.34153403E-07  2.40571359E-09
  860.  4.14003571E-07  2.33576508E-09
  865.  3.98182034E-07  2.28124425E-09
  870.  3.83892355E-07  2.22237353E-09
  875.  3.63513675E-07  2.12540603E-09
  880.  3.54816975E-07  2.12139532E-09
  885.  3.41217519E-07  2.05614074E-09
  890.  3.29326628E-07  2.01084404E-09
  895.  3.19332921E-07  1.9742464E-09
  900.  3.06809322E-07  1.9359126E-09
  905.  2.94610133E-07  1.87908172E-09
  910.  2.85169555E-07  1.84260721E-09
  915.  2.73346333E-07  1.78702773E-09
  920.  2.66609309E-07  1.75292937E-09
  925.  2.53045254E-07  1.69597176E-09
  930.  2.458202E-07  1.66650605E-09
  935.  2.36597405E-07  1.62547487E-09
  940.  2.25542946E-07  1.56952687E-09
  945.  2.21859664E-07  1.57232366E-09
