  200.  0.00360718014  1.00554438E-06
  205.  0.00329771394  9.52382191E-07
  210.  0.00299222485  8.98592745E-07
  215.  0.00270824656  8.46581145E-07
  220.  0.00245433745  7.98158719E-07
  225.  0.00222554242  7.52865022E-07
  230.  0.00202044787  7.10431337E-07
  235.  0.00183753963  6.71114598E-07
  240.  0.00167487737  6.34647716E-07
  245.  0.00152959308  6.00658642E-07
  250.  0.00139802013  5.68913986E-07
  255.  0.00127990606  5.39030325E-07
  260.  0.0011721976  5.10962063E-07
  265.  0.00107711597  4.85183972E-07
  270.  0.000990291589  4.60847649E-07
  275.  0.000911158189  4.37867612E-07
  280.  0.000840123752  4.16473375E-07
  285.  0.000774252719  3.95929749E-07
  290.  0.000715561338  3.77096176E-07
  295.  0.00066097066  3.58914743E-07
  300.  0.000611458503  3.41908362E-07
  305.  0.00056606972  3.2583255E-07
  310.  0.000524915232  3.10838334E-07
  315.  0.000486705879  2.9639319E-07
  320.  0.00045238613  2.83013382E-07
  325.  0.000419995464  2.70089023E-07
  330.  0.000390935368  2.58063893E-07
  335.  0.000363829652  2.46580362E-07
  340.  0.000338985884  2.35770772E-07
  345.  0.000315419178  2.25209131E-07
  350.  0.000294274131  2.15420097E-07
  355.  0.000274485112  2.06015994E-07
  360.  0.000256680921  1.97347805E-07
  365.  0.000239703619  1.88890229E-07
  370.  0.000224077733  1.80847827E-07
  375.  0.000209617285  1.73249549E-07
  380.  0.00019611611  1.6591648E-07
  385.  0.00018358568  1.59011985E-07
  390.  0.000172208328  1.52516512E-07
  395.  0.00016119469  1.46021285E-07
  400.  0.000151098025  1.40048045E-07
  405.  0.000141869876  1.34406301E-07
  410.  0.00013326251  1.29008654E-07
  415.  0.000124949921  1.23693591E-07
  420.  0.000117686004  1.18858362E-07
  425.  0.000110546361  1.14108502E-07
  430.  0.000103817149  1.09517576E-07
  435.  9.77586163E-05  1.05170982E-07
  440.  9.20482059E-05  1.01055975E-07
  445.  8.66090544E-05  9.71069956E-08
  450.  8.15258856E-05  9.33095018E-08
  455.  7.69780659E-05  8.97795167E-08
  460.  7.24374368E-05  8.62149521E-08
  465.  6.84046709E-05  8.29867099E-08
  470.  6.43567333E-05  7.97123693E-08
  475.  6.08069852E-05  7.6700739E-08
  480.  5.75835873E-05  7.39400701E-08
  485.  5.41707618E-05  7.10094807E-08
  490.  5.11599698E-05  6.83225835E-08
  495.  4.83904627E-05  6.58157391E-08
  500.  4.58152241E-05  6.34425921E-08
  505.  4.31610119E-05  6.09567991E-08
  510.  4.08765625E-05  5.87313638E-08
  515.  3.86221709E-05  5.6556252E-08
  520.  3.66243717E-05  5.4584262E-08
  525.  3.46774474E-05  5.25734986E-08
  530.  3.27391411E-05  5.05659857E-08
  535.  3.10571038E-05  4.87609073E-08
  540.  2.9437722E-05  4.70480369E-08
  545.  2.79464754E-05  4.53878714E-08
  550.  2.63998623E-05  4.36740382E-08
  555.  2.50617389E-05  4.21910239E-08
  560.  2.384907E-05  4.07951156E-08
  565.  2.24812571E-05  3.92034914E-08
  570.  2.14047686E-05  3.78680838E-08
  575.  2.03283181E-05  3.65716711E-08
  580.  1.92643331E-05  3.5271002E-08
  585.  1.82702728E-05  3.40385851E-08
  590.  1.73785197E-05  3.28902509E-08
  595.  1.65044517E-05  3.17727347E-08
  600.  1.56578573E-05  3.06417809E-08
  605.  1.48766066E-05  2.9580047E-08
  610.  1.41562095E-05  2.8580876E-08
  615.  1.34868138E-05  2.76534731E-08
  620.  1.27565289E-05  2.66460163E-08
  625.  1.21683311E-05  2.57726538E-08
  630.  1.16280277E-05  2.49899749E-08
  635.  1.10242183E-05  2.41190237E-08
  640.  1.05071716E-05  2.33250351E-08
  645.  9.9960457E-06  2.25232653E-08
  650.  9.52419222E-06  2.18237387E-08
  655.  9.07824457E-06  2.11033033E-08
  660.  8.62623992E-06  2.0407076E-08
  665.  8.23380108E-06  1.97264097E-08
  670.  7.80851643E-06  1.90500924E-08
  675.  7.46427594E-06  1.85050036E-08
  680.  7.12544835E-06  1.79163528E-08
  685.  6.77326243E-06  1.72988214E-08
  690.  6.47295382E-06  1.6758861E-08
  695.  6.15191218E-06  1.62246682E-08
  700.  5.88162047E-06  1.57174219E-08
  705.  5.63188782E-06  1.52752598E-08
  710.  5.35845361E-06  1.47701831E-08
  715.  5.10321648E-06  1.42529408E-08
  720.  4.86997554E-06  1.38173907E-08
  725.  4.64125076E-06  1.33497158E-08
  730.  4.46471226E-06  1.30309403E-08
  735.  4.24934334E-06  1.26035843E-08
  740.  4.05674775E-06  1.22106724E-08
  745.  3.88282958E-06  1.18682556E-08
  750.  3.71020005E-06  1.15066214E-08
  755.  3.54988544E-06  1.11663058E-08
  760.  3.36850362E-06  1.07700415E-08
  765.  3.24743786E-06  1.04966046E-08
  770.  3.07278065E-06  1.01111526E-08
  775.  2.95874684E-06  9.88574713E-09
  780.  2.8328527E-06  9.57197988E-09
  785.  2.71959559E-06  9.31811096E-09
  790.  2.59825245E-06  9.05542637E-09
  795.  2.47301844E-06  8.74983667E-09
  800.  2.37917399E-06  8.53113468E-09
  805.  2.28816461E-06  8.29763644E-09
  810.  2.18104437E-06  8.03089297E-09
  815.  2.08427897E-06  7.80998708E-09
  820.  2.00749995E-06  7.60665863E-09
  825.  1.91545768E-06  7.37669239E-09
  830.  1.8219896E-06  7.13143373E-09
  835.  1.76775866E-06  6.98976868E-09
  840.  1.67952653E-06  6.74525623E-09
  845.  1.61030009E-06  6.56632143E-09
  850.  1.54328026E-06  6.38226493E-09
  855.  1.48747088E-06  6.23556946E-09
  860.  1.42747622E-06  6.04989889E-09
  865.  1.36931931E-06  5.89797651E-09
  870.  1.30040223E-06  5.68752879E-09
  875.  1.25972873E-06  5.58321483E-09
  880.  1.20193281E-06  5.39321291E-09
  885.  1.14716343E-06  5.22577936E-09
  890.  1.10516168E-06  5.10827461E-09
  895.  1.0644323E-06  4.98454976E-09
  900.  1.0178041E-06  4.83994075E-09
  905.  9.67018478E-07  4.66901666E-09
  910.  9.41799957E-07  4.60371677E-09
  915.  9.01932761E-07  4.47212471E-09
  920.  8.64897231E-07  4.34213774E-09
  925.  8.37772175E-07  4.25433733E-09
  930.  8.0916318E-07  4.15976425E-09
  935.  7.75698481E-07  4.06130261E-09
  940.  7.37862944E-07  3.9116543E-09
  945.  7.11174449E-07  3.82248797E-09
