  50.  0.00257358207  5.28332878E-07
  63.  0.00354114468  5.92600976E-07
  76.  0.00470211027  6.35789318E-07
  89.  0.00497283983  6.04015602E-07
  102.  0.00348095521  4.84706871E-07
  115.  0.00213857178  3.64312425E-07
  128.  0.00132916786  2.74842425E-07
  141.  0.000855998155  2.11275355E-07
  154.  0.00056922438  1.6522161E-07
  167.  0.000389134077  1.31165299E-07
  180.  0.000272313294  1.05527206E-07
  193.  0.000194478032  8.58169281E-08
  206.  0.000141532752  7.0539442E-08
  219.  0.000104710786  5.85441062E-08
  232.  7.85151953E-05  4.89061667E-08
  245.  5.96242719E-05  4.11809601E-08
  258.  4.58418888E-05  3.48952226E-08
  271.  3.56329756E-05  2.97617406E-08
  284.  2.79349604E-05  2.55166848E-08
  297.  2.21142063E-05  2.19807161E-08
  310.  1.76311016E-05  1.90214072E-08
  323.  1.41984391E-05  1.6564909E-08
  336.  1.14660117E-05  1.44204351E-08
  349.  9.34205127E-06  1.26410425E-08
  362.  7.65487974E-06  1.11143818E-08
  375.  6.28559826E-06  9.76936417E-09
  388.  5.19889312E-06  8.63963464E-09
  401.  4.33909146E-06  7.67344804E-09
  414.  3.61305875E-06  6.80512605E-09
  427.  3.03155677E-06  6.06477186E-09
  440.  2.55115612E-06  5.41204698E-09
  453.  2.15412576E-06  4.83961081E-09
  466.  1.82504121E-06  4.33244359E-09
  479.  1.55795433E-06  3.89727397E-09
  492.  1.32599548E-06  3.50418174E-09
  505.  1.13413853E-06  3.16011498E-09
  518.  9.75872784E-07  2.85506275E-09
  531.  8.37244793E-07  2.57678883E-09
  544.  7.24146386E-07  2.33814917E-09
  557.  6.2676938E-07  2.12053771E-09
  570.  5.43548459E-07  1.92926467E-09
  583.  4.69161233E-07  1.74396126E-09
  596.  4.07078816E-07  1.58136284E-09
  609.  3.5661222E-07  1.44058375E-09
  622.  3.10756653E-07  1.31944386E-09
  635.  2.73091307E-07  1.20749024E-09
  648.  2.38301081E-07  1.09769272E-09
  661.  2.08894405E-07  1.00397393E-09
  674.  1.85185086E-07  9.23896912E-10
  687.  1.62193736E-07  8.45072193E-10
  700.  1.44346181E-07  7.79615164E-10
  713.  1.27245151E-07  7.13559263E-10
  726.  1.1190969E-07  6.53028607E-10
  739.  9.972116E-08  6.02954648E-10
  752.  8.87486281E-08  5.57508765E-10
  765.  7.89820398E-08  5.14619008E-10
  778.  6.98778028E-08  4.7218506E-10
  791.  6.21491542E-08  4.36886851E-10
  804.  5.53258877E-08  4.01219431E-10
  817.  4.99865539E-08  3.72706969E-10
  830.  4.40426115E-08  3.43474902E-10
  843.  4.0044173E-08  3.21348877E-10
  856.  3.56461315E-08  2.97238096E-10
  869.  3.18796907E-08  2.71715042E-10
  882.  2.85643462E-08  2.52848679E-10
  895.  2.53042637E-08  2.31704123E-10
  908.  2.33403625E-08  2.19036124E-10
  921.  2.06320777E-08  1.99319631E-10
  934.  1.82992352E-08  1.83282152E-10
  947.  1.65090256E-08  1.7167996E-10
  960.  1.52333009E-08  1.61799219E-10
  973.  1.3837595E-08  1.51494683E-10
  986.  1.24492599E-08  1.40824279E-10
  999.  1.1132978E-08  1.29820493E-10
  1012.  1.01111561E-08  1.20933357E-10
  1025.  9.40578015E-09  1.16305726E-10
  1038.  8.22467633E-09  1.04835627E-10
  1051.  7.40164678E-09  9.55825335E-11
  1064.  6.77094347E-09  9.08296788E-11
  1077.  6.13049299E-09  8.53225366E-11
  1090.  5.62477509E-09  7.90856561E-11
  1103.  4.98935375E-09  7.3456099E-11
  1116.  4.57947615E-09  6.84889652E-11
  1129.  4.20596769E-09  6.46209268E-11
  1142.  3.83941463E-09  6.0569039E-11
  1155.  3.57083247E-09  5.78628255E-11
  1168.  3.17152458E-09  5.22703504E-11
  1181.  2.85012131E-09  4.8494787E-11
  1194.  2.69640975E-09  4.68650659E-11
  1207.  2.40417266E-09  4.29837694E-11
  1220.  2.17192432E-09  4.00248948E-11
  1233.  1.98152833E-09  3.70692639E-11
  1246.  1.81018234E-09  3.44036343E-11
  1259.  1.67542683E-09  3.30451559E-11
  1272.  1.52754803E-09  3.08342343E-11
  1285.  1.38166205E-09  2.87552538E-11
  1298.  1.26257021E-09  2.70396026E-11
  1311.  1.157357E-09  2.51214329E-11
  1324.  1.07429851E-09  2.42572716E-11
  1337.  9.92409512E-10  2.31131383E-11
  1350.  9.00655218E-10  2.08176108E-11
  1363.  8.20631119E-10  1.92780144E-11
  1376.  7.41810024E-10  1.83757721E-11
  1389.  7.0091064E-10  1.72042585E-11
  1402.  6.34771494E-10  1.60842219E-11
  1415.  5.77064074E-10  1.52936256E-11
  1428.  5.13829505E-10  1.40468291E-11
  1441.  4.80739002E-10  1.31618297E-11
  1454.  4.53169751E-10  1.23416437E-11
  1467.  4.10935571E-10  1.15739861E-11
  1480.  3.62771161E-10  1.05867234E-11
  1493.  3.55791947E-10  1.05937996E-11
  1506.  3.32852391E-10  1.04305713E-11
  1519.  2.81884388E-10  8.89748771E-12
  1532.  2.64742394E-10  8.43024869E-12
  1545.  2.37636555E-10  7.73241022E-12
  1558.  2.22799896E-10  7.39710268E-12
  1571.  2.1317104E-10  7.39674921E-12
  1584.  1.90785502E-10  6.58515537E-12
  1597.  1.85988676E-10  6.57811737E-12
  1610.  1.65679222E-10  5.88989204E-12
  1623.  1.58635242E-10  6.02463917E-12
  1636.  1.39530063E-10  4.94836816E-12
  1649.  1.26338139E-10  4.74263742E-12
  1662.  1.19706566E-10  4.57789183E-12
  1675.  1.1286757E-10  4.4086164E-12
  1688.  9.88709565E-11  4.09110272E-12
  1701.  9.20992032E-11  3.82032342E-12
  1714.  8.36625387E-11  3.52631023E-12
  1727.  8.22245903E-11  3.43345838E-12
  1740.  7.21090023E-11  3.14931861E-12
  1753.  6.47715508E-11  2.94036358E-12
  1766.  6.60766889E-11  3.00498489E-12
  1779.  5.21621692E-11  2.56237617E-12
  1792.  5.64696417E-11  2.64947223E-12
  1805.  4.63558061E-11  2.21618441E-12
  1818.  4.28074478E-11  2.1307044E-12
  1831.  3.84029141E-11  1.97002869E-12
  1844.  3.91026743E-11  1.92602789E-12
  1857.  3.4621941E-11  1.78274263E-12
  1870.  3.04381379E-11  1.67463792E-12
  1883.  2.93167017E-11  1.57676822E-12
  1896.  2.68689267E-11  1.53815365E-12
  1909.  2.5197804E-11  1.4509077E-12
  1922.  2.44673435E-11  1.38601154E-12
  1935.  2.19444721E-11  1.23273273E-12
  1948.  2.27762773E-11  1.33674824E-12
  1961.  1.72704971E-11  9.91787826E-13
  1974.  1.84415912E-11  1.09992393E-12
  1987.  1.93320824E-11  1.14820459E-12
