  50.  0.00218747088  5.08448082E-06
  50.1333333  0.00219971  5.09721987E-06
  50.2666667  0.00220754416  5.10074222E-06
  50.4  0.00222330143  5.12516503E-06
  50.5333333  0.00223450712  5.13235747E-06
  50.6666667  0.00223752121  5.13286524E-06
  50.8  0.00225291927  5.15229305E-06
  50.9333333  0.00226283528  5.15800621E-06
  51.0666667  0.00226391491  5.15766774E-06
  51.2  0.00227721461  5.17129562E-06
  51.3333333  0.00229720617  5.19597583E-06
  51.4666667  0.00230875705  5.2089625E-06
  51.6  0.00231429128  5.21331586E-06
  51.7333333  0.00231693962  5.21481584E-06
  51.8666667  0.00232888506  5.2270041E-06
  52.  0.00234390494  5.24539595E-06
  52.1333333  0.00236142354  5.25914741E-06
  52.2666667  0.00235805303  5.25466658E-06
  52.4  0.00236843999  5.26252362E-06
  52.5333333  0.00236654913  5.26109997E-06
  52.6666667  0.0023820845  5.27146266E-06
  52.8  0.00239053653  5.28080775E-06
  52.9333333  0.00241428088  5.31111106E-06
  53.0666667  0.00241053321  5.30126E-06
  53.2  0.00241928948  5.31133952E-06
  53.3333333  0.00244333942  5.33875063E-06
  53.4666667  0.00245214874  5.34457063E-06
  53.6  0.00246064565  5.35254415E-06
  53.7333333  0.00247805406  5.37170845E-06
  53.8666667  0.00247892172  5.37083552E-06
  54.  0.00248017189  5.36934989E-06
  54.1333333  0.00249499543  5.38219372E-06
  54.2666667  0.00251238986  5.40322964E-06
  54.4  0.00251578726  5.40128784E-06
  54.5333333  0.00251725928  5.39857093E-06
  54.6666667  0.00253613918  5.42053245E-06
  54.8  0.00255581792  5.44071177E-06
  54.9333333  0.0025561739  5.43866684E-06
  55.0666667  0.00256615373  5.44602542E-06
  55.2  0.00257109521  5.45271335E-06
  55.3333333  0.00258804567  5.46852918E-06
  55.4666667  0.00259867014  5.48141989E-06
  55.6  0.00261005086  5.48889447E-06
  55.7333333  0.00261863832  5.49783168E-06
  55.8666667  0.00262539505  5.50079692E-06
  56.  0.00263360654  5.50622826E-06
  56.1333333  0.00264957318  5.52500184E-06
  56.2666667  0.00265571092  5.52963282E-06
  56.4  0.00266679353  5.53694348E-06
  56.5333333  0.00267936908  5.55253254E-06
  56.6666667  0.00267608259  5.54054416E-06
  56.8  0.00268721281  5.55246541E-06
  56.9333333  0.00269436982  5.55646265E-06
  57.0666667  0.00271164259  5.57287866E-06
  57.2  0.00272189352  5.58218579E-06
  57.3333333  0.0027368932  5.59871797E-06
  57.4666667  0.0027607949  5.62064521E-06
  57.6  0.00275474734  5.61466166E-06
  57.7333333  0.00276575606  5.62457181E-06
  57.8666667  0.00277738659  5.63454567E-06
  58.  0.00278159527  5.63660418E-06
  58.1333333  0.0027866374  5.6355202E-06
  58.2666667  0.00280083306  5.65109229E-06
  58.4  0.00280867607  5.6516624E-06
  58.5333333  0.00282661079  5.67588058E-06
  58.6666667  0.002835057  5.68110171E-06
  58.8  0.00283553803  5.67727124E-06
  58.9333333  0.00285710902  5.69984536E-06
  59.0666667  0.00287570754  5.71874172E-06
  59.2  0.00287193282  5.71304015E-06
  59.3333333  0.00287938946  5.71517593E-06
  59.4666667  0.0028854702  5.71937894E-06
  59.6  0.00289847521  5.73115897E-06
  59.7333333  0.00291246171  5.74202059E-06
  59.8666667  0.00292855266  5.75872396E-06
  60.  0.00293405183  5.76314212E-06
  60.1333333  0.00293970536  5.76623945E-06
  60.2666667  0.00295045016  5.77061657E-06
  60.4  0.00296429641  5.78680877E-06
  60.5333333  0.00298271419  5.80225744E-06
  60.6666667  0.00297899365  5.79557943E-06
  60.8  0.00300000295  5.81302288E-06
  60.9333333  0.00299570445  5.80401594E-06
  61.0666667  0.00300999781  5.81608205E-06
  61.2  0.00302316787  5.83192132E-06
  61.3333333  0.00304149698  5.84471076E-06
  61.4666667  0.00303594941  5.83753709E-06
  61.6  0.00304825876  5.84839825E-06
  61.7333333  0.00306331882  5.86092968E-06
  61.8666667  0.00306847196  5.86561532E-06
  62.  0.00308426775  5.87692609E-06
  62.1333333  0.00309615303  5.88616454E-06
  62.2666667  0.00309569721  5.88516352E-06
  62.4  0.00311185532  5.89913842E-06
  62.5333333  0.00312048876  5.90643542E-06
  62.6666667  0.00312899265  5.91191622E-06
  62.8  0.00313345048  5.90934558E-06
  62.9333333  0.0031584357  5.93820714E-06
  63.0666667  0.00315965609  5.93164852E-06
  63.2  0.00316949819  5.93948008E-06
  63.3333333  0.00318527948  5.95442283E-06
  63.4666667  0.00318463645  5.95154137E-06
  63.6  0.00320182821  5.96818061E-06
  63.7333333  0.00321113883  5.97253423E-06
  63.8666667  0.00322701787  5.9826958E-06
  64.  0.00324294463  5.9979771E-06
  64.1333333  0.00325039976  6.00036194E-06
  64.2666667  0.00324828439  5.99745591E-06
  64.4  0.0032651428  6.01109086E-06
  64.5333333  0.00327973115  6.0247916E-06
  64.6666667  0.00328269328  6.0239513E-06
  64.8  0.0032919605  6.02902543E-06
  64.9333333  0.00330848226  6.04221098E-06
  65.0666667  0.00332436802  6.05592033E-06
  65.2  0.00332928529  6.06005794E-06
  65.3333333  0.00332724264  6.04991199E-06
  65.4666667  0.00334331612  6.06323996E-06
  65.6  0.00336188525  6.08310978E-06
  65.7333333  0.00336599505  6.08001566E-06
  65.8666667  0.00339090213  6.10852803E-06
  66.  0.00339761184  6.10906757E-06
  66.1333333  0.00339705274  6.10584335E-06
  66.2666667  0.00340828617  6.11267298E-06
  66.4  0.00342249163  6.12358486E-06
  66.5333333  0.00343302167  6.13048795E-06
  66.6666667  0.00343306704  6.12137394E-06
  66.8  0.00344793011  6.14014704E-06
  66.9333333  0.00346419169  6.15208785E-06
  67.0666667  0.0034763256  6.15885108E-06
  67.2  0.00347223511  6.15022789E-06
  67.3333333  0.00349462979  6.17070736E-06
  67.4666667  0.00350561962  6.17837455E-06
  67.6  0.00351432453  6.1839672E-06
  67.7333333  0.0035206454  6.18876428E-06
  67.8666667  0.00353358956  6.19604145E-06
  68.  0.00355546455  6.21219307E-06
  68.1333333  0.00355223261  6.20968817E-06
  68.2666667  0.00356379663  6.21805379E-06
  68.4  0.00357915643  6.22628818E-06
  68.5333333  0.00358825639  6.23421226E-06
  68.6666667  0.00360382626  6.24699997E-06
  68.8  0.00360739082  6.2423842E-06
  68.9333333  0.00363058296  6.26681968E-06
  69.0666667  0.00362682086  6.25840752E-06
  69.2  0.00364126962  6.26970458E-06
  69.3333333  0.0036575011  6.27993938E-06
  69.4666667  0.00365903224  6.27786059E-06
  69.6  0.00367253053  6.28341579E-06
  69.7333333  0.00368659526  6.30004458E-06
  69.8666667  0.00369919397  6.30761184E-06
