 -2.5  0.0302937157  3.35093175E-05
 -2.46666667  0.0322133197  3.46728423E-05
 -2.43333333  0.0340732878  3.5767788E-05
 -2.4  0.0360776767  3.6892861E-05
 -2.36666667  0.0382171384  3.8071963E-05
 -2.33333333  0.0403911759  3.92559995E-05
 -2.3  0.0425349175  4.03783541E-05
 -2.26666667  0.0448080019  4.15475791E-05
 -2.23333333  0.0472422191  4.27852364E-05
 -2.2  0.0495930224  4.39322674E-05
 -2.16666667  0.052061972  4.50997294E-05
 -2.13333333  0.0546560028  4.63334528E-05
 -2.1  0.0572303797  4.75195168E-05
 -2.06666667  0.0599462698  4.87332533E-05
 -2.03333333  0.0626249863  4.98974103E-05
 -2.  0.0654430161  5.11350094E-05
 -1.96666667  0.0681151398  5.22528695E-05
 -1.93333333  0.0711442195  5.34999911E-05
 -1.9  0.0739637076  5.46359962E-05
 -1.86666667  0.0768395056  5.5780687E-05
 -1.83333333  0.0797011374  5.68914472E-05
 -1.8  0.0826366842  5.79966876E-05
 -1.76666667  0.0856594367  5.91333654E-05
 -1.73333333  0.0886089729  6.01849005E-05
 -1.7  0.091665691  6.12875942E-05
 -1.66666667  0.094681784  6.234668E-05
 -1.63333333  0.0976706584  6.33669877E-05
 -1.6  0.10061225  6.43499439E-05
 -1.56666667  0.103582685  6.53123568E-05
 -1.53333333  0.106551773  6.62680945E-05
 -1.5  0.10932364  6.71113685E-05
 -1.46666667  0.112262108  6.80000687E-05
 -1.43333333  0.114936557  6.87836106E-05
 -1.4  0.117759527  6.9598116E-05
 -1.36666667  0.120537907  7.03895655E-05
 -1.33333333  0.12312768  7.1086258E-05
 -1.3  0.125849568  7.18109882E-05
 -1.26666667  0.128323699  7.24287657E-05
 -1.23333333  0.130731645  7.30237778E-05
 -1.2  0.133098569  7.3589549E-05
 -1.16666667  0.135333253  7.4114701E-05
 -1.13333333  0.137520427  7.45885785E-05
 -1.1  0.139463296  7.49699512E-05
 -1.06666667  0.141254249  7.52962234E-05
 -1.03333333  0.143222991  7.56824443E-05
 -1.  0.144952918  7.59818873E-05
 -0.966666667  0.146444324  7.62078818E-05
 -0.933333333  0.147687292  7.63302899E-05
 -0.9  0.14923175  7.65492272E-05
 -0.866666667  0.150246072  7.66287593E-05
 -0.833333333  0.151315857  7.66997489E-05
 -0.8  0.15233142  7.67612782E-05
 -0.766666667  0.153123862  7.67547734E-05
 -0.733333333  0.153518485  7.6640503E-05
 -0.7  0.15389217  7.64964805E-05
 -0.666666667  0.154305243  7.63637095E-05
 -0.633333333  0.154420614  7.61893844E-05
 -0.6  0.15450127  7.59566363E-05
 -0.566666667  0.154409868  7.57090512E-05
 -0.533333333  0.154042669  7.53814229E-05
 -0.5  0.153632307  7.50449533E-05
 -0.466666667  0.153076365  7.46724751E-05
 -0.433333333  0.152424091  7.42762171E-05
 -0.4  0.151436081  7.37788707E-05
 -0.366666667  0.150486447  7.32779946E-05
 -0.333333333  0.149293614  7.27299631E-05
 -0.3  0.148111123  7.21738529E-05
 -0.266666667  0.146685377  7.1570729E-05
 -0.233333333  0.145275769  7.09523747E-05
 -0.2  0.143558798  7.02368265E-05
 -0.166666667  0.141751322  6.95148585E-05
 -0.133333333  0.139977801  6.87716815E-05
 -0.1  0.137899865  6.79653526E-05
 -0.0666666667  0.135686448  6.7091994E-05
 -0.0333333333  0.133505825  6.62205946E-05
 -9.41900637E-19  0.131282917  6.53507534E-05
  0.0333333333  0.129025911  6.44368643E-05
  0.0666666667  0.126468011  6.34403455E-05
  0.1  0.123932258  6.24233186E-05
  0.133333333  0.121253418  6.13662369E-05
  0.166666667  0.118533147  6.02723566E-05
  0.2  0.115926086  5.91981125E-05
  0.233333333  0.113082015  5.80465208E-05
  0.266666667  0.110230492  5.68751152E-05
  0.3  0.107360855  5.56998326E-05
  0.333333333  0.104371983  5.44235968E-05
  0.366666667  0.101494341  5.32424643E-05
  0.4  0.0985650013  5.19771682E-05
  0.433333333  0.0955428932  5.06856411E-05
  0.466666667  0.0925163945  4.93775316E-05
  0.5  0.0894993078  4.80471743E-05
  0.533333333  0.0865485576  4.67299308E-05
  0.566666667  0.0835889502  4.5411001E-05
  0.6  0.080671798  4.40951558E-05
  0.633333333  0.0776976216  4.27452764E-05
  0.666666667  0.0747700528  4.13929858E-05
  0.7  0.0718685865  4.00669205E-05
  0.733333333  0.0690568272  3.87404609E-05
  0.766666667  0.0661980257  3.74038916E-05
  0.8  0.0633733507  3.60505453E-05
  0.833333333  0.0606907543  3.47720763E-05
  0.866666667  0.0580714574  3.35022655E-05
  0.9  0.0554790041  3.22606257E-05
  0.933333333  0.0528444222  3.09870129E-05
  0.966666667  0.0503271215  2.97505059E-05
  1.  0.0479289169  2.85709864E-05
  1.03333333  0.0455005523  2.73753221E-05
  1.06666667  0.043234234  2.62583824E-05
  1.1  0.0410542209  2.51683339E-05
  1.13333333  0.0388866949  2.41078029E-05
  1.16666667  0.0368549199  2.31093602E-05
  1.2  0.0348442752  2.21001538E-05
  1.23333333  0.032928646  2.11716393E-05
  1.26666667  0.0310668487  2.02273487E-05
  1.3  0.0292677895  1.93404681E-05
  1.33333333  0.0275888161  1.84966472E-05
  1.36666667  0.0259354669  1.76896367E-05
  1.4  0.0244346458  1.69614874E-05
  1.43333333  0.022937009  1.62293994E-05
  1.46666667  0.0215108314  1.55014879E-05
  1.5  0.0202565538  1.49453018E-05
  1.53333333  0.0189869436  1.43244424E-05
  1.56666667  0.0178041078  1.37672513E-05
  1.6  0.0166816744  1.32363458E-05
  1.63333333  0.015611229  1.27140738E-05
  1.66666667  0.0146304432  1.22414522E-05
  1.7  0.0136628772  1.17745359E-05
  1.73333333  0.0128128137  1.13767078E-05
  1.76666667  0.0119561256  1.09504854E-05
  1.8  0.0111936357  1.05496039E-05
  1.83333333  0.0104410273  1.01594263E-05
  1.86666667  0.00976427238  9.84372504E-06
  1.9  0.00914200317  9.53568416E-06
  1.93333333  0.00855905546  9.2552431E-06
  1.96666667  0.00798636842  8.9294227E-06
  2.  0.00745861986  8.63183233E-06
  2.03333333  0.00695788422  8.33304578E-06
  2.06666667  0.00650509136  8.09395551E-06
  2.1  0.00607897772  7.84929817E-06
  2.13333333  0.00567821492  7.55706103E-06
  2.16666667  0.00528851921  7.28021866E-06
  2.2  0.00494714581  7.05502335E-06
  2.23333333  0.00460600408  6.82076312E-06
  2.26666667  0.00430700807  6.59864743E-06
  2.3  0.00402643549  6.41719314E-06
  2.33333333  0.00375421093  6.19614144E-06
  2.36666667  0.00349295167  5.96152372E-06
  2.4  0.00324283913  5.67925632E-06
  2.43333333  0.00301919898  5.48625289E-06
  2.46666667  0.00281399187  5.29467786E-06
