  40.  5.01983263E-05  2.87706058E-07
  41.  8.95640855E-05  3.84340301E-07
  42.  0.000102282263  4.10418044E-07
  43.  0.000116253872  4.38247088E-07
  44.  0.000127913802  4.5870617E-07
  45.  0.000141682343  4.83055098E-07
  46.  0.000156660141  5.08003381E-07
  47.  0.000169785334  5.28467294E-07
  48.  0.000184956717  5.51457524E-07
  49.  0.000200064382  5.7397611E-07
  50.  0.000214433156  5.94114131E-07
  51.  0.000229057041  6.14346459E-07
  52.  0.000245765058  6.35775461E-07
  53.  0.000261605323  6.56405686E-07
  54.  0.00027694699  6.75316342E-07
  55.  0.000292494872  6.9394339E-07
  56.  0.000309564319  7.13811367E-07
  57.  0.000326830876  7.33659487E-07
  58.  0.000344391506  7.53692971E-07
  59.  0.000359391439  7.69526239E-07
  60.  0.000377361  7.88575018E-07
  61.  0.000393762298  8.05410125E-07
  62.  0.000411355096  8.2302521E-07
  63.  0.000428408805  8.39775466E-07
  64.  0.000445627032  8.56390016E-07
  65.  0.00046244956  8.71866602E-07
  66.  0.000482595983  8.91202122E-07
  67.  0.000498962239  9.05895666E-07
  68.  0.000515542822  9.20621335E-07
  69.  0.000534221378  9.37446018E-07
  70.  0.000552660444  9.52449591E-07
  71.  0.000568722797  9.65646413E-07
  72.  0.000588419704  9.81928859E-07
  73.  0.000605770452  9.96650959E-07
  74.  0.000621147564  1.00792756E-06
  75.  0.000642738769  1.025068E-06
  76.  0.000657925189  1.03650621E-06
  77.  0.000678705667  1.05209529E-06
  78.  0.000696371874  1.06538438E-06
  79.  0.000716224782  1.07980289E-06
  80.  0.000735463443  1.0942016E-06
  81.  0.000751241599  1.10428354E-06
  82.  0.000770408229  1.11842426E-06
  83.  0.00078818384  1.12957714E-06
  84.  0.000808102861  1.14283001E-06
  85.  0.000826740292  1.15617822E-06
  86.  0.000843749613  1.16638669E-06
  87.  0.000859834338  1.17605993E-06
  88.  0.000881623263  1.19021069E-06
  89.  0.000899184484  1.20126124E-06
  90.  0.000918203199  1.21323002E-06
  91.  0.000936748457  1.22472514E-06
  92.  0.000955468501  1.23571576E-06
  93.  0.000972839081  1.24544561E-06
  94.  0.000991092937  1.25610743E-06
  95.  0.00101196152  1.26829012E-06
  96.  0.00103018209  1.27854867E-06
  97.  0.00104869854  1.28901874E-06
  98.  0.00106417475  1.29672238E-06
  99.  0.0010839089  1.30757891E-06
  100.  0.00110152604  1.31651516E-06
  101.  0.00112436519  1.32902788E-06
  102.  0.00113843273  1.33559928E-06
  103.  0.00115782542  1.34516213E-06
  104.  0.00117704707  1.35561403E-06
  105.  0.00119356784  1.36338908E-06
  106.  0.0012122633  1.37302483E-06
  107.  0.00123031075  1.38096565E-06
  108.  0.00125297991  1.39273136E-06
  109.  0.00126679999  1.39848896E-06
  110.  0.00128725834  1.40858034E-06
  111.  0.00130775967  1.41816149E-06
  112.  0.00132378526  1.42520057E-06
  113.  0.00134224011  1.43267724E-06
  114.  0.0013614174  1.44230636E-06
  115.  0.00137872864  1.44924976E-06
  116.  0.0013996595  1.4590921E-06
  117.  0.00141677304  1.46565943E-06
  118.  0.00143383275  1.47300645E-06
  119.  0.00145270194  1.48084439E-06
  120.  0.00147486993  1.49073603E-06
  121.  0.00149287583  1.49783192E-06
  122.  0.00150964904  1.50389421E-06
  123.  0.00152799747  1.51079569E-06
  124.  0.00154935676  1.52031776E-06
  125.  0.00156341489  1.52528313E-06
  126.  0.00158467421  1.53362533E-06
  127.  0.00160696392  1.54220497E-06
  128.  0.0016236905  1.54850713E-06
  129.  0.00164036923  1.55370899E-06
  130.  0.00166345956  1.5635228E-06
  131.  0.00168449172  1.57142531E-06
  132.  0.00170247675  1.57765215E-06
  133.  0.0017197634  1.58285069E-06
  134.  0.00173886238  1.58944044E-06
  135.  0.00176191814  1.59828221E-06
  136.  0.00178107436  1.60474211E-06
  137.  0.00179764706  1.60989052E-06
  138.  0.00181742119  1.61629151E-06
  139.  0.00184074776  1.62446548E-06
  140.  0.00185806621  1.62945214E-06
  141.  0.0018784405  1.63608549E-06
  142.  0.00189937511  1.6424341E-06
  143.  0.00191950535  1.64867976E-06
  144.  0.00194358576  1.65700406E-06
  145.  0.00196468676  1.66362877E-06
  146.  0.00198593779  1.67000711E-06
  147.  0.00200584796  1.67539233E-06
  148.  0.00202894891  1.68196079E-06
  149.  0.00205360688  1.68931084E-06
  150.  0.00207609197  1.69542409E-06
  151.  0.00209951725  1.70281722E-06
  152.  0.00212190409  1.70822888E-06
  153.  0.00214748742  1.71555922E-06
  154.  0.00217202082  1.72210032E-06
  155.  0.00219817254  1.72895698E-06
  156.  0.00222445955  1.73543732E-06
  157.  0.00225096159  1.74259338E-06
  158.  0.00227924266  1.74956248E-06
  159.  0.00230561842  1.75508883E-06
  160.  0.00233643932  1.76317002E-06
  161.  0.00236917142  1.77165034E-06
  162.  0.00239872278  1.778016E-06
  163.  0.00242857329  1.78380066E-06
  164.  0.00246630703  1.79353482E-06
  165.  0.00250413857  1.8026356E-06
  166.  0.00253689518  1.80839874E-06
  167.  0.00257872934  1.81806067E-06
  168.  0.00261782112  1.82580373E-06
  169.  0.00266230214  1.83504727E-06
  170.  0.00271172233  1.84533298E-06
  171.  0.00276542876  1.85682896E-06
  172.  0.00282116019  1.86755621E-06
  173.  0.00287929267  1.87860696E-06
  174.  0.00295625478  1.89515524E-06
  175.  0.00302761771  1.90729952E-06
  176.  0.00312477714  1.92816646E-06
  177.  0.00323632412  1.9492509E-06
  178.  0.00337972153  1.97758111E-06
  179.  0.00361185593  2.02568277E-06
  180.  0.00393341574  2.09045577E-06
  181.  0.00398495187  2.09328409E-06
  182.  0.00395730242  2.07902921E-06
  183.  0.00389074998  2.05563018E-06
  184.  0.00380193919  2.02714277E-06
  185.  0.00371493775  2.0000356E-06
  186.  0.00361843289  1.96880372E-06
  187.  0.0035325001  1.94157834E-06
  188.  0.00344579459  1.91262891E-06
  189.  0.0033634399  1.88547547E-06
