  50.  0.438600465  0.000716661086
  50.1333333  0.42034213  0.000703931316
  50.2666667  0.403149778  0.000691819634
  50.4  0.386120472  0.000681605281
  50.5333333  0.370459502  0.000666870047
  50.6666667  0.356431228  0.00064918194
  50.8  0.343332615  0.000631593147
  50.9333333  0.331356235  0.000616807793
  51.0666667  0.319399504  0.000600203799
  51.2  0.308086244  0.000584308267
  51.3333333  0.298007962  0.000571667271
  51.4666667  0.28705252  0.000556183551
  51.6  0.279320746  0.000547343255
  51.7333333  0.269955885  0.000533686916
  51.8666667  0.261706962  0.000521676899
  52.  0.252810675  0.000509794327
  52.1333333  0.245284508  0.000498348291
  52.2666667  0.238419408  0.000488115422
  52.4  0.231238995  0.000478583978
  52.5333333  0.224884034  0.000468631086
  52.6666667  0.219377148  0.000460591326
  52.8  0.21218119  0.00045007659
  52.9333333  0.207152971  0.000442582706
  53.0666667  0.201519846  0.000434535297
  53.2  0.195588491  0.000425699808
  53.3333333  0.190632586  0.000417844212
  53.4666667  0.186724243  0.000412163165
  53.6  0.181942488  0.000404519847
  53.7333333  0.177282979  0.000397571703
  53.8666667  0.172722033  0.000389948336
  54.  0.168439844  0.000384549262
  54.1333333  0.164558295  0.000378352558
  54.2666667  0.160914627  0.000372757122
  54.4  0.156744278  0.000366198406
  54.5333333  0.153679488  0.000361936341
  54.6666667  0.150170126  0.000355719991
  54.8  0.14654617  0.000350477129
  54.9333333  0.1436931  0.000345536626
  55.0666667  0.140671196  0.000341636497
  55.2  0.137311197  0.000334632854
  55.3333333  0.134248722  0.000329992267
  55.4666667  0.132292821  0.000326576971
  55.6  0.128369026  0.000320519169
  55.7333333  0.126111543  0.000316774249
  55.8666667  0.123959793  0.000313395887
  56.  0.121835374  0.000309863991
  56.1333333  0.119847281  0.000307693949
  56.2666667  0.117144567  0.000301932945
  56.4  0.114709659  0.000298311398
  56.5333333  0.113133262  0.000296410521
  56.6666667  0.111068092  0.00029342515
  56.8  0.108462447  0.000287750218
  56.9333333  0.106823705  0.000285712176
  57.0666667  0.104663185  0.000281643043
  57.2  0.103090476  0.000278546252
  57.3333333  0.101043609  0.000276731505
  57.4666667  0.0996021169  0.000274159509
  57.6  0.0973958677  0.000269981936
  57.7333333  0.0955261754  0.000266562215
  57.8666667  0.0940969964  0.000264209075
  58.  0.0928151357  0.000261010411
  58.1333333  0.0910916955  0.000259428176
  58.2666667  0.0892854418  0.000255089963
  58.4  0.0882973354  0.000253457838
  58.5333333  0.0870646306  0.000252302329
  58.6666667  0.0852033255  0.000248130812
  58.8  0.0842073937  0.00024721199
  58.9333333  0.0825128867  0.00024426097
  59.0666667  0.0814750088  0.000243260948
  59.2  0.0799775016  0.000239949725
  59.3333333  0.0791561823  0.000238603209
  59.4666667  0.0778907395  0.00023660667
  59.6  0.0765356452  0.000234345474
  59.7333333  0.0753820246  0.000231684952
  59.8666667  0.0744043597  0.000230780219
  60.  0.0733849774  0.000229028065
  60.1333333  0.0718742462  0.000224980672
  60.2666667  0.0710400621  0.000224226799
  60.4  0.0699387599  0.000222444925
  60.5333333  0.0686824428  0.000219852682
  60.6666667  0.0681006655  0.000218991223
  60.8  0.0669483028  0.000216368453
  60.9333333  0.0657564093  0.000213242715
  61.0666667  0.0648774129  0.000212941194
  61.2  0.0642367664  0.000210807123
  61.3333333  0.0634869231  0.000210071338
  61.4666667  0.062049113  0.000207679104
  61.6  0.0617160038  0.0002081515
  61.7333333  0.060513292  0.000205154914
  61.8666667  0.0601058514  0.000204689402
  62.  0.0590227084  0.000202472619
  62.1333333  0.058257581  0.000201377697
  62.2666667  0.0576361554  0.000200600952
  62.4  0.0564743673  0.000197591209
  62.5333333  0.0560549019  0.000197194086
  62.6666667  0.0553209972  0.000195606611
  62.8  0.0546053462  0.000194942988
  62.9333333  0.0539972971  0.000193345502
  63.0666667  0.0530881098  0.000191007135
  63.2  0.0527336262  0.000191569887
  63.3333333  0.0518820247  0.000189535863
  63.4666667  0.0511783117  0.000187531339
  63.6  0.0510037618  0.000188146823
  63.7333333  0.0500681087  0.000186889393
  63.8666667  0.0496730325  0.000185992082
  64.  0.0485121019  0.000182706891
  64.1333333  0.0481818382  0.000183584358
  64.2666667  0.0474305564  0.000181774111
  64.4  0.0471284224  0.000181058438
  64.5333333  0.0462947531  0.000179106633
  64.6666667  0.0459832957  0.000179614367
  64.8  0.0452991723  0.000177008981
  64.9333333  0.0448041452  0.000177543026
  65.0666667  0.0443315385  0.000177422533
  65.2  0.0436449157  0.000175807281
  65.3333333  0.0429287801  0.000174153193
  65.4666667  0.0428487772  0.000175809003
  65.6  0.0424906969  0.000174726144
  65.7333333  0.041912144  0.000172787619
  65.8666667  0.0413187159  0.000170568838
  66.  0.0409057445  0.000169574976
  66.1333333  0.0405652375  0.000169256829
  66.2666667  0.0402282579  0.00016876826
  66.4  0.0395307682  0.000166678107
  66.5333333  0.0390134932  0.000165540645
  66.6666667  0.0384912169  0.000163479613
  66.8  0.0378441816  0.000160803304
  66.9333333  0.0375528868  0.000161141789
  67.0666667  0.0373291696  0.000160713259
  67.2  0.0365348684  0.000157878617
  67.3333333  0.0368991073  0.000160436958
  67.4666667  0.036402813  0.000159114334
  67.6  0.0356724383  0.000155566611
  67.7333333  0.0353381259  0.000155017082
  67.8666667  0.0350923376  0.000154966464
  68.  0.0346552992  0.00015362456
  68.1333333  0.0340223655  0.000151395759
  68.2666667  0.0338868886  0.000151838562
  68.4  0.0333735273  0.000150856256
  68.5333333  0.0333810292  0.000150781802
  68.6666667  0.0327366078  0.000148358509
  68.8  0.0325404346  0.000147957158
  68.9333333  0.0320783847  0.000145985747
  69.0666667  0.0317342087  0.00014620156
  69.2  0.0314057486  0.000144667175
  69.3333333  0.0309576503  0.000142572679
  69.4666667  0.0308038445  0.000142850464
  69.6  0.0302315346  0.000141345695
  69.7333333  0.0302894155  0.000140551161
  69.8666667  0.0299632122  0.000140956512
