  200.  0.00391465786  7.54367581E-06
  205.  0.00350433569  7.08399141E-06
  210.  0.00313794561  6.63366202E-06
  215.  0.00283959349  6.25840161E-06
  220.  0.00254888071  5.84924689E-06
  225.  0.00229861962  5.50352562E-06
  230.  0.00208690005  5.19726362E-06
  235.  0.00188437248  4.88084361E-06
  240.  0.00171939964  4.62908469E-06
  245.  0.00155632849  4.33510722E-06
  250.  0.00142880418  4.13901704E-06
  255.  0.00130355609  3.9032047E-06
  260.  0.00119418778  3.70030119E-06
  265.  0.0010979123  3.52623759E-06
  270.  0.00100040223  3.32865805E-06
  275.  0.000918064397  3.1618418E-06
  280.  0.000848645204  3.02674232E-06
  285.  0.000780261872  2.87865733E-06
  290.  0.000716941702  2.71998451E-06
  295.  0.000665864102  2.60949006E-06
  300.  0.000608176381  2.45694071E-06
  305.  0.000570117531  2.37747658E-06
  310.  0.0005247019  2.24927825E-06
  315.  0.00048276689  2.1207E-06
  320.  0.000449023492  2.04091133E-06
  325.  0.000414735399  1.93561707E-06
  330.  0.000383140032  1.82470905E-06
  335.  0.000358711224  1.7695477E-06
  340.  0.000331649841  1.68974833E-06
  345.  0.000308856772  1.61765895E-06
  350.  0.000287482051  1.537319E-06
  355.  0.000270306946  1.49399852E-06
  360.  0.000250224013  1.42797526E-06
  365.  0.000235039707  1.3782944E-06
  370.  0.000216938043  1.2999054E-06
  375.  0.000205179347  1.24940711E-06
  380.  0.000189342211  1.19169689E-06
  385.  0.000178195518  1.14584708E-06
  390.  0.000165646898  1.09387459E-06
  395.  0.000152766541  1.02628539E-06
  400.  0.000147933626  1.00793642E-06
  405.  0.000135086323  9.47185801E-07
  410.  0.000127132221  9.13339942E-07
  415.  0.00011890389  8.79286838E-07
  420.  0.000110694495  8.24305657E-07
  425.  0.000104534937  8.06458891E-07
  430.  9.92602123E-05  7.77811824E-07
  435.  9.16057989E-05  7.35136063E-07
  440.  8.61266306E-05  7.02472778E-07
  445.  8.12372091E-05  6.81577635E-07
  450.  7.52845843E-05  6.36238936E-07
  455.  7.19146248E-05  6.294811E-07
  460.  6.66230483E-05  5.83536426E-07
  465.  6.3538479E-05  5.74201144E-07
  470.  5.82528501E-05  5.31726818E-07
  475.  5.52801515E-05  5.236047E-07
  480.  5.14246391E-05  4.88513717E-07
  485.  4.8985194E-05  4.80761078E-07
  490.  4.57878495E-05  4.57842981E-07
  495.  4.30642037E-05  4.3962762E-07
  500.  4.1274437E-05  4.32821492E-07
  505.  3.84537174E-05  4.06084315E-07
  510.  3.66169718E-05  3.99693349E-07
  515.  3.43749798E-05  3.79820249E-07
  520.  3.19419316E-05  3.60149808E-07
  525.  3.0656167E-05  3.50577069E-07
  530.  2.85943855E-05  3.25102715E-07
  535.  2.65720514E-05  3.07553728E-07
  540.  2.4922644E-05  2.96332693E-07
  545.  2.34769072E-05  2.83418943E-07
  550.  2.21928036E-05  2.74656043E-07
  555.  2.1221032E-05  2.6425919E-07
  560.  1.97801206E-05  2.48602405E-07
  565.  1.86923743E-05  2.46687388E-07
  570.  1.74737477E-05  2.34065173E-07
  575.  1.67903114E-05  2.26598653E-07
  580.  1.61029089E-05  2.22543678E-07
  585.  1.45779483E-05  2.00138314E-07
  590.  1.39963335E-05  1.96673416E-07
  595.  1.35227671E-05  1.99450805E-07
  600.  1.24351734E-05  1.79352705E-07
  605.  1.20100521E-05  1.76211108E-07
  610.  1.09593134E-05  1.63714917E-07
  615.  1.06375378E-05  1.6002235E-07
  620.  1.00023132E-05  1.5483972E-07
  625.  9.18945421E-06  1.42945995E-07
  630.  8.88218529E-06  1.42095218E-07
  635.  8.22180877E-06  1.32246604E-07
  640.  7.81426312E-06  1.24897529E-07
  645.  7.48148568E-06  1.26711056E-07
  650.  6.88425476E-06  1.15206428E-07
  655.  6.57245066E-06  1.1426372E-07
  660.  6.25529132E-06  1.10529511E-07
  665.  5.86481178E-06  1.02320562E-07
  670.  5.61478012E-06  9.94621637E-08
  675.  5.35921724E-06  9.63585378E-08
  680.  4.93383398E-06  8.84707722E-08
  685.  4.60971662E-06  8.60918185E-08
  690.  4.33082005E-06  8.34465352E-08
  695.  4.14225955E-06  7.89770478E-08
  700.  3.91618281E-06  7.53919317E-08
  705.  3.62719919E-06  7.06239945E-08
  710.  3.35823743E-06  6.62027813E-08
  715.  3.27237719E-06  6.50598332E-08
  720.  3.16698594E-06  6.50982253E-08
  725.  2.97813227E-06  6.31154149E-08
  730.  2.72989733E-06  5.82123326E-08
  735.  2.70091897E-06  5.6471369E-08
  740.  2.47246049E-06  5.25443614E-08
  745.  2.34559404E-06  5.04293215E-08
  750.  2.19513898E-06  4.7366619E-08
  755.  2.11416842E-06  4.80799363E-08
  760.  1.98363307E-06  4.44001535E-08
  765.  1.75494327E-06  3.84818668E-08
  770.  1.75202682E-06  4.18040417E-08
  775.  1.59129031E-06  3.60870882E-08
  780.  1.49216991E-06  3.48865338E-08
  785.  1.46658704E-06  3.6369795E-08
  790.  1.40933996E-06  3.3649685E-08
  795.  1.1848255E-06  2.93128565E-08
  800.  1.17672431E-06  2.86571465E-08
  805.  1.17967186E-06  3.00379139E-08
  810.  1.08351008E-06  2.78056031E-08
  815.  1.06371858E-06  2.71265519E-08
  820.  9.67429044E-07  2.57167601E-08
  825.  8.98910884E-07  2.33031494E-08
  830.  8.45595035E-07  2.30772828E-08
  835.  8.46238019E-07  2.25843298E-08
  840.  7.70133948E-07  2.13352815E-08
  845.  7.23344882E-07  1.92601669E-08
  850.  6.85430354E-07  1.91115616E-08
  855.  6.26113773E-07  1.75166775E-08
  860.  5.72627076E-07  1.56845238E-08
  865.  5.71507928E-07  1.52923185E-08
  870.  5.43680737E-07  1.62870343E-08
  875.  5.37771787E-07  1.56832017E-08
  880.  4.85174143E-07  1.47580234E-08
  885.  4.36404977E-07  1.33017808E-08
  890.  4.26084801E-07  1.30665252E-08
  895.  4.05593159E-07  1.24977325E-08
  900.  3.66929233E-07  1.10210667E-08
  905.  3.42376944E-07  1.0639992E-08
  910.  3.25175801E-07  9.85114173E-09
  915.  2.98871409E-07  9.16277612E-09
  920.  2.74826923E-07  8.75347755E-09
  925.  2.59429205E-07  8.49480077E-09
  930.  2.74166084E-07  9.15109104E-09
  935.  2.51089726E-07  8.5189121E-09
  940.  2.26239063E-07  7.56530797E-09
  945.  2.19185425E-07  7.48237951E-09
