  200.  0.000967021952  2.51837633E-06
  205.  0.000869556065  2.36431823E-06
  210.  0.000774981028  2.19477848E-06
  215.  0.000703508335  2.0676416E-06
  220.  0.000634913637  1.92592978E-06
  225.  0.000574813277  1.80207974E-06
  230.  0.000522155332  1.7045504E-06
  235.  0.000470438968  1.58008627E-06
  240.  0.000433116739  1.52887529E-06
  245.  0.000395201517  1.4273403E-06
  250.  0.000361365568  1.34979445E-06
  255.  0.000331519946  1.28640821E-06
  260.  0.000303418683  1.20593779E-06
  265.  0.000277986028  1.13336333E-06
  270.  0.000253469206  1.07281206E-06
  275.  0.000236194861  1.03106005E-06
  280.  0.000216596076  9.88406227E-07
  285.  0.000200377583  9.34448278E-07
  290.  0.000184497235  8.87550226E-07
  295.  0.00017215587  8.53281196E-07
  300.  0.000157381043  7.93657789E-07
  305.  0.000147390496  7.68541189E-07
  310.  0.000135506281  7.2714129E-07
  315.  0.000127884843  7.06433129E-07
  320.  0.000119424424  6.81196472E-07
  325.  0.000109144603  6.40807091E-07
  330.  0.000101753099  6.03541326E-07
  335.  9.31952872E-05  5.69117522E-07
  340.  8.77878053E-05  5.5083248E-07
  345.  8.14065997E-05  5.19901636E-07
  350.  7.61640428E-05  5.04876038E-07
  355.  7.12762074E-05  4.86959359E-07
  360.  6.6119104E-05  4.59304009E-07
  365.  6.09661204E-05  4.30574703E-07
  370.  5.76002655E-05  4.21059653E-07
  375.  5.47007307E-05  4.04010995E-07
  380.  5.05735504E-05  3.82081965E-07
  385.  4.74460457E-05  3.65660852E-07
  390.  4.46445336E-05  3.54998117E-07
  395.  4.12838573E-05  3.3231044E-07
  400.  4.02901345E-05  3.3670075E-07
  405.  3.65895807E-05  3.1066584E-07
  410.  3.48003808E-05  3.09708602E-07
  415.  3.26465258E-05  2.87677007E-07
  420.  3.03521105E-05  2.73459832E-07
  425.  2.86406758E-05  2.69316119E-07
  430.  2.72298332E-05  2.58607697E-07
  435.  2.54045851E-05  2.4083931E-07
  440.  2.39090279E-05  2.32798515E-07
  445.  2.23059939E-05  2.24293728E-07
  450.  2.08417927E-05  2.11687935E-07
  455.  1.96053535E-05  2.0597753E-07
  460.  1.86777431E-05  1.99815664E-07
  465.  1.74937662E-05  1.90292048E-07
  470.  1.63683083E-05  1.79021378E-07
  475.  1.51331707E-05  1.6990253E-07
  480.  1.45676318E-05  1.6548522E-07
  485.  1.36534346E-05  1.55262736E-07
  490.  1.30520541E-05  1.55016869E-07
  495.  1.21572251E-05  1.44684253E-07
  500.  1.14593815E-05  1.43727673E-07
  505.  1.0601785E-05  1.28652966E-07
  510.  1.04068363E-05  1.32812999E-07
  515.  9.62295518E-06  1.25256014E-07
  520.  9.16059301E-06  1.23009152E-07
  525.  8.50754146E-06  1.13462534E-07
  530.  8.21666848E-06  1.11000688E-07
  535.  7.82284195E-06  1.08087359E-07
  540.  7.20904149E-06  1.01377393E-07
  545.  6.95818564E-06  9.95491273E-08
  550.  6.35934367E-06  9.18262712E-08
  555.  5.95081955E-06  8.74813384E-08
  560.  5.77498468E-06  8.5182447E-08
  565.  5.24371584E-06  7.74111154E-08
  570.  4.94679772E-06  7.56513478E-08
  575.  4.93264141E-06  7.73855684E-08
  580.  4.53730059E-06  7.38310989E-08
  585.  4.30705315E-06  6.98232059E-08
  590.  4.05109747E-06  6.58544271E-08
  595.  3.8622736E-06  6.51234422E-08
  600.  3.62283845E-06  6.1759886E-08
  605.  3.40465279E-06  5.87043445E-08
  610.  3.17002501E-06  5.45263531E-08
  615.  3.07237496E-06  5.41889573E-08
  620.  2.88356787E-06  5.16138708E-08
  625.  2.75828854E-06  5.03360183E-08
  630.  2.59270143E-06  4.733624E-08
  635.  2.47793299E-06  4.82891428E-08
  640.  2.25582509E-06  4.26291633E-08
  645.  2.18745154E-06  4.2686549E-08
  650.  2.07497553E-06  3.99587155E-08
  655.  1.92260591E-06  3.68194009E-08
  660.  1.84294748E-06  3.71894254E-08
  665.  1.7600283E-06  3.59780657E-08
  670.  1.67980824E-06  3.44823387E-08
  675.  1.53968726E-06  3.28998212E-08
  680.  1.52383382E-06  3.20790505E-08
  685.  1.37032582E-06  2.95313657E-08
  690.  1.31121692E-06  2.833101E-08
  695.  1.26607927E-06  2.72328585E-08
  700.  1.19106407E-06  2.69680904E-08
  705.  1.06797907E-06  2.38580577E-08
  710.  9.95373375E-07  2.28869669E-08
  715.  9.86038081E-07  2.25830718E-08
  720.  9.04823658E-07  2.12535037E-08
  725.  8.5818281E-07  2.04257581E-08
  730.  8.04717901E-07  1.89512804E-08
  735.  8.05283693E-07  1.94304771E-08
  740.  7.54758331E-07  1.82978379E-08
  745.  7.23364456E-07  1.8253306E-08
  750.  6.93331901E-07  1.75487233E-08
  755.  6.40631836E-07  1.65797931E-08
  760.  5.86860607E-07  1.50328666E-08
  765.  5.65168224E-07  1.49399377E-08
  770.  5.29042601E-07  1.38737458E-08
  775.  5.04099116E-07  1.36176637E-08
  780.  4.63665968E-07  1.28491374E-08
  785.  4.18692463E-07  1.11598829E-08
  790.  4.19929019E-07  1.12312948E-08
  795.  3.65455433E-07  1.02096946E-08
  800.  3.74569228E-07  1.02359661E-08
  805.  3.48880495E-07  9.76578361E-09
  810.  3.35066997E-07  9.27514264E-09
  815.  2.98852526E-07  8.53044657E-09
  820.  2.95202452E-07  8.71058605E-09
  825.  2.70480942E-07  7.88702573E-09
  830.  2.59092568E-07  7.66862198E-09
  835.  2.44796195E-07  7.23013069E-09
  840.  2.34324972E-07  6.99244989E-09
  845.  2.21198461E-07  6.98015752E-09
  850.  2.1065618E-07  6.48099144E-09
  855.  1.97195358E-07  6.04308801E-09
  860.  1.78331284E-07  5.52173062E-09
  865.  1.92919122E-07  6.25931998E-09
  870.  1.65365319E-07  5.35340922E-09
  875.  1.60027568E-07  5.37108095E-09
  880.  1.5125467E-07  5.1728829E-09
  885.  1.40992838E-07  4.80944495E-09
  890.  1.35901432E-07  4.60935672E-09
  895.  1.23610412E-07  4.38016943E-09
  900.  1.15735624E-07  4.10195439E-09
  905.  1.05682267E-07  3.70468131E-09
  910.  1.00959281E-07  3.48645706E-09
  915.  9.61667632E-08  3.37580744E-09
  920.  9.38686259E-08  3.38091364E-09
  925.  7.70897681E-08  2.84648779E-09
  930.  7.94110012E-08  2.81862588E-09
  935.  7.77814808E-08  2.78800166E-09
  940.  7.13643015E-08  2.6569987E-09
  945.  6.66059628E-08  2.52878356E-09
