  20.  1.85532817  0.000892526796
  20.5  2.02686321  0.000930939163
  21.  2.15446816  0.000958818697
  21.5  2.27185248  0.000983447771
  22.  2.38914308  0.00100755226
  22.5  2.50666831  0.00103060999
  23.  2.62678716  0.00105325163
  23.5  2.75588794  0.00107616045
  24.  2.8973632  0.00109918996
  24.5  3.07556328  0.00112267602
  25.  3.26417002  0.00114518662
  25.5  3.31973646  0.00116428191
  26.  3.37678748  0.00118319127
  26.5  3.43676411  0.00120190434
  27.  3.50307645  0.00122147593
  27.5  3.56923076  0.00124008051
  28.  3.63683374  0.00125829034
  28.5  3.71270822  0.00127745343
  29.  3.79066418  0.00129614216
  29.5  3.87095853  0.00131468096
  30.  3.95668218  0.0013333542
  30.5  4.04250091  0.0013519781
  31.  4.13411606  0.00137083604
  31.5  4.22815712  0.00138968467
  32.  4.32666766  0.00140886293
  32.5  4.43155335  0.00142866615
  33.  4.53648839  0.00144738804
  33.5  4.64867663  0.00146709573
  34.  4.76157167  0.00148667641
  34.5  4.8870511  0.00150790296
  35.  5.01568991  0.00152867887
  35.5  5.1488986  0.00154994708
  36.  5.28996011  0.00157179558
  36.5  5.4400185  0.00159477915
  37.  5.60070171  0.00161872326
  37.5  5.77272992  0.00164397975
  38.  5.95931549  0.00167085319
  38.5  6.15790669  0.00169882291
  39.  6.37969422  0.00172990865
  39.5  6.62248299  0.00176305682
  40.  6.88397535  0.00179833619
  40.5  7.19022938  0.00183946322
  41.  7.5330868  0.00188488608
  41.5  7.9319835  0.00193633633
  42.  8.40541299  0.00199691003
  42.5  8.97832191  0.00206891594
  43.  9.68510273  0.00215490085
  43.5  10.5904453  0.00226158896
  44.  11.7632144  0.00239446585
  44.5  13.1758033  0.00254816817
  45.  13.7380516  0.00261791063
  45.5  10.1540285  0.0022503126
  46.  5.30226253  0.00159270196
  46.5  2.90332643  0.00113497894
  47.  1.82526116  0.000862541236
  47.5  1.26577072  0.000689761275
  48.  0.942028637  0.00057443741
  48.5  0.732561987  0.000492311351
  49.  0.591592058  0.000433797789
  49.5  0.490237555  0.000390925455
  50.  0.41391455  0.000361119324
  50.5  0.355708251  0.000334805046
  51.  0.310474004  0.000303900261
  51.5  0.273303601  0.00027792609
  52.  0.242701993  0.000255309567
  52.5  0.2183697  0.000237355098
  53.  0.196447057  0.000220276373
  53.5  0.178984364  0.000206665022
  54.  0.163087964  0.000194110062
  54.5  0.149604852  0.000183295549
  55.  0.13806198  0.000173742615
  55.5  0.127658153  0.000165015578
  56.  0.118822111  0.000157723776
  56.5  0.110424965  0.000150498835
  57.  0.10318286  0.000144487602
  57.5  0.0961526059  0.000137995635
  58.  0.0907714251  0.000133388465
  58.5  0.0851300262  0.000128420175
  59.  0.0801529003  0.000123781807
  59.5  0.0759346886  0.000120384649
  60.  0.0715394281  0.000116107545
  60.5  0.0677109643  0.000112437372
  61.  0.0643919111  0.000109494995
  61.5  0.0610478812  0.000106511173
  62.  0.0579260528  0.000103478744
  62.5  0.0551749709  0.000100952814
  63.  0.0526515176  9.84829217E-05
  63.5  0.0502780435  9.63366914E-05
  64.  0.0479243411  9.41553931E-05
  64.5  0.0459332201  9.25000635E-05
  65.  0.0438141322  9.11488026E-05
  65.5  0.041971779  8.91062491E-05
  66.  0.0404188887  8.73344601E-05
  66.5  0.0385898637  8.47719349E-05
  67.  0.0369379551  8.24347035E-05
  67.5  0.0356117131  8.05739188E-05
  68.  0.0340527606  7.85870241E-05
  68.5  0.0329255788  7.7275501E-05
  69.  0.0314172833  7.4536801E-05
  69.5  0.030347906  7.31861921E-05
  70.  0.0292155128  7.16251183E-05
  70.5  0.0281062828  6.97489442E-05
  71.  0.0271905201  6.85656476E-05
  71.5  0.0261643333  6.68022696E-05
  72.  0.0252267263  6.53682203E-05
  72.5  0.0242527879  6.369495E-05
  73.  0.0235623439  6.27427931E-05
  73.5  0.0227498716  6.15538343E-05
  74.  0.0219864094  6.03153348E-05
  74.5  0.0211396288  5.869855E-05
  75.  0.0206018567  5.81758146E-05
  75.5  0.0198874107  5.69418188E-05
  76.  0.0193561097  5.60024499E-05
  76.5  0.0185795833  5.46234556E-05
  77.  0.0181125352  5.38654384E-05
  77.5  0.0173884382  5.25054491E-05
  78.  0.0169830114  5.17684433E-05
  78.5  0.016490719  5.11086897E-05
  79.  0.015925488  4.98297176E-05
  79.5  0.0154400492  4.89796238E-05
  80.  0.0149760476  4.80253077E-05
  80.5  0.0145982523  4.7426886E-05
  81.  0.0141692239  4.66489533E-05
  81.5  0.0137175349  4.58093594E-05
  82.  0.0133083596  4.4686131E-05
  82.5  0.0129055187  4.39612154E-05
  83.  0.0127309575  4.3920564E-05
  83.5  0.0122157358  4.2563069E-05
  84.  0.0118830924  4.20337672E-05
  84.5  0.0116730021  4.16188892E-05
  85.  0.0112411393  4.05429019E-05
  85.5  0.0109090644  3.980384E-05
  86.  0.0107210165  3.94775182E-05
  86.5  0.0103996892  3.89295182E-05
  87.  0.0101898496  3.85740665E-05
  87.5  0.00985609799  3.76269368E-05
  88.  0.00961080633  3.70796973E-05
  88.5  0.00932051837  3.64484081E-05
  89.  0.00909163466  3.57271233E-05
  89.5  0.00887219751  3.52383556E-05
  90.  0.00866002864  3.49303913E-05
  90.5  0.00841944719  3.42603921E-05
  91.  0.00827076597  3.4131624E-05
  91.5  0.00803696569  3.35107722E-05
  92.  0.00778763282  3.27529767E-05
  92.5  0.00760284842  3.25005179E-05
  93.  0.0074111885  3.16547765E-05
  93.5  0.00727382492  3.15300038E-05
  94.  0.00709640906  3.13140321E-05
  94.5  0.0069440777  3.07700791E-05
