  500.  1.10305832E-05  9.64483917E-08
  510.  1.00148957E-05  9.12802165E-08
  520.  8.83406723E-06  8.36734116E-08
  530.  8.01975522E-06  7.7466118E-08
  540.  7.08361357E-06  7.10411492E-08
  550.  6.15508161E-06  6.34133853E-08
  560.  5.50935026E-06  5.75510967E-08
  570.  4.93971957E-06  5.41101664E-08
  580.  4.42217687E-06  5.08092056E-08
  590.  3.95668553E-06  4.63083699E-08
  600.  3.51374562E-06  4.26042176E-08
  610.  3.12119998E-06  3.84368359E-08
  620.  2.8209282E-06  3.60475465E-08
  630.  2.53531721E-06  3.3810345E-08
  640.  2.22163832E-06  3.01636559E-08
  650.  1.99879072E-06  2.71678359E-08
  660.  1.80148789E-06  2.58721518E-08
  670.  1.60974775E-06  2.38297536E-08
  680.  1.44707982E-06  2.18011811E-08
  690.  1.28864809E-06  1.96486252E-08
  700.  1.12952157E-06  1.80033621E-08
  710.  9.90705728E-07  1.60764416E-08
  720.  8.81503234E-07  1.47387468E-08
  730.  8.05000797E-07  1.35710551E-08
  740.  7.39061393E-07  1.29227878E-08
  750.  6.66981868E-07  1.20711123E-08
  760.  5.76014415E-07  1.05970356E-08
  770.  5.16570859E-07  9.72010102E-09
  780.  4.41179215E-07  8.50945388E-09
  790.  3.92692226E-07  7.58913316E-09
  800.  3.61724861E-07  7.07363886E-09
  810.  3.16959761E-07  6.30072892E-09
  820.  2.82841697E-07  5.87536051E-09
  830.  2.51944381E-07  5.26978465E-09
  840.  2.27761717E-07  4.94006398E-09
  850.  2.03925769E-07  4.43063602E-09
  860.  1.85625203E-07  4.17338527E-09
  870.  1.62696443E-07  3.79168458E-09
  880.  1.46123754E-07  3.53162383E-09
  890.  1.29755922E-07  3.17930988E-09
  900.  1.10708945E-07  2.76363381E-09
  910.  9.85630223E-08  2.42649201E-09
  920.  8.5479197E-08  2.20981143E-09
  930.  7.8596241E-08  1.98227155E-09
  940.  6.89851322E-08  1.83401104E-09
  950.  5.77573833E-08  1.6156314E-09
  960.  5.3764151E-08  1.4602552E-09
  970.  4.90477854E-08  1.39212233E-09
  980.  4.37433547E-08  1.23647991E-09
  990.  3.78578505E-08  1.08314402E-09
  1000.  3.22346184E-08  9.99445162E-10
  1010.  2.92832199E-08  8.81117162E-10
  1020.  2.64318479E-08  8.04640013E-10
  1030.  2.29397548E-08  6.60973792E-10
  1040.  2.07689298E-08  6.74880746E-10
  1050.  1.73987124E-08  5.79720974E-10
  1060.  1.57592508E-08  5.25674885E-10
  1070.  1.29146262E-08  4.15970917E-10
  1080.  1.13406244E-08  3.85654853E-10
  1090.  1.00738938E-08  3.48467287E-10
  1100.  9.13230944E-09  3.23371553E-10
  1110.  7.58766826E-09  2.69571658E-10
  1120.  6.81990502E-09  2.58112618E-10
  1130.  5.8914665E-09  2.27758538E-10
  1140.  5.31426627E-09  1.99965442E-10
  1150.  4.66030792E-09  1.75698486E-10
  1160.  3.74131111E-09  1.43017794E-10
  1170.  3.46774049E-09  1.36047446E-10
  1180.  3.11862107E-09  1.22197591E-10
  1190.  2.62078609E-09  1.11220998E-10
  1200.  2.18920468E-09  8.89532184E-11
  1210.  1.82340333E-09  7.54073028E-11
  1220.  1.58729778E-09  6.55447448E-11
  1230.  1.33555456E-09  5.53733727E-11
  1240.  1.07142383E-09  4.48292104E-11
  1250.  1.03974014E-09  4.65738718E-11
  1260.  8.14426678E-10  3.92395463E-11
  1270.  7.34698136E-10  3.32276785E-11
  1280.  5.84168019E-10  2.6598002E-11
  1290.  5.24035484E-10  2.30487736E-11
  1300.  4.60778847E-10  2.15078095E-11
  1310.  3.60055717E-10  1.72242854E-11
  1320.  3.3428099E-10  1.64767287E-11
  1330.  2.49122055E-10  1.21096514E-11
  1340.  2.22642629E-10  1.13054218E-11
  1350.  2.00256808E-10  9.84830868E-12
  1360.  1.47360565E-10  7.36495703E-12
  1370.  1.2863596E-10  6.55126278E-12
  1380.  1.10403893E-10  5.28248687E-12
  1390.  9.15183794E-11  5.08383269E-12
  1400.  6.49263559E-11  3.32509828E-12
  1410.  6.32462985E-11  3.44591409E-12
  1420.  4.98043178E-11  2.51793105E-12
  1430.  4.21376398E-11  2.31995202E-12
  1440.  3.43129522E-11  1.93638997E-12
  1450.  2.43711708E-11  1.37859144E-12
  1460.  2.19844335E-11  1.18852499E-12
  1470.  1.91593749E-11  1.16192444E-12
  1480.  1.44666219E-11  7.89807975E-13
  1490.  1.1594629E-11  6.92640447E-13
  1500.  9.48485588E-12  5.43093743E-13
  1510.  6.71910995E-12  3.68579356E-13
  1520.  5.73408659E-12  3.36251559E-13
  1530.  5.01466869E-12  3.30089399E-13
  1540.  3.08802793E-12  1.94327016E-13
  1550.  2.7259016E-12  1.84294673E-13
  1560.  2.22214744E-12  1.50829751E-13
  1570.  1.61422363E-12  1.1346386E-13
  1580.  1.19882685E-12  8.32726033E-14
  1590.  9.17156282E-13  5.98717816E-14
  1600.  7.77370196E-13  5.76931299E-14
  1610.  5.38789048E-13  3.80585278E-14
  1620.  3.84655855E-13  2.91594183E-14
  1630.  3.20666626E-13  2.43728378E-14
  1640.  2.08788019E-13  1.53736961E-14
  1650.  1.46031764E-13  1.07443326E-14
  1660.  9.69788431E-14  7.64017579E-15
  1670.  6.96699871E-14  5.05975427E-15
  1680.  5.71994448E-14  4.84919962E-15
  1690.  4.26020311E-14  3.74697098E-15
  1700.  2.56786979E-14  2.59708872E-15
  1710.  1.61996441E-14  1.47892246E-15
  1720.  7.73471547E-15  6.15762796E-16
  1730.  5.32831772E-15  4.71299256E-16
  1740.  3.10446498E-15  2.73511037E-16
  1750.  1.74469637E-15  1.5098988E-16
  1760.  7.86644225E-16  6.37703929E-17
  1770.  3.70412156E-16  3.41205028E-17
  1780.  2.29996996E-16  2.71162878E-17
  1790.  1.94101258E-16  2.68923785E-17
  1800.  1.32302472E-16  1.8615101E-17
  1810.  8.60497804E-17  9.25303007E-18
  1820.  9.18575408E-17  1.27644642E-17
  1830.  5.34745667E-17  6.60193644E-18
  1840.  3.21230807E-17  3.17654483E-18
  1850.  1.30443618E-17  1.46430993E-18
  1860.  2.96320563E-18  3.47901454E-19
  1870.  2.02966729E-19  4.29062668E-20
  1880.  1.55811698E-20  8.36304452E-21
  1890.  1.28506424E-20  5.73594596E-21
  1900.  2.6067491E-20  9.1929603E-21
  1910.  2.70432124E-20  1.26989108E-20
  1920.  8.91514458E-20  1.80756454E-20
  1930.  2.9687621E-19  3.25451898E-20
  1940.  2.41605379E-19  1.95438488E-20
  1950.  3.06355978E-20  2.66604551E-21
  1960.  0.  0.
  1970.  0.  0.
  1980.  0.  0.
  1990.  0.  0.
