   20.2500000000000        139.107690220884       6.257504446920413E-002
   20.7500000000000        142.891667329317       6.341184971913814E-002
   21.2500000000000        146.648573032128       6.423143989208287E-002
   21.7500000000000        150.289492550201       6.501546086681710E-002
   22.2500000000000        154.166942690763       6.583969035997428E-002
   22.7500000000000        157.886009377510       6.662026695165382E-002
   23.2500000000000        161.638463092370       6.739825292349512E-002
   23.7500000000000        165.433216606426       6.817557402699442E-002
   24.2500000000000        169.229354879518       6.894397915194904E-002
   24.7500000000000        173.032338413655       6.970486406000709E-002
   25.2500000000000        176.990858895582       7.048770618696677E-002
   25.7500000000000        180.829072068273       7.123812118618633E-002
   26.2500000000000        184.765996987952       7.199929235886629E-002
   26.7500000000000        188.708522630522       7.275312230404375E-002
   27.2500000000000        192.901014698795       7.354580676180730E-002
   27.7500000000000        196.850533453815       7.428438802930623E-002
   28.2500000000000        200.966335441767       7.504588731411521E-002
   28.7500000000000        205.122884899598       7.580668722967571E-002
   29.2500000000000        209.267310903614       7.655731834099692E-002
   29.7500000000000        213.704222831325       7.735234238362979E-002
   30.2500000000000        218.109224116466       7.813315340199452E-002
   30.7500000000000        222.829311566265       7.896069533799711E-002
   31.2500000000000        227.318201546185       7.973920386594212E-002
   31.7500000000000        231.962176265060       8.053617408372818E-002
   32.2500000000000        236.922711987952       8.137824928760888E-002
   32.7500000000000        241.891161285141       8.221243531045580E-002
   33.2500000000000        246.856702128514       8.303716649143848E-002
   33.7500000000000        252.252418634538       8.392347847754518E-002
   34.2500000000000        257.685429919679       8.480585879645919E-002
   34.7500000000000        263.188831104418       8.568969463886882E-002
   35.2500000000000        268.806864799197       8.658192575150316E-002
   35.7500000000000        274.139871445783       8.741980288923193E-002
   36.2500000000000        279.712179799197       8.828608705627790E-002
   36.7500000000000        285.100484979920       8.911507396832211E-002
   37.2500000000000        289.954713895582       8.985481167840077E-002
   37.7500000000000        293.078661004016       9.032737031981244E-002
   38.2500000000000        294.333108574297       9.051638098051500E-002
   38.7500000000000        291.828286526104       9.013854636401621E-002
   39.2500000000000        283.398176666667       8.885407093801409E-002
   39.7500000000000        268.462412329317       8.652751566147640E-002
   40.2500000000000        248.904166867470       8.337466829772251E-002
   40.7500000000000        226.278077851406       7.955954269783201E-002
   41.2500000000000        200.915424216867       7.503651116264488E-002
   41.7500000000000        175.812419558233       7.025561539055966E-002
   42.2500000000000        153.092398152610       6.561234915836736E-002
   42.7500000000000        133.768727951807       6.137415217364733E-002
   43.2500000000000        117.546600582329       5.756578111460375E-002
   43.7500000000000        103.955731666667       5.416186632743187E-002
   44.2500000000000        92.5250262008032       5.111820338603356E-002
   44.7500000000000        82.7217245160643       4.835118016782985E-002
   45.2500000000000        74.6117046485944       4.593311405250286E-002
   45.7500000000000        67.3723452530121       4.365909816362181E-002
   46.2500000000000        61.1935638835341       4.161808040570154E-002
   46.7500000000000        55.7711853333333       3.973906882761069E-002
   47.2500000000000        51.0480259558233       3.802549962492390E-002
   47.7500000000000        46.8581504397590       3.643698452873741E-002
   48.2500000000000        43.1219352851406       3.495880472823962E-002
   48.7500000000000        39.9429941104418       3.364935253701171E-002
   49.2500000000000        36.8631541666667       3.232957810992820E-002
   49.7500000000000        34.2501333273092       3.116555429468231E-002
   50.2500000000000        31.8367056546185       3.005003692405249E-002
   50.7500000000000        29.6934363534137       2.902312243089385E-002
   51.2500000000000        27.7152884116466       2.804168336552450E-002
   51.7500000000000        25.8855858775100       2.710200174469858E-002
   52.2500000000000        24.2209331626506       2.621763412219738E-002
   52.7500000000000        22.7255013714859       2.539672582541969E-002
   53.2500000000000        21.3448214839357       2.461435145639508E-002
   53.7500000000000        20.1191987429719       2.389826332290579E-002
   54.2500000000000        18.9335798413655       2.318439286201567E-002
   54.7500000000000        17.8748085220884       2.252766311842647E-002
   55.2500000000000        16.8482682831325       2.187202292891489E-002
   55.7500000000000        15.9354763895582       2.127197076806503E-002
   56.2500000000000        15.1075059979920       2.071257224243466E-002
   56.7500000000000        14.2638367208835       2.012654804610404E-002
   57.2500000000000        13.4956708052209       1.957763325822395E-002
   57.7500000000000        12.8285590983936       1.908805385485420E-002
   58.2500000000000        12.1920890020080       1.860895417097450E-002
   58.7500000000000        11.5651187008032       1.812456412589407E-002
   59.2500000000000        10.9867890397590       1.766594334915116E-002
   59.7500000000000        10.4370130506024       1.721859525281369E-002
   60.2500000000000        9.94806814618474       1.681073438724388E-002
   60.7500000000000        9.49024257690763       1.641961627047153E-002
   61.2500000000000        9.04582645220883       1.603079660099311E-002
   61.7500000000000        8.62689322851406       1.565541913816416E-002
   62.2500000000000        8.21859121265060       1.528067491614538E-002
   62.7500000000000        7.88234507510040       1.496499751564091E-002
   63.2500000000000        7.52728303795181       1.462424449218169E-002
   63.7500000000000        7.19072959718875       1.429374400454938E-002
   64.2500000000000        6.86370554297189       1.396510070143377E-002
   64.7500000000000        6.57846017610442       1.367197235797923E-002
   65.2500000000000        6.28327006726908       1.336184729621414E-002
   65.7500000000000        6.01218036325301       1.307054351392446E-002
   66.2500000000000        5.75832251606426       1.279173702468796E-002
   66.7500000000000        5.50677189196787       1.250933357010986E-002
   67.2500000000000        5.30333621305221       1.227617271612103E-002
   67.7500000000000        5.06750001566265       1.200021177185061E-002
   68.2500000000000        4.85331970702811       1.174395653088736E-002
   68.7500000000000        4.66331535361446       1.151186139331844E-002
   69.2500000000000        4.47319068955823       1.127482329882132E-002
   69.7500000000000        4.28051094738956       1.102940108929695E-002
