  200.  0.0037450672  5.96153542E-06
  205.  0.00335942647  5.57665093E-06
  210.  0.00302401669  5.23179659E-06
  215.  0.00272505617  4.90805663E-06
  220.  0.00245926954  4.60902257E-06
  225.  0.00223941255  4.35215479E-06
  230.  0.00203460207  4.1043917E-06
  235.  0.0018534954  3.87713924E-06
  240.  0.00168811198  3.66128882E-06
  245.  0.00153885433  3.46316844E-06
  250.  0.00141180436  3.2834602E-06
  255.  0.00128437637  3.09635355E-06
  260.  0.00118820022  2.95321492E-06
  265.  0.00108738309  2.79441148E-06
  270.  0.00100055381  2.65731191E-06
  275.  0.000925114635  2.53002853E-06
  280.  0.000849125994  2.39990269E-06
  285.  0.000784025855  2.28375644E-06
  290.  0.00072757194  2.17982413E-06
  295.  0.000672757628  2.07632616E-06
  300.  0.000620929091  1.97539473E-06
  305.  0.000576155916  1.88383156E-06
  310.  0.000537192854  1.80374566E-06
  315.  0.000498817856  1.72059068E-06
  320.  0.000464838342  1.6449229E-06
  325.  0.00043372054  1.57385466E-06
  330.  0.000401526673  1.4989434E-06
  335.  0.000375146312  1.43434056E-06
  340.  0.000348952691  1.37133166E-06
  345.  0.000323696705  1.3057411E-06
  350.  0.000302650341  1.24835345E-06
  355.  0.000283208684  1.1966707E-06
  360.  0.000262558623  1.14149623E-06
  365.  0.000246755967  1.09455785E-06
  370.  0.000232909756  1.05404381E-06
  375.  0.000216607731  1.00556662E-06
  380.  0.000201330135  9.59619184E-07
  385.  0.000189085937  9.21131657E-07
  390.  0.00017693053  8.80020082E-07
  395.  0.000166331233  8.44401599E-07
  400.  0.000155730903  8.08192044E-07
  405.  0.000146155201  7.76896236E-07
  410.  0.000136386966  7.40604775E-07
  415.  0.000127829713  7.09229237E-07
  420.  0.000121210135  6.83648626E-07
  425.  0.000112677648  6.51095487E-07
  430.  0.00010652842  6.27094486E-07
  435.  9.99327272E-05  6.00528107E-07
  440.  9.43687265E-05  5.77137981E-07
  445.  8.88840083E-05  5.53711016E-07
  450.  8.34992116E-05  5.31533996E-07
  455.  7.80828374E-05  5.06335982E-07
  460.  7.43648341E-05  4.90827003E-07
  465.  6.95417438E-05  4.68280477E-07
  470.  6.51683661E-05  4.47876149E-07
  475.  6.30614949E-05  4.36862746E-07
  480.  5.84178771E-05  4.14748071E-07
  485.  5.49898484E-05  3.97025353E-07
  490.  5.14581415E-05  3.79742202E-07
  495.  4.84219422E-05  3.63768131E-07
  500.  4.59419888E-05  3.50151619E-07
  505.  4.28749261E-05  3.34025297E-07
  510.  4.02205808E-05  3.1939581E-07
  515.  3.84716979E-05  3.08848277E-07
  520.  3.59577595E-05  2.94785701E-07
  525.  3.44135156E-05  2.85068013E-07
  530.  3.21066628E-05  2.71327658E-07
  535.  3.05153026E-05  2.61905586E-07
  540.  2.87319536E-05  2.509655E-07
  545.  2.74423093E-05  2.42016825E-07
  550.  2.58026956E-05  2.32103879E-07
  555.  2.41406914E-05  2.20457267E-07
  560.  2.28400799E-05  2.126079E-07
  565.  2.13934621E-05  2.02636961E-07
  570.  2.00290324E-05  1.92644575E-07
  575.  1.95410375E-05  1.88535298E-07
  580.  1.81314851E-05  1.79823221E-07
  585.  1.75671209E-05  1.74307506E-07
  590.  1.63632735E-05  1.66022385E-07
  595.  1.52739954E-05  1.58154799E-07
  600.  1.44344022E-05  1.51661253E-07
  605.  1.37067343E-05  1.45117388E-07
  610.  1.29355206E-05  1.39135932E-07
  615.  1.22466499E-05  1.33468492E-07
  620.  1.186946E-05  1.3009858E-07
  625.  1.10325135E-05  1.23687674E-07
  630.  1.05509643E-05  1.19398202E-07
  635.  9.94538747E-06  1.14074911E-07
  640.  9.21933908E-06  1.07964844E-07
  645.  9.00756007E-06  1.05713469E-07
  650.  8.29318692E-06  9.95835406E-08
  655.  7.85329734E-06  9.56510425E-08
  660.  7.45425973E-06  9.17569568E-08
  665.  7.06188494E-06  8.78964829E-08
  670.  6.5817359E-06  8.35813022E-08
  675.  6.47751637E-06  8.18255312E-08
  680.  5.98117937E-06  7.77411434E-08
  685.  5.68769962E-06  7.44647842E-08
  690.  5.37499097E-06  7.11559477E-08
  695.  5.0827314E-06  6.81093854E-08
  700.  4.81553937E-06  6.51000604E-08
  705.  4.51280364E-06  6.23170849E-08
  710.  4.15849229E-06  5.85208223E-08
  715.  4.13673735E-06  5.80421091E-08
  720.  3.84828271E-06  5.47782148E-08
  725.  3.62219482E-06  5.22758642E-08
  730.  3.39264289E-06  4.9875919E-08
  735.  3.23680247E-06  4.79284447E-08
  740.  3.01947212E-06  4.53649887E-08
  745.  2.81290318E-06  4.31710771E-08
  750.  2.66051702E-06  4.13903447E-08
  755.  2.61298902E-06  4.0306444E-08
  760.  2.51049011E-06  3.88800942E-08
  765.  2.32758144E-06  3.678436E-08
  770.  2.19044655E-06  3.5162641E-08
  775.  2.10887002E-06  3.39298351E-08
  780.  2.0057021E-06  3.25000603E-08
  785.  1.82661375E-06  3.04590981E-08
  790.  1.7719758E-06  2.95111247E-08
  795.  1.65088427E-06  2.77415432E-08
  800.  1.52615238E-06  2.65051904E-08
  805.  1.46006395E-06  2.54528436E-08
  810.  1.3974255E-06  2.43059917E-08
  815.  1.27369106E-06  2.27092766E-08
  820.  1.28107134E-06  2.25140579E-08
  825.  1.19452719E-06  2.14205653E-08
  830.  1.12805732E-06  2.02690573E-08
  835.  1.02564422E-06  1.89834694E-08
  840.  9.95135359E-07  1.84553836E-08
  845.  9.38072454E-07  1.75611745E-08
  850.  8.72190741E-07  1.6719385E-08
  855.  8.31163435E-07  1.59588648E-08
  860.  7.62416327E-07  1.49672588E-08
  865.  7.4784451E-07  1.45754575E-08
  870.  6.87203965E-07  1.36746779E-08
  875.  6.6453629E-07  1.32455015E-08
  880.  6.19153671E-07  1.24784906E-08
  885.  5.86689867E-07  1.19025293E-08
  890.  5.24317482E-07  1.10900818E-08
  895.  5.17796671E-07  1.07346097E-08
  900.  5.00144178E-07  1.03753775E-08
  905.  4.75738603E-07  9.99476047E-09
  910.  4.19722678E-07  9.15533659E-09
  915.  4.26799131E-07  9.1066612E-09
  920.  3.83431042E-07  8.39996159E-09
  925.  3.67029101E-07  8.04030412E-09
  930.  3.48034388E-07  7.68597245E-09
  935.  3.43555466E-07  7.53165618E-09
  940.  2.92566063E-07  6.71189795E-09
  945.  2.86908545E-07  6.51062586E-09
