  100.  0.0752945585  1.75561787E-05
  126.  0.0159941409  5.58662253E-06
  152.  0.00660419483  3.17428067E-06
  178.  0.00331164191  2.07583254E-06
  204.  0.00183762715  1.45004934E-06
  230.  0.00108913057  1.05249771E-06
  256.  0.00067600358  7.84132853E-07
  282.  0.000434180441  5.94212967E-07
  308.  0.000287131779  4.56990974E-07
  334.  0.000193266104  3.53767219E-07
  360.  0.000132963048  2.76932365E-07
  386.  9.20054683E-05  2.16707741E-07
  412.  6.49740473E-05  1.71372187E-07
  438.  4.58645192E-05  1.34884069E-07
  464.  3.28170503E-05  1.06882046E-07
  490.  2.36839725E-05  8.49006163E-08
  516.  1.70918195E-05  6.72920613E-08
  542.  1.2417194E-05  5.33737069E-08
  568.  9.01632809E-06  4.2279532E-08
  594.  6.65282449E-06  3.37115693E-08
  620.  4.81732868E-06  2.64653398E-08
  646.  3.530153E-06  2.09238052E-08
  672.  2.58103939E-06  1.64719823E-08
  698.  1.89757095E-06  1.29814616E-08
  724.  1.37731501E-06  1.01401128E-08
  750.  1.02583634E-06  8.00837255E-09
  776.  7.36376925E-07  6.15938828E-09
  802.  5.36636432E-07  4.78440565E-09
  828.  3.93003444E-07  3.71268101E-09
  854.  2.8368578E-07  2.85120351E-09
  880.  2.02836586E-07  2.17581668E-09
  906.  1.45421762E-07  1.65779667E-09
  932.  1.05463667E-07  1.26596681E-09
  958.  7.47434111E-08  9.45962949E-10
  984.  5.38905262E-08  7.1623568E-10
  1010.  3.7643269E-08  5.28645058E-10
  1036.  2.63250974E-08  3.92655558E-10
  1062.  1.86318694E-08  2.88491893E-10
  1088.  1.2632641E-08  2.08959926E-10
  1114.  8.91215948E-09  1.52809084E-10
  1140.  5.98853082E-09  1.09048262E-10
  1166.  4.02132973E-09  7.67980206E-11
  1192.  2.69398401E-09  5.411202E-11
  1218.  1.76541366E-09  3.71146608E-11
  1244.  1.16076914E-09  2.57009281E-11
  1270.  7.9645722E-10  1.80911617E-11
  1296.  4.79048231E-10  1.19545567E-11
  1322.  3.05750101E-10  7.81121133E-12
  1348.  1.91335037E-10  5.05737348E-12
  1374.  1.16795328E-10  3.26378209E-12
  1400.  6.80508606E-11  1.97963439E-12
  1426.  4.20294843E-11  1.26482909E-12
  1452.  2.28111455E-11  7.34546445E-13
  1478.  1.24804206E-11  4.19242777E-13
  1504.  6.84452685E-12  2.4263972E-13
  1530.  3.66460982E-12  1.38748052E-13
  1556.  1.89596061E-12  7.50974249E-14
  1582.  8.40594644E-13  3.59794182E-14
  1608.  4.02929845E-13  1.84919017E-14
  1634.  1.65809475E-13  8.63988969E-15
  1660.  6.2980812E-14  3.72181359E-15
  1686.  2.42521488E-14  1.56344348E-15
  1712.  7.18247015E-15  5.49660322E-16
  1738.  1.92966894E-15  1.64015745E-16
  1764.  2.98671477E-16  2.67870319E-17
  1790.  9.55678974E-17  8.96986465E-18
  1816.  4.16460727E-17  4.20883337E-18
  1842.  9.5696747E-18  1.29556665E-18
  1868.  2.72111744E-19  8.49547793E-20
  1894.  8.71463136E-20  8.87271522E-21
  1920.  1.37008884E-19  1.08141086E-20
  1946.  1.69219348E-20  2.9675019E-21
  1972.  0.  0.
  1998.  0.  0.
  2024.  0.  0.
  2050.  0.  0.
  2076.  0.  0.
  2102.  0.  0.
  2128.  0.  0.
  2154.  0.  0.
  2180.  0.  0.
  2206.  0.  0.
  2232.  0.  0.
  2258.  0.  0.
  2284.  0.  0.
  2310.  0.  0.
  2336.  0.  0.
  2362.  0.  0.
  2388.  0.  0.
  2414.  0.  0.
  2440.  0.  0.
  2466.  0.  0.
  2492.  0.  0.
  2518.  0.  0.
  2544.  0.  0.
  2570.  0.  0.
  2596.  0.  0.
  2622.  0.  0.
  2648.  0.  0.
  2674.  0.  0.
  2700.  0.  0.
  2726.  0.  0.
  2752.  0.  0.
  2778.  0.  0.
  2804.  0.  0.
  2830.  0.  0.
  2856.  0.  0.
  2882.  0.  0.
  2908.  0.  0.
  2934.  0.  0.
  2960.  0.  0.
  2986.  0.  0.
  3012.  0.  0.
  3038.  0.  0.
  3064.  0.  0.
  3090.  0.  0.
  3116.  0.  0.
  3142.  0.  0.
  3168.  0.  0.
  3194.  0.  0.
  3220.  0.  0.
  3246.  0.  0.
  3272.  0.  0.
  3298.  0.  0.
  3324.  0.  0.
  3350.  0.  0.
  3376.  0.  0.
  3402.  0.  0.
  3428.  0.  0.
  3454.  0.  0.
  3480.  0.  0.
  3506.  0.  0.
  3532.  0.  0.
  3558.  0.  0.
  3584.  0.  0.
  3610.  0.  0.
  3636.  0.  0.
  3662.  0.  0.
  3688.  0.  0.
  3714.  0.  0.
  3740.  0.  0.
  3766.  0.  0.
  3792.  0.  0.
  3818.  0.  0.
  3844.  0.  0.
  3870.  0.  0.
  3896.  0.  0.
  3922.  0.  0.
  3948.  0.  0.
  3974.  0.  0.
