  40.  8.30793166E-08  2.11849249E-08
  41.  6.92828559E-08  1.43345227E-08
  42.  3.43060586E-08  9.6561506E-09
  43.  7.05737434E-08  1.41921252E-08
  44.  5.63472006E-08  1.63191307E-08
  45.  4.59809671E-08  1.47766695E-08
  46.  6.42841304E-08  1.43608776E-08
  47.  8.29853072E-08  1.71058404E-08
  48.  5.30142803E-08  1.09575205E-08
  49.  7.24669416E-08  1.81526983E-08
  50.  8.89352515E-08  2.6660919E-08
  51.  5.99023877E-08  1.39991246E-08
  52.  7.8000273E-08  1.6409808E-08
  53.  8.26743215E-08  1.58855226E-08
  54.  9.10927877E-08  1.71011124E-08
  55.  6.69436647E-08  1.45841594E-08
  56.  7.20540119E-08  1.4345069E-08
  57.  6.59324558E-08  1.40934527E-08
  58.  1.00603124E-07  2.29405111E-08
  59.  6.59615057E-08  1.64718358E-08
  60.  6.22734023E-08  1.40054041E-08
  61.  5.74828976E-08  1.26098387E-08
  62.  7.75821769E-08  1.70016206E-08
  63.  1.03072303E-07  2.39751421E-08
  64.  6.07483174E-08  1.34010149E-08
  65.  7.91464133E-08  1.51735609E-08
  66.  8.86777338E-08  1.5776294E-08
  67.  7.93330831E-08  1.46519279E-08
  68.  8.48251344E-08  1.82810502E-08
  69.  7.92522805E-08  1.54856125E-08
  70.  6.2751816E-08  1.93506067E-08
  71.  8.96866177E-08  1.74937744E-08
  72.  6.02821765E-08  1.30375066E-08
  73.  1.28650205E-07  2.63279913E-08
  74.  1.0659299E-07  1.70726891E-08
  75.  1.30583296E-07  1.85632443E-08
  76.  2.33861102E-07  2.47331719E-08
  77.  2.29236426E-07  2.32614794E-08
  78.  3.600735E-07  2.84845339E-08
  79.  4.310929E-07  2.99219928E-08
  80.  5.8030133E-07  3.34636154E-08
  81.  7.40220332E-07  4.05310354E-08
  82.  7.74522431E-07  3.83271724E-08
  83.  1.00157474E-06  4.42664401E-08
  84.  1.18332166E-06  4.79901953E-08
  85.  1.36413067E-06  5.30063783E-08
  86.  1.42671755E-06  5.15808295E-08
  87.  1.74722395E-06  5.97030536E-08
  88.  1.91314792E-06  6.54554053E-08
  89.  2.0305222E-06  6.03633826E-08
  90.  2.30007518E-06  6.48300346E-08
  91.  2.48914695E-06  6.86804629E-08
  92.  2.77747756E-06  7.26021873E-08
  93.  2.99116098E-06  7.78930535E-08
  94.  3.2116429E-06  7.62417836E-08
  95.  3.48707587E-06  7.83342501E-08
  96.  3.65156487E-06  7.97075684E-08
  97.  4.03655081E-06  8.55033475E-08
  98.  4.28589694E-06  8.76046611E-08
  99.  4.6197619E-06  9.14092859E-08
  100.  5.04667785E-06  9.75583136E-08
  101.  5.17994786E-06  9.59308924E-08
  102.  5.52483537E-06  9.95061978E-08
  103.  5.62344597E-06  9.92613652E-08
  104.  6.15079088E-06  1.04236493E-07
  105.  6.27717894E-06  1.04488111E-07
  106.  6.7165077E-06  1.09515951E-07
  107.  7.03610358E-06  1.11711569E-07
  108.  7.38783269E-06  1.13699355E-07
  109.  7.35412296E-06  1.12672008E-07
  110.  8.01167116E-06  1.19250202E-07
  111.  8.55909471E-06  1.22693106E-07
  112.  8.77361948E-06  1.24383225E-07
  113.  9.01222987E-06  1.26342847E-07
  114.  9.33918944E-06  1.2826884E-07
  115.  9.80254557E-06  1.31236886E-07
  116.  9.86379994E-06  1.30780883E-07
  117.  1.05527029E-05  1.3645604E-07
  118.  1.1111244E-05  1.41258031E-07
  119.  1.12090919E-05  1.40653938E-07
  120.  1.14337497E-05  1.41346341E-07
  121.  1.21847834E-05  1.48427127E-07
  122.  1.19791841E-05  1.45553747E-07
  123.  1.27762211E-05  1.50400497E-07
  124.  1.30697034E-05  1.51770864E-07
  125.  1.34247288E-05  1.54404854E-07
  126.  1.41778247E-05  1.5815255E-07
  127.  1.41302453E-05  1.5748212E-07
  128.  1.46105765E-05  1.59744784E-07
  129.  1.51419025E-05  1.62370431E-07
  130.  1.55866813E-05  1.66561465E-07
  131.  1.56376674E-05  1.64799131E-07
  132.  1.62885466E-05  1.6818119E-07
  133.  1.66311979E-05  1.69902967E-07
  134.  1.68984434E-05  1.72219194E-07
  135.  1.7561095E-05  1.75791519E-07
  136.  1.81380818E-05  1.78676782E-07
  137.  1.83899609E-05  1.80449128E-07
  138.  1.9223265E-05  1.85181864E-07
  139.  1.93811437E-05  1.85176224E-07
  140.  1.96653692E-05  1.85894142E-07
  141.  2.00420658E-05  1.86883872E-07
  142.  2.038712E-05  1.90235499E-07
  143.  2.0845024E-05  1.91159719E-07
  144.  2.10781495E-05  1.92695618E-07
  145.  2.18453458E-05  1.96359411E-07
  146.  2.23417184E-05  1.99042304E-07
  147.  2.27881084E-05  2.00792005E-07
  148.  2.33151396E-05  2.03405192E-07
  149.  2.35781152E-05  2.0389781E-07
  150.  2.40394799E-05  2.05700753E-07
  151.  2.47704611E-05  2.09969702E-07
  152.  2.52440472E-05  2.1159247E-07
  153.  2.57506628E-05  2.14350389E-07
  154.  2.62798375E-05  2.17052517E-07
  155.  2.64130272E-05  2.16463824E-07
  156.  2.68450435E-05  2.18824451E-07
  157.  2.76187058E-05  2.21555156E-07
  158.  2.75208121E-05  2.22129958E-07
  159.  2.90062505E-05  2.28253714E-07
  160.  2.91173596E-05  2.2861893E-07
  161.  2.96293706E-05  2.31117029E-07
  162.  2.97243178E-05  2.29964709E-07
  163.  3.02835291E-05  2.32359855E-07
  164.  3.1043762E-05  2.36264341E-07
  165.  3.11373393E-05  2.36506067E-07
  166.  3.18677237E-05  2.37607654E-07
  167.  3.24317615E-05  2.42598218E-07
  168.  3.28623685E-05  2.4358626E-07
  169.  3.33168576E-05  2.4566517E-07
  170.  3.42978526E-05  2.48899725E-07
  171.  3.42008386E-05  2.4915422E-07
  172.  3.480552E-05  2.49631819E-07
  173.  3.53029806E-05  2.51570666E-07
  174.  3.56943704E-05  2.55463878E-07
  175.  3.61601998E-05  2.59631188E-07
  176.  3.68812226E-05  2.58649503E-07
  177.  3.70095961E-05  2.57143565E-07
  178.  3.82775944E-05  2.66352465E-07
  179.  3.90330653E-05  2.68344729E-07
  180.  3.8916359E-05  2.6775575E-07
  181.  3.94438564E-05  2.67973484E-07
  182.  3.96269952E-05  2.6831316E-07
  183.  4.0138046E-05  2.70144744E-07
  184.  4.12188344E-05  2.74508208E-07
  185.  4.20170157E-05  2.76234347E-07
  186.  4.24674745E-05  2.78197196E-07
  187.  4.26822133E-05  2.77809599E-07
  188.  4.31535274E-05  2.80625986E-07
  189.  4.38579691E-05  2.8330292E-07
