  200.  7.47972035E-06  3.99037267E-08
  205.  6.93802136E-06  3.80760142E-08
  210.  6.5038708E-06  3.68657962E-08
  215.  6.06031734E-06  3.53579271E-08
  220.  5.66631269E-06  3.45736358E-08
  225.  5.34950031E-06  3.3588923E-08
  230.  4.99931898E-06  3.21266346E-08
  235.  4.61139593E-06  2.98796754E-08
  240.  4.33155598E-06  2.90839539E-08
  245.  4.09168884E-06  2.85745015E-08
  250.  3.85958113E-06  2.85460177E-08
  255.  3.62994463E-06  2.64427932E-08
  260.  3.39295479E-06  2.62640483E-08
  265.  3.19125211E-06  2.45047976E-08
  270.  3.0313707E-06  2.50429374E-08
  275.  2.85126941E-06  2.42594681E-08
  280.  2.67817641E-06  2.2468793E-08
  285.  2.50172735E-06  2.16040365E-08
  290.  2.3792433E-06  2.05413539E-08
  295.  2.23424771E-06  1.9581052E-08
  300.  2.12363846E-06  2.05781396E-08
  305.  2.01486231E-06  2.02022474E-08
  310.  1.91509975E-06  1.91943384E-08
  315.  1.77318851E-06  1.76674193E-08
  320.  1.72161141E-06  1.84795656E-08
  325.  1.60131424E-06  1.66668934E-08
  330.  1.50899032E-06  1.59263117E-08
  335.  1.4126882E-06  1.54522466E-08
  340.  1.33167159E-06  1.5460044E-08
  345.  1.29320627E-06  1.50953445E-08
  350.  1.22671845E-06  1.45112013E-08
  355.  1.13941606E-06  1.30604062E-08
  360.  1.11393959E-06  1.40329249E-08
  365.  1.046872E-06  1.36439025E-08
  370.  9.92954907E-07  1.26804233E-08
  375.  9.37117852E-07  1.30913435E-08
  380.  8.89140841E-07  1.23064254E-08
  385.  8.64204048E-07  1.27297966E-08
  390.  8.05102739E-07  1.23127999E-08
  395.  7.8017686E-07  1.18532095E-08
  400.  7.30954409E-07  1.05274517E-08
  405.  6.89206487E-07  9.66222829E-09
  410.  6.48924914E-07  1.01042644E-08
  415.  6.18803723E-07  9.82709621E-09
  420.  6.15568139E-07  1.05373678E-08
  425.  5.77201396E-07  1.03347191E-08
  430.  5.67200132E-07  1.08950091E-08
  435.  5.28526626E-07  1.03155089E-08
  440.  5.00514326E-07  8.73172583E-09
  445.  4.80072988E-07  9.15898826E-09
  450.  0.000406386379  3.39703841E-07
  455.  0.000386729346  3.29532165E-07
  460.  0.000368813487  3.20480569E-07
  465.  0.000351332642  3.11625721E-07
  470.  0.000335123318  3.02819823E-07
  475.  0.000319656958  2.94537983E-07
  480.  0.000305152154  2.86512258E-07
  485.  0.000291178351  2.78363247E-07
  490.  0.000278406987  2.71359039E-07
  495.  0.000265827837  2.63648551E-07
  500.  0.000253868643  2.56747318E-07
  505.  0.000242956105  2.50286025E-07
  510.  0.000232526787  2.43743728E-07
  515.  0.0002223709  2.37186268E-07
  520.  0.00021332126  2.31434599E-07
  525.  0.000204127655  2.25323463E-07
  530.  0.000195990165  2.20238722E-07
  535.  0.000187703214  2.14347199E-07
  540.  0.000179822912  2.08962254E-07
  545.  0.000172492791  2.03800809E-07
  550.  0.000165248814  1.9835139E-07
  555.  0.000158569345  1.93724878E-07
  560.  0.000152595024  1.8936612E-07
  565.  0.000146228707  1.84361265E-07
  570.  0.000140389184  1.79871073E-07
  575.  0.00013461665  1.75155593E-07
  580.  0.000129885603  1.7157647E-07
  585.  0.000124633327  1.67506263E-07
  590.  0.000120125999  1.64090818E-07
  595.  0.000115491858  1.60192449E-07
  600.  0.000110955176  1.56245552E-07
  605.  0.000106824138  1.52587882E-07
  610.  0.000102947196  1.49208572E-07
  615.  9.92218802E-05  1.46358582E-07
  620.  9.54520331E-05  1.42867698E-07
  625.  9.16148596E-05  1.39235106E-07
  630.  8.86131935E-05  1.36514422E-07
  635.  8.53002388E-05  1.33263321E-07
  640.  8.23513387E-05  1.30456117E-07
  645.  7.92354497E-05  1.27571223E-07
  650.  7.64645445E-05  1.24756547E-07
  655.  7.38982994E-05  1.22390022E-07
  660.  7.12998545E-05  1.19537992E-07
  665.  6.89977391E-05  1.17552021E-07
  670.  6.63920891E-05  1.14708129E-07
  675.  6.41101268E-05  1.12367549E-07
  680.  6.20280811E-05  1.10162929E-07
  685.  5.97237278E-05  1.07503924E-07
  690.  5.7911566E-05  1.05662278E-07
  695.  5.58199518E-05  1.0333378E-07
  700.  5.41831134E-05  1.01339045E-07
  705.  5.21791359E-05  9.89712916E-08
  710.  5.05431182E-05  9.71999708E-08
  715.  4.87464347E-05  9.51689944E-08
  720.  4.70570481E-05  9.28790993E-08
  725.  4.57278361E-05  9.16638625E-08
  730.  4.42637388E-05  8.97115085E-08
  735.  4.27402698E-05  8.7825482E-08
  740.  4.13925312E-05  8.60215748E-08
  745.  4.01872468E-05  8.47053698E-08
  750.  3.88397126E-05  8.27562903E-08
  755.  3.75759412E-05  8.13144748E-08
  760.  3.64819938E-05  7.98471496E-08
  765.  3.52261919E-05  7.79894911E-08
  770.  3.40845217E-05  7.64971841E-08
  775.  3.30769118E-05  7.51432965E-08
  780.  3.20738823E-05  7.38902313E-08
  785.  3.10212528E-05  7.22633929E-08
  790.  3.0090037E-05  7.10110814E-08
  795.  2.92515522E-05  6.9734527E-08
  800.  2.83583532E-05  6.84776142E-08
  805.  2.74849089E-05  6.7033297E-08
  810.  2.67111933E-05  6.59040247E-08
  815.  2.59133231E-05  6.47163174E-08
  820.  2.52181236E-05  6.3661814E-08
  825.  2.43492796E-05  6.22902206E-08
  830.  2.36440409E-05  6.11930266E-08
  835.  2.28425399E-05  5.97646535E-08
  840.  2.22390761E-05  5.88372356E-08
  845.  2.16383756E-05  5.79307266E-08
  850.  2.09698415E-05  5.68410301E-08
  855.  2.04426522E-05  5.59660737E-08
  860.  1.99144352E-05  5.50563197E-08
  865.  1.930134E-05  5.40147745E-08
  870.  1.8769022E-05  5.3242549E-08
  875.  1.8230627E-05  5.22474837E-08
  880.  1.7708947E-05  5.14164899E-08
  885.  1.7120794E-05  5.02627185E-08
  890.  1.68090306E-05  4.98001723E-08
  895.  1.6149343E-05  4.83151151E-08
  900.  1.57304374E-05  4.76675049E-08
  905.  1.53854465E-05  4.70800188E-08
  910.  1.4927143E-05  4.62516853E-08
  915.  1.45204368E-05  4.54273397E-08
  920.  1.41337364E-05  4.47595801E-08
  925.  1.3755037E-05  4.40866072E-08
  930.  1.33815869E-05  4.33020644E-08
  935.  1.29876499E-05  4.24102064E-08
  940.  1.26163791E-05  4.16938916E-08
  945.  1.24056252E-05  4.12556254E-08
