  500.  0.000448397089  2.68603017E-07
  510.  0.000413402774  2.55688315E-07
  520.  0.000381158051  2.43393093E-07
  530.  0.000352683015  2.32377441E-07
  540.  0.000325607859  2.21289679E-07
  550.  0.000301448618  2.11116759E-07
  560.  0.000279515245  2.0159727E-07
  570.  0.000259204989  1.92463495E-07
  580.  0.000241063385  1.84112536E-07
  590.  0.000224378983  1.76369584E-07
  600.  0.000209091992  1.68880631E-07
  610.  0.000194860417  1.61717425E-07
  620.  0.000181583486  1.5489083E-07
  630.  0.000169585064  1.48486353E-07
  640.  0.000158800738  1.42577732E-07
  650.  0.00014829212  1.36680591E-07
  660.  0.000139059868  1.31358243E-07
  670.  0.000130189231  1.26176544E-07
  680.  0.000122216464  1.21411191E-07
  690.  0.000114632794  1.16503712E-07
  700.  0.000107662044  1.12099021E-07
  710.  0.000101201948  1.07966885E-07
  720.  9.51509965E-05  1.03777302E-07
  730.  8.96376972E-05  1.0007958E-07
  740.  8.44932663E-05  9.64922864E-08
  750.  7.97274432E-05  9.30427838E-08
  760.  7.50124293E-05  8.9520613E-08
  770.  7.08955085E-05  8.64085043E-08
  780.  6.68885392E-05  8.33707251E-08
  790.  6.31714658E-05  8.03942058E-08
  800.  5.97860167E-05  7.76766897E-08
  810.  5.66287532E-05  7.51024505E-08
  820.  5.36042542E-05  7.25093874E-08
  830.  5.06639389E-05  6.99651317E-08
  840.  4.8102522E-05  6.77413813E-08
  850.  4.55425676E-05  6.54235087E-08
  860.  4.33035141E-05  6.33157307E-08
  870.  4.09653445E-05  6.11674249E-08
  880.  3.88780166E-05  5.92121894E-08
  890.  3.6925813E-05  5.72579894E-08
  900.  3.50517743E-05  5.53779231E-08
  910.  3.33812215E-05  5.37219207E-08
  920.  3.17557097E-05  5.21007803E-08
  930.  3.01932219E-05  5.0403703E-08
  940.  2.88072086E-05  4.89288117E-08
  950.  2.74130891E-05  4.7356297E-08
  960.  2.61205043E-05  4.59587087E-08
  970.  2.4839608E-05  4.44584799E-08
  980.  2.36929759E-05  4.31517728E-08
  990.  2.26077543E-05  4.19501605E-08
  1000.  2.15257931E-05  4.06091778E-08
  1010.  2.05131318E-05  3.93273868E-08
  1020.  1.96547816E-05  3.82430086E-08
  1030.  1.8718495E-05  3.70815807E-08
  1040.  1.78976965E-05  3.597776E-08
  1050.  1.70978363E-05  3.49755624E-08
  1060.  1.6373944E-05  3.40204146E-08
  1070.  1.56117081E-05  3.29680566E-08
  1080.  1.49534156E-05  3.20814944E-08
  1090.  1.43299064E-05  3.12337367E-08
  1100.  1.37075287E-05  3.02936801E-08
  1110.  1.30626928E-05  2.93681528E-08
  1120.  1.25482724E-05  2.86124562E-08
  1130.  1.20667225E-05  2.79221459E-08
  1140.  1.14808938E-05  2.69852922E-08
  1150.  1.10323484E-05  2.63245077E-08
  1160.  1.05715599E-05  2.5567952E-08
  1170.  1.01172209E-05  2.48449758E-08
  1180.  9.72301563E-06  2.42129958E-08
  1190.  9.31897654E-06  2.35589883E-08
  1200.  8.98497793E-06  2.2988655E-08
  1210.  8.62609378E-06  2.24143372E-08
  1220.  8.2669606E-06  2.17540481E-08
  1230.  7.94032285E-06  2.11932253E-08
  1240.  7.62459958E-06  2.0632325E-08
  1250.  7.35693408E-06  2.01598762E-08
  1260.  7.00037553E-06  1.95470161E-08
  1270.  6.75199218E-06  1.9072507E-08
  1280.  6.50796213E-06  1.85875774E-08
  1290.  6.25362717E-06  1.81306478E-08
  1300.  5.99896588E-06  1.76138739E-08
  1310.  5.78615264E-06  1.71807315E-08
  1320.  5.57248424E-06  1.6815383E-08
  1330.  5.31829312E-06  1.62281489E-08
  1340.  5.15334949E-06  1.59314609E-08
  1350.  4.96277057E-06  1.54951893E-08
  1360.  4.78282424E-06  1.51570745E-08
  1370.  4.6061581E-06  1.47731007E-08
  1380.  4.45111624E-06  1.44299617E-08
  1390.  4.27445751E-06  1.40542114E-08
  1400.  4.11702125E-06  1.37083952E-08
  1410.  3.95034406E-06  1.33429724E-08
  1420.  3.81748147E-06  1.30464469E-08
  1430.  3.69557874E-06  1.27422658E-08
  1440.  3.5630987E-06  1.24375102E-08
  1450.  3.43709687E-06  1.21479506E-08
  1460.  3.31650882E-06  1.18709353E-08
  1470.  3.1972135E-06  1.15707698E-08
  1480.  3.07642815E-06  1.1289508E-08
  1490.  2.99178781E-06  1.10875057E-08
  1500.  2.87863721E-06  1.07833674E-08
  1510.  2.7790576E-06  1.05351837E-08
  1520.  2.67197759E-06  1.02489415E-08
  1530.  2.59829202E-06  1.00581614E-08
  1540.  2.5056027E-06  9.80894112E-09
  1550.  2.42287761E-06  9.61835034E-09
  1560.  2.33809858E-06  9.38252698E-09
  1570.  2.25596012E-06  9.15077813E-09
  1580.  2.18529191E-06  8.95291868E-09
  1590.  2.09109204E-06  8.69648533E-09
  1600.  2.03774118E-06  8.53808301E-09
  1610.  1.97231159E-06  8.32156751E-09
  1620.  1.89300732E-06  8.13959336E-09
  1630.  1.83227837E-06  7.93422837E-09
  1640.  1.78784677E-06  7.80894496E-09
  1650.  1.71792209E-06  7.59012193E-09
  1660.  1.65812657E-06  7.40087331E-09
  1670.  1.60920387E-06  7.25486072E-09
  1680.  1.55332008E-06  7.09119575E-09
  1690.  1.51882759E-06  6.99588593E-09
  1700.  1.45950103E-06  6.78472167E-09
  1710.  1.41978441E-06  6.6605596E-09
  1720.  1.36695761E-06  6.49455739E-09
  1730.  1.33212746E-06  6.37801012E-09
  1740.  1.29820254E-06  6.25335941E-09
  1750.  1.25597367E-06  6.13123902E-09
  1760.  1.20612681E-06  5.96648658E-09
  1770.  1.17352142E-06  5.84578744E-09
  1780.  1.13383784E-06  5.7044361E-09
  1790.  1.09907506E-06  5.58885458E-09
  1800.  1.06801794E-06  5.48260779E-09
  1810.  1.02381144E-06  5.30273557E-09
  1820.  9.926915E-07  5.21222422E-09
  1830.  9.63304021E-07  5.10480445E-09
  1840.  9.39293346E-07  5.01385036E-09
  1850.  9.06069885E-07  4.88657177E-09
  1860.  8.81843744E-07  4.79626064E-09
  1870.  8.50613722E-07  4.67322597E-09
  1880.  8.34690846E-07  4.60518517E-09
  1890.  8.0541813E-07  4.5110076E-09
  1900.  7.84759001E-07  4.42518984E-09
  1910.  7.58433596E-07  4.33173625E-09
  1920.  7.29966266E-07  4.20087249E-09
  1930.  7.15308511E-07  4.1492112E-09
  1940.  6.84911797E-07  4.02539978E-09
  1950.  6.77565238E-07  3.98306304E-09
  1960.  6.52576635E-07  3.89413899E-09
  1970.  6.3233795E-07  3.79780443E-09
  1980.  6.16201322E-07  3.73448495E-09
  1990.  6.01730773E-07  3.66556141E-09
