 -0.1  0.0604124968  9.52532681E-06
  0.300666667  0.0308877589  1.15105135E-05
  0.701333333  0.017191777  8.49898051E-06
  1.102  0.0116685795  7.01029559E-06
  1.50266667  0.00877391864  6.08112936E-06
  1.90333333  0.00703855056  5.4568836E-06
  2.304  0.00585146704  4.9762493E-06
  2.70466667  0.00500282926  4.60492988E-06
  3.10533333  0.00435663467  4.29907212E-06
  3.506  0.0038525202  4.04280626E-06
  3.90666667  0.00344022216  3.81442233E-06
  4.30733333  0.00311640616  3.63470042E-06
  4.708  0.0028468326  3.47757049E-06
  5.10866667  0.00261346478  3.3295997E-06
  5.50933333  0.00241099416  3.19624256E-06
  5.91  0.00223909394  3.0806114E-06
  6.31066667  0.00208352667  2.97044812E-06
  6.71133333  0.00194779117  2.87050403E-06
  7.112  0.00182899013  2.78194548E-06
  7.51266667  0.00172509804  2.70316277E-06
  7.91333333  0.0016285354  2.62264058E-06
  8.314  0.00154662065  2.55741184E-06
  8.71466667  0.00146045185  2.48055288E-06
  9.11533333  0.0013939241  2.42474984E-06
  9.516  0.00132759883  2.36595969E-06
  9.91666667  0.00126861807  2.31152405E-06
  10.3173333  0.00121235741  2.25669855E-06
  10.718  0.00115978858  2.21051838E-06
  11.1186667  0.00111007915  2.15812907E-06
  11.5193333  0.00106752922  2.11872907E-06
  11.92  0.00102254629  2.06885988E-06
  12.3206667  0.000985115609  2.03220265E-06
  12.7213333  0.000948694128  1.99284853E-06
  13.122  0.000917519285  1.96187567E-06
  13.5226667  0.000883117139  1.92129086E-06
  13.9233333  0.000855392989  1.89073162E-06
  14.324  0.000826259042  1.85988949E-06
  14.7246667  0.000798136854  1.82450809E-06
  15.1253333  0.000774378572  1.79825035E-06
  15.526  0.000748504535  1.76451635E-06
  15.9266667  0.000731972553  1.74813803E-06
  16.3273333  0.000707578186  1.71645867E-06
  16.728  0.000687405613  1.69000891E-06
  17.1286667  0.000665421644  1.66132633E-06
  17.5293333  0.000646154398  1.63326081E-06
  17.93  0.000625441702  1.61065267E-06
  18.3306667  0.000611047717  1.59239764E-06
  18.7313333  0.00059758856  1.57339387E-06
  19.132  0.000579607132  1.54579054E-06
  19.5326667  0.000564911967  1.52821446E-06
  19.9333333  0.00054900982  1.50294191E-06
  20.334  0.000535471721  1.48428118E-06
  20.7346667  0.000524260517  1.46900596E-06
  21.1353333  0.000510762057  1.44892198E-06
  21.536  0.000499517375  1.4324667E-06
  21.9366667  0.000488917276  1.41824521E-06
  22.3373333  0.000476434655  1.39867388E-06
  22.738  0.000468799862  1.38938243E-06
  23.1386667  0.000452410447  1.35778333E-06
  23.5393333  0.000445406152  1.35271876E-06
  23.94  0.00043647846  1.33592939E-06
  24.3406667  0.000425243783  1.31401901E-06
  24.7413333  0.00041763261  1.30609784E-06
  25.142  0.000406359291  1.28530887E-06
  25.5426667  0.0004012781  1.27832338E-06
  25.9433333  0.000393180254  1.2658371E-06
  26.344  0.000383960748  1.25025701E-06
  26.7446667  0.000374045931  1.22831133E-06
  27.1453333  0.000367823006  1.21616092E-06
  27.546  0.000361774393  1.21086018E-06
  27.9466667  0.000352824613  1.19112556E-06
  28.3473333  0.000346035939  1.18204893E-06
  28.748  0.000340283051  1.1729018E-06
  29.1486667  0.000333473662  1.16014782E-06
  29.5493333  0.000328060198  1.14913288E-06
  29.95  0.000320999469  1.1360307E-06
  30.3506667  0.000315490823  1.12648102E-06
  30.7513333  0.000310519147  1.12121143E-06
  31.152  0.000303803949  1.10310502E-06
  31.5526667  0.000298152482  1.08966527E-06
  31.9533333  0.000293403069  1.08537172E-06
  32.354  0.000286032579  1.06881577E-06
  32.7546667  0.000284610475  1.06786542E-06
  33.1553333  0.000278131955  1.05435638E-06
  33.556  0.000274365445  1.04328387E-06
  33.9566667  0.000269342593  1.03516413E-06
  34.3573333  0.000266406464  1.03045616E-06
  34.758  0.000260520969  1.01645423E-06
  35.1586667  0.00025548543  1.00651365E-06
  35.5593333  0.000253294708  1.00275053E-06
  35.96  0.000248372676  9.94313755E-07
  36.3606667  0.000245661388  9.85752829E-07
  36.7613333  0.000240502225  9.7539315E-07
  37.162  0.000235717238  9.61058068E-07
  37.5626667  0.00023282845  9.60556591E-07
  37.9633333  0.000228884281  9.50237116E-07
  38.364  0.000225620701  9.43908954E-07
  38.7646667  0.0002216503  9.32371237E-07
  39.1653333  0.00021990807  9.32837833E-07
  39.566  0.000215598085  9.20219071E-07
  39.9666667  0.000212901736  9.13232358E-07
  40.3673333  0.000209771546  9.07844896E-07
  40.768  0.000206428361  9.00435286E-07
  41.1686667  0.000203149382  8.90570629E-07
  41.5693333  0.000201245818  8.85865013E-07
  41.97  0.000195648247  8.71512182E-07
  42.3706667  0.000193689637  8.67784711E-07
  42.7713333  0.000191999328  8.6572552E-07
  43.172  0.000188632588  8.55861136E-07
  43.5726667  0.000185701077  8.49108783E-07
  43.9733333  0.000183033182  8.40873045E-07
  44.374  0.000180165987  8.33613373E-07
  44.7746667  0.000178931298  8.28191458E-07
  45.1753333  0.000175272744  8.19698026E-07
  45.576  0.000175696161  8.26066379E-07
  45.9766667  0.000171447964  8.11924548E-07
  46.3773333  0.000168354153  8.0503062E-07
  46.778  0.000166179718  7.97617178E-07
  47.1786667  0.000163034928  7.90125013E-07
  47.5793333  0.000161909137  7.8850868E-07
  47.98  0.000160127904  7.85929033E-07
  48.3806667  0.000157776414  7.79225266E-07
  48.7813333  0.000155982897  7.73140275E-07
  49.182  0.000152491836  7.59526921E-07
  49.5826667  0.000150071833  7.56450368E-07
  49.9833333  0.00015001065  7.56056746E-07
  50.384  0.000148117831  7.55520556E-07
  50.7846667  0.000145642079  7.44097078E-07
  51.1853333  0.000144817151  7.42770136E-07
  51.586  0.000142306903  7.35649148E-07
  51.9866667  0.000140957383  7.31947906E-07
  52.3873333  0.000138773174  7.24383412E-07
  52.788  0.00013641675  7.19074072E-07
  53.1886667  0.000134574315  7.12453949E-07
  53.5893333  0.000133728127  7.10482398E-07
  53.99  0.000132848746  7.08329532E-07
  54.3906667  0.000131249319  7.04816296E-07
  54.7913333  0.000128178973  6.94613991E-07
  55.192  0.000127902902  6.92832871E-07
  55.5926667  0.000126536498  6.90085236E-07
  55.9933333  0.000125807826  6.87140978E-07
  56.394  0.000123655896  6.81847518E-07
  56.7946667  0.000122405821  6.78861646E-07
  57.1953333  0.000120924288  6.78007958E-07
  57.596  0.000118665342  6.67478037E-07
  57.9966667  0.000117401034  6.62031785E-07
  58.3973333  0.00011563805  6.57458307E-07
  58.798  0.00011393054  6.50292628E-07
  59.1986667  0.000113800315  6.51770158E-07
  59.5993333  0.000111833496  6.45466054E-07
