  500.  0.000293270583  2.61469282E-07
  510.  0.000270974757  2.49452041E-07
  520.  0.000249839687  2.37406177E-07
  530.  0.00023171605  2.27017637E-07
  540.  0.000214613395  2.16706451E-07
  550.  0.000198699318  2.06811603E-07
  560.  0.000184638436  1.97846945E-07
  570.  0.000171638176  1.89155032E-07
  580.  0.00015979447  1.81244267E-07
  590.  0.000148858577  1.73449805E-07
  600.  0.000139121215  1.66510685E-07
  610.  0.000129868156  1.59619789E-07
  620.  0.00012114969  1.52983924E-07
  630.  0.000113153948  1.46677783E-07
  640.  0.000105867016  1.40764901E-07
  650.  9.9265616E-05  1.35367129E-07
  660.  9.33171007E-05  1.30223287E-07
  670.  8.72901755E-05  1.24890937E-07
  680.  8.18940194E-05  1.19963373E-07
  690.  7.73889218E-05  1.1602146E-07
  700.  7.26940492E-05  1.11646516E-07
  710.  6.82862961E-05  1.07353572E-07
  720.  6.44635893E-05  1.03622228E-07
  730.  6.05423383E-05  9.95267414E-08
  740.  5.72534877E-05  9.61748017E-08
  750.  5.41898415E-05  9.29088666E-08
  760.  5.10545153E-05  8.94423678E-08
  770.  4.82109941E-05  8.62775829E-08
  780.  4.55148766E-05  8.31895162E-08
  790.  4.29018533E-05  8.01485935E-08
  800.  4.06917961E-05  7.75882916E-08
  810.  3.85966076E-05  7.50880513E-08
  820.  3.67150067E-05  7.26859437E-08
  830.  3.48066482E-05  7.03073248E-08
  840.  3.30024206E-05  6.79981384E-08
  850.  3.11703415E-05  6.55604835E-08
  860.  2.96860353E-05  6.36175006E-08
  870.  2.81316045E-05  6.14753524E-08
  880.  2.6727323E-05  5.94409053E-08
  890.  2.5380931E-05  5.75381613E-08
  900.  2.41481347E-05  5.57012786E-08
  910.  2.29997801E-05  5.40123667E-08
  920.  2.18675311E-05  5.22493975E-08
  930.  2.08252133E-05  5.0717969E-08
  940.  1.9926892E-05  4.92809115E-08
  950.  1.88210319E-05  4.74978993E-08
  960.  1.8052904E-05  4.62221906E-08
  970.  1.71736146E-05  4.4843726E-08
  980.  1.63608948E-05  4.34393079E-08
  990.  1.55774327E-05  4.20736217E-08
  1000.  1.50278836E-05  4.11152704E-08
  1010.  1.43248338E-05  3.98398559E-08
  1020.  1.3675115E-05  3.86463024E-08
  1030.  1.31069644E-05  3.75858085E-08
  1040.  1.25233462E-05  3.65255695E-08
  1050.  1.18959729E-05  3.53049817E-08
  1060.  1.14382465E-05  3.44633371E-08
  1070.  1.08775334E-05  3.33221841E-08
  1080.  1.05064637E-05  3.25638971E-08
  1090.  1.00065989E-05  3.15343194E-08
  1100.  9.57757729E-06  3.07141601E-08
  1110.  9.19834892E-06  2.98637305E-08
  1120.  8.78615344E-06  2.90053295E-08
  1130.  8.45070336E-06  2.82291716E-08
  1140.  8.07170739E-06  2.73878452E-08
  1150.  7.76404314E-06  2.6796123E-08
  1160.  7.48357967E-06  2.60945444E-08
  1170.  7.15308331E-06  2.53183279E-08
  1180.  6.82795141E-06  2.45930225E-08
  1190.  6.61121307E-06  2.40493157E-08
  1200.  6.32484382E-06  2.33060841E-08
  1210.  6.07372218E-06  2.27664857E-08
  1220.  5.86072358E-06  2.22283923E-08
  1230.  5.62754796E-06  2.1601003E-08
  1240.  5.41151259E-06  2.10871363E-08
  1250.  5.20866405E-06  2.05612308E-08
  1260.  4.96445387E-06  1.99054424E-08
  1270.  4.79218728E-06  1.93967741E-08
  1280.  4.59841189E-06  1.89736961E-08
  1290.  4.44371658E-06  1.84656075E-08
  1300.  4.27199656E-06  1.79873465E-08
  1310.  4.10001054E-06  1.75399721E-08
  1320.  3.95374659E-06  1.71104332E-08
  1330.  3.83400817E-06  1.67489312E-08
  1340.  3.66995233E-06  1.62929713E-08
  1350.  3.54602268E-06  1.58989537E-08
  1360.  3.4207533E-06  1.55083275E-08
  1370.  3.27411484E-06  1.50738586E-08
  1380.  3.15810967E-06  1.47210399E-08
  1390.  3.05106678E-06  1.43710249E-08
  1400.  2.94627124E-06  1.40533071E-08
  1410.  2.85369189E-06  1.37267959E-08
  1420.  2.74253784E-06  1.33344346E-08
  1430.  2.64463787E-06  1.30463653E-08
  1440.  2.54679075E-06  1.27034627E-08
  1450.  2.44894485E-06  1.24060361E-08
  1460.  2.36584216E-06  1.21067196E-08
  1470.  2.29859619E-06  1.18346944E-08
  1480.  2.19397651E-06  1.15312401E-08
  1490.  2.11958412E-06  1.12707415E-08
  1500.  2.0607083E-06  1.10154519E-08
  1510.  1.99214965E-06  1.07672893E-08
  1520.  1.92429842E-06  1.05186512E-08
  1530.  1.85276823E-06  1.022563E-08
  1540.  1.78313832E-06  9.9816557E-09
  1550.  1.75285502E-06  9.85393847E-09
  1560.  1.67396922E-06  9.5588171E-09
  1570.  1.62466201E-06  9.37116267E-09
  1580.  1.57235785E-06  9.16615131E-09
  1590.  1.5157486E-06  8.94127016E-09
  1600.  1.4659535E-06  8.74844577E-09
  1610.  1.42807556E-06  8.57678878E-09
  1620.  1.39365809E-06  8.42036668E-09
  1630.  1.31967551E-06  8.12592207E-09
  1640.  1.28068286E-06  7.97125752E-09
  1650.  1.24457638E-06  7.80421906E-09
  1660.  1.19835769E-06  7.60350563E-09
  1670.  1.17048894E-06  7.47257505E-09
  1680.  1.12265115E-06  7.26847032E-09
  1690.  1.10786911E-06  7.18351338E-09
  1700.  1.05262003E-06  6.98357281E-09
  1710.  1.0250595E-06  6.81077241E-09
  1720.  9.87729723E-07  6.67703778E-09
  1730.  9.70333243E-07  6.54418599E-09
  1740.  9.28117841E-07  6.38257405E-09
  1750.  9.02390569E-07  6.23878339E-09
  1760.  8.74350658E-07  6.10625411E-09
  1770.  8.47340194E-07  5.96667339E-09
  1780.  8.21975652E-07  5.84386276E-09
  1790.  8.12909874E-07  5.77399398E-09
  1800.  7.77192508E-07  5.63765632E-09
  1810.  7.45772797E-07  5.47576567E-09
  1820.  7.25137652E-07  5.37528854E-09
  1830.  6.96893258E-07  5.23641716E-09
  1840.  6.91320051E-07  5.17400966E-09
  1850.  6.59690038E-07  5.00911034E-09
  1860.  6.38235045E-07  4.92858495E-09
  1870.  6.19949948E-07  4.8018869E-09
  1880.  6.0704143E-07  4.7282357E-09
  1890.  5.93685279E-07  4.6372042E-09
  1900.  5.63874132E-07  4.50002214E-09
  1910.  5.56149069E-07  4.45083308E-09
  1920.  5.24448653E-07  4.27753677E-09
  1930.  5.19118137E-07  4.24118221E-09
  1940.  5.09114667E-07  4.17332325E-09
  1950.  4.88747485E-07  4.07013427E-09
  1960.  4.77220736E-07  3.99249527E-09
  1970.  4.61666223E-07  3.92709993E-09
  1980.  4.43278331E-07  3.77348529E-09
  1990.  4.36447252E-07  3.75406171E-09
