  200.  1.68472684E-06  2.66486499E-08
  205.  1.58774185E-06  2.66794817E-08
  210.  1.50180368E-06  2.50137117E-08
  215.  1.3281239E-06  2.3792104E-08
  220.  1.27602627E-06  2.4575221E-08
  225.  1.23569599E-06  2.42051807E-08
  230.  1.15052933E-06  2.27841268E-08
  235.  1.07841227E-06  2.2539884E-08
  240.  1.03574665E-06  2.18012419E-08
  245.  9.94635496E-07  2.18592864E-08
  250.  9.30916476E-07  1.98654609E-08
  255.  8.55592523E-07  2.10085565E-08
  260.  7.87535386E-07  1.87355553E-08
  265.  7.4803864E-07  1.87513728E-08
  270.  7.27239533E-07  1.7389044E-08
  275.  6.40209429E-07  1.66657896E-08
  280.  6.29394374E-07  1.56480391E-08
  285.  5.8135752E-07  1.50242055E-08
  290.  5.69608114E-07  1.68761583E-08
  295.  5.23201928E-07  1.38144863E-08
  300.  5.21708219E-07  1.60478643E-08
  305.  5.00233419E-07  1.56510716E-08
  310.  4.59624694E-07  1.42977669E-08
  315.  4.22675258E-07  1.30756355E-08
  320.  3.87093561E-07  1.1954067E-08
  325.  3.92427611E-07  1.33200092E-08
  330.  3.70718898E-07  1.18109557E-08
  335.  3.4313011E-07  1.15120652E-08
  340.  3.24373675E-07  1.13776557E-08
  345.  3.29147982E-07  1.25246068E-08
  350.  3.20229076E-07  1.26072789E-08
  355.  2.99672294E-07  1.56740004E-08
  360.  2.72903715E-07  1.13991528E-08
  365.  2.74764358E-07  1.06684196E-08
  370.  2.39899835E-07  9.67950486E-09
  375.  2.50519279E-07  1.17492676E-08
  380.  2.44603141E-07  1.01976013E-08
  385.  2.06950604E-07  8.22423975E-09
  390.  2.15250737E-07  1.01850445E-08
  395.  1.90387002E-07  7.64515976E-09
  400.  1.89111366E-07  9.29632689E-09
  405.  1.96450495E-07  1.11924116E-08
  410.  1.72598857E-07  1.00256887E-08
  415.  1.73083526E-07  1.26236875E-08
  420.  1.79368756E-07  1.41351836E-08
  425.  1.57104756E-07  9.71185187E-09
  430.  1.44420619E-07  6.79138233E-09
  435.  1.42501213E-07  9.7302539E-09
  440.  1.32296764E-07  8.26485503E-09
  445.  1.32271413E-07  8.16033117E-09
  450.  0.000565942366  4.91905768E-07
  455.  0.000644625522  5.25706426E-07
  460.  0.000616766115  5.11306784E-07
  465.  0.000589872946  4.98165954E-07
  470.  0.000564451963  4.85572796E-07
  475.  0.000540264723  4.73020008E-07
  480.  0.000517152804  4.60584331E-07
  485.  0.000495375533  4.48684521E-07
  490.  0.000474241027  4.37249401E-07
  495.  0.000455564263  4.27423802E-07
  500.  0.00043620399  4.16026211E-07
  505.  0.000418248124  4.05804213E-07
  510.  0.000401542595  3.95916145E-07
  515.  0.000385873623  3.86862463E-07
  520.  0.000369744434  3.7653411E-07
  525.  0.000355012886  3.6764479E-07
  530.  0.000341875759  3.59494912E-07
  535.  0.000328375923  3.50853744E-07
  540.  0.000315626176  3.42693103E-07
  545.  0.00030353943  3.34633032E-07
  550.  0.000291533825  3.2658903E-07
  555.  0.000280886326  3.19259821E-07
  560.  0.000270595597  3.12230905E-07
  565.  0.000259888706  3.04614445E-07
  570.  0.000250715302  2.97920496E-07
  575.  0.000241839983  2.91759234E-07
  580.  0.000232693777  2.84764763E-07
  585.  0.000224648554  2.79085707E-07
  590.  0.000216350261  2.72304678E-07
  595.  0.000208809377  2.66761253E-07
  600.  0.000201633699  2.61096787E-07
  605.  0.000194615299  2.55759331E-07
  610.  0.000187716655  2.50089484E-07
  615.  0.000181062105  2.44482478E-07
  620.  0.000174660587  2.3936384E-07
  625.  0.000168944354  2.34262843E-07
  630.  0.000162632314  2.2872493E-07
  635.  0.000157709613  2.24975768E-07
  640.  0.000152087006  2.19647041E-07
  645.  0.000147300715  2.15466146E-07
  650.  0.000142547654  2.1135964E-07
  655.  0.000137564056  2.06876003E-07
  660.  0.000133711513  2.03230708E-07
  665.  0.000129154421  1.98929569E-07
  670.  0.00012453202  1.94100851E-07
  675.  0.000120816465  1.90853671E-07
  680.  0.000117094055  1.87157474E-07
  685.  0.000113329222  1.83267023E-07
  690.  0.00010989925  1.80178176E-07
  695.  0.00010663488  1.76718573E-07
  700.  0.000103127609  1.73296538E-07
  705.  0.000100094884  1.69974423E-07
  710.  9.68029781E-05  1.66563061E-07
  715.  9.38197043E-05  1.63299562E-07
  720.  9.11755072E-05  1.60399867E-07
  725.  8.86057851E-05  1.57814852E-07
  730.  8.5573635E-05  1.54346198E-07
  735.  8.31046192E-05  1.5132301E-07
  740.  8.07080062E-05  1.4885556E-07
  745.  7.86647876E-05  1.46456729E-07
  750.  7.64047662E-05  1.4373711E-07
  755.  7.41107786E-05  1.41220073E-07
  760.  7.16485966E-05  1.38098594E-07
  765.  6.99011279E-05  1.36004494E-07
  770.  6.77537697E-05  1.33397702E-07
  775.  6.56711456E-05  1.30831493E-07
  780.  6.39225659E-05  1.28725335E-07
  785.  6.21730954E-05  1.26461252E-07
  790.  6.02970995E-05  1.24037816E-07
  795.  5.84004648E-05  1.2167109E-07
  800.  5.70398388E-05  1.20028275E-07
  805.  5.53608203E-05  1.17789727E-07
  810.  5.39003818E-05  1.15662412E-07
  815.  5.22793036E-05  1.13482918E-07
  820.  5.12066164E-05  1.12161587E-07
  825.  4.97760767E-05  1.100363E-07
  830.  4.82742618E-05  1.07984315E-07
  835.  4.72173602E-05  1.06575038E-07
  840.  4.56380445E-05  1.0415593E-07
  845.  4.46983719E-05  1.03030529E-07
  850.  4.31807029E-05  1.00590905E-07
  855.  4.24313781E-05  9.96810282E-08
  860.  4.11242166E-05  9.77266514E-08
  865.  3.99735895E-05  9.59204996E-08
  870.  3.88795557E-05  9.42288091E-08
  875.  3.79595065E-05  9.28918608E-08
  880.  3.69637874E-05  9.12831853E-08
  885.  3.6103974E-05  9.00103649E-08
  890.  3.5208236E-05  8.86384321E-08
  895.  3.4171345E-05  8.6987289E-08
  900.  3.32829045E-05  8.54223509E-08
  905.  3.25149726E-05  8.41612255E-08
  910.  3.17602344E-05  8.30349134E-08
  915.  3.07985988E-05  8.12904361E-08
  920.  3.01031035E-05  8.01171266E-08
  925.  2.93514751E-05  7.8715701E-08
  930.  2.85986404E-05  7.77132895E-08
  935.  2.793448E-05  7.64486457E-08
  940.  2.72436197E-05  7.52702558E-08
  945.  2.67760294E-05  7.45138465E-08
