  100.  5.01648543E-06  2.0522079E-07
  100.266667  4.54557017E-06  1.90389078E-07
  100.533333  5.2920095E-06  2.13004191E-07
  100.8  5.04455256E-06  2.03536998E-07
  101.066667  5.46142457E-06  2.17735012E-07
  101.333333  5.52574958E-06  2.18488677E-07
  101.6  5.40297725E-06  2.14288038E-07
  101.866667  5.45780885E-06  2.08665052E-07
  102.133333  5.54165839E-06  2.11951827E-07
  102.4  5.65328686E-06  2.16959743E-07
  102.666667  5.74025872E-06  2.20064929E-07
  102.933333  5.65893854E-06  2.14544144E-07
  103.2  6.03400854E-06  2.33253331E-07
  103.466667  5.77088265E-06  2.18781153E-07
  103.733333  6.29412554E-06  2.3286716E-07
  104.  6.15998246E-06  2.20408656E-07
  104.266667  6.66701673E-06  2.37625658E-07
  104.533333  6.27994345E-06  2.28048226E-07
  104.8  6.3082483E-06  2.28558024E-07
  105.066667  6.59357623E-06  2.38119365E-07
  105.333333  6.73521242E-06  2.38161034E-07
  105.6  6.82594198E-06  2.38379982E-07
  105.866667  6.89175463E-06  2.41345371E-07
  106.133333  7.04578471E-06  2.42933044E-07
  106.4  7.15053892E-06  2.50643269E-07
  106.666667  7.23482134E-06  2.52479817E-07
  106.933333  7.22107005E-06  2.46349778E-07
  107.2  7.14954714E-06  2.41218523E-07
  107.466667  6.89803295E-06  2.39503062E-07
  107.733333  7.49146323E-06  2.49177091E-07
  108.  7.82291173E-06  2.55632207E-07
  108.266667  7.57757198E-06  2.45997581E-07
  108.533333  7.60156244E-06  2.52055712E-07
  108.8  7.46861917E-06  2.45890649E-07
  109.066667  8.01965828E-06  2.55138028E-07
  109.333333  7.73807598E-06  2.54551579E-07
  109.6  7.77580069E-06  2.46631019E-07
  109.866667  8.05695199E-06  2.60368765E-07
  110.133333  8.0342192E-06  3.16135178E-07
  110.4  8.87470793E-06  2.84353918E-07
  110.666667  8.33228123E-06  2.60705566E-07
  110.933333  8.64235873E-06  2.66882072E-07
  111.2  8.34962311E-06  2.58270779E-07
  111.466667  9.05144966E-06  2.77333054E-07
  111.733333  8.73309018E-06  2.66817129E-07
  112.  8.86244946E-06  2.73753645E-07
  112.266667  8.55795863E-06  2.62353995E-07
  112.533333  9.13251976E-06  2.7241679E-07
  112.8  8.94384807E-06  2.70924768E-07
  113.066667  9.08818957E-06  2.74488954E-07
  113.333333  9.04092981E-06  2.66181251E-07
  113.6  9.73168086E-06  2.8777855E-07
  113.866667  9.65992748E-06  2.83699955E-07
  114.133333  1.01055363E-05  2.95600646E-07
  114.4  9.73687642E-06  2.89858959E-07
  114.666667  9.99271263E-06  2.83204713E-07
  114.933333  9.98104951E-06  2.85939873E-07
  115.2  9.85186669E-06  2.78576604E-07
  115.466667  9.8924019E-06  2.81521831E-07
  115.733333  1.00005811E-05  2.91217089E-07
  116.  1.02014961E-05  2.83686447E-07
  116.266667  1.04404135E-05  2.90531087E-07
  116.533333  1.01075123E-05  2.86086196E-07
  116.8  1.1005745E-05  3.00995875E-07
  117.066667  1.08463039E-05  2.94336431E-07
  117.333333  1.06953912E-05  2.93507369E-07
  117.6  1.07083247E-05  2.95514271E-07
  117.866667  1.09187058E-05  2.9587556E-07
  118.133333  1.11047808E-05  2.94659176E-07
  118.4  1.09436599E-05  2.99788062E-07
  118.666667  1.1822789E-05  3.12200019E-07
  118.933333  1.10553295E-05  3.00157359E-07
  119.2  1.20059042E-05  3.18943553E-07
  119.466667  1.19764664E-05  3.12378402E-07
  119.733333  1.18600597E-05  3.12460249E-07
  120.  1.15790712E-05  3.05566097E-07
  120.266667  1.21031897E-05  3.19336712E-07
  120.533333  1.15900148E-05  3.02847347E-07
  120.8  1.22748798E-05  3.20397513E-07
  121.066667  1.20094176E-05  3.1377058E-07
  121.333333  1.28386968E-05  3.2857555E-07
  121.6  1.29340586E-05  3.23384815E-07
  121.866667  1.23365003E-05  3.16118445E-07
  122.133333  1.2893611E-05  3.2329633E-07
  122.4  1.3607263E-05  3.41032329E-07
  122.666667  1.30878187E-05  3.29843964E-07
  122.933333  1.27553982E-05  3.2032493E-07
  123.2  1.28940521E-05  3.24190445E-07
  123.466667  1.32412723E-05  3.34218933E-07
  123.733333  1.33832948E-05  3.28997047E-07
  124.  1.37430602E-05  3.37462592E-07
  124.266667  1.41315705E-05  3.42912389E-07
  124.533333  1.3410372E-05  3.34184512E-07
  124.8  1.34986982E-05  3.35607021E-07
  125.066667  1.37597975E-05  3.33110911E-07
  125.333333  1.40950353E-05  3.48062604E-07
  125.6  1.40519943E-05  3.35116081E-07
  125.866667  1.50412064E-05  3.55067627E-07
  126.133333  1.44519405E-05  3.45209301E-07
  126.4  1.41497398E-05  3.37868154E-07
  126.666667  1.48551494E-05  3.46674695E-07
  126.933333  1.44067981E-05  3.50724145E-07
  127.2  1.51441007E-05  3.550557E-07
  127.466667  1.56895677E-05  3.66429403E-07
  127.733333  1.50840821E-05  3.51383298E-07
  128.  1.49955198E-05  3.53701028E-07
  128.266667  1.4958981E-05  3.50404977E-07
  128.533333  1.51430687E-05  3.47468571E-07
  128.8  1.45914087E-05  3.41345609E-07
  129.066667  1.58038517E-05  3.64826231E-07
  129.333333  1.54500553E-05  3.52128413E-07
  129.6  1.63942355E-05  3.73019097E-07
  129.866667  1.55532101E-05  3.54106378E-07
  130.133333  1.55020856E-05  3.56088467E-07
  130.4  1.63174826E-05  3.73375998E-07
  130.666667  1.61147253E-05  3.65221739E-07
  130.933333  1.59201169E-05  3.61219365E-07
  131.2  1.63791764E-05  3.66899451E-07
  131.466667  1.57740243E-05  3.58438864E-07
  131.733333  1.62744849E-05  3.66493628E-07
  132.  1.64696594E-05  3.7171652E-07
  132.266667  1.66318314E-05  3.66851546E-07
  132.533333  1.71836646E-05  3.77784874E-07
  132.8  1.77265293E-05  3.81077924E-07
  133.066667  1.71022918E-05  3.7262874E-07
  133.333333  1.70804096E-05  3.79854217E-07
  133.6  1.75908869E-05  3.76600589E-07
  133.866667  1.77041243E-05  3.82062627E-07
  134.133333  1.83824374E-05  3.93904814E-07
  134.4  1.75418983E-05  3.83007185E-07
  134.666667  1.81089404E-05  3.90058603E-07
  134.933333  1.81711687E-05  3.84913626E-07
  135.2  1.89125106E-05  3.96419411E-07
  135.466667  1.83800137E-05  3.89200714E-07
  135.733333  1.84383762E-05  3.94911184E-07
  136.  1.84500581E-05  3.92296263E-07
  136.266667  1.89011929E-05  3.99034374E-07
  136.533333  1.84025312E-05  3.83679442E-07
  136.8  1.88130351E-05  3.92494674E-07
  137.066667  1.87277308E-05  3.93854603E-07
  137.333333  1.95053194E-05  4.07655861E-07
  137.6  1.89111373E-05  3.92518055E-07
  137.866667  1.9224763E-05  3.96855831E-07
  138.133333  1.93684691E-05  4.03936991E-07
  138.4  2.02216757E-05  4.10429315E-07
  138.666667  1.95151317E-05  3.95798517E-07
  138.933333  2.02338799E-05  4.12386825E-07
  139.2  2.00999485E-05  4.06653811E-07
  139.466667  2.03006491E-05  4.10888896E-07
  139.733333  1.96808787E-05  3.99632522E-07
