  50.  1.89293771E-05  5.70264525E-08
  63.  4.01316762E-05  8.28909805E-08
  76.  6.53580274E-05  1.06399358E-07
  89.  9.38715811E-05  1.28968256E-07
  102.  0.000125091149  1.50014366E-07
  115.  0.000159659185  1.70893098E-07
  128.  0.000196436978  1.90232812E-07
  141.  0.00023722988  2.09762126E-07
  154.  0.000281667264  2.28386766E-07
  167.  0.000330941909  2.46156129E-07
  180.  0.000388580571  2.64020529E-07
  193.  0.000460231448  2.82332645E-07
  206.  0.000568149559  3.0403211E-07
  219.  0.000802447525  3.40168741E-07
  232.  0.000738682933  3.15341321E-07
  245.  0.000591360563  2.75205732E-07
  258.  0.000476748105  2.40953116E-07
  271.  0.00038812475  2.12283974E-07
  284.  0.00031829053  1.87689637E-07
  297.  0.000262721417  1.66390287E-07
  310.  0.000218162965  1.48213973E-07
  323.  0.000182690586  1.3261653E-07
  336.  0.000153933256  1.19001653E-07
  349.  0.000130103993  1.07076897E-07
  362.  0.0001104114  9.63615523E-08
  375.  9.41908449E-05  8.7090438E-08
  388.  8.06011058E-05  7.87982229E-08
  401.  6.94556399E-05  7.16390222E-08
  414.  5.99992667E-05  6.52545309E-08
  427.  5.19076998E-05  5.94239199E-08
  440.  4.50978793E-05  5.42967972E-08
  453.  3.93003006E-05  4.97626147E-08
  466.  3.4335759E-05  4.54783488E-08
  479.  3.00792336E-05  4.17183219E-08
  492.  2.64656993E-05  3.84176797E-08
  505.  2.33458262E-05  3.54124524E-08
  518.  2.062245E-05  3.27076047E-08
  531.  1.82286855E-05  3.01472951E-08
  544.  1.6211808E-05  2.7930622E-08
  557.  1.43788893E-05  2.57585885E-08
  570.  1.27638181E-05  2.38408671E-08
  583.  1.1451365E-05  2.23978276E-08
  596.  1.02031099E-05  2.0568467E-08
  609.  9.14953117E-06  1.90846329E-08
  622.  8.22293499E-06  1.78002502E-08
  635.  7.3706555E-06  1.66107216E-08
  648.  6.62653765E-06  1.53989624E-08
  661.  5.92749829E-06  1.43180185E-08
  674.  5.37839553E-06  1.3468945E-08
  687.  4.8737345E-06  1.25447757E-08
  700.  4.3977721E-06  1.17399331E-08
  713.  3.96976596E-06  1.08915121E-08
  726.  3.61702144E-06  1.02582664E-08
  739.  3.28798402E-06  9.60761639E-09
  752.  2.97293577E-06  8.98798317E-09
  765.  2.70754404E-06  8.44375741E-09
  778.  2.47449067E-06  7.91682367E-09
  791.  2.24956646E-06  7.43251308E-09
  804.  2.06044756E-06  6.97068603E-09
  817.  1.88589935E-06  6.5701096E-09
  830.  1.7124376E-06  6.14175296E-09
  843.  1.57105117E-06  6.06364182E-09
  856.  1.44863166E-06  5.49566031E-09
  869.  1.32442349E-06  5.17341457E-09
  882.  1.20898588E-06  4.84043438E-09
  895.  1.10603532E-06  4.57257674E-09
  908.  1.01938775E-06  4.29163818E-09
  921.  9.44770255E-07  4.09168574E-09
  934.  8.66945739E-07  3.83003251E-09
  947.  8.02708977E-07  3.63407003E-09
  960.  7.42757954E-07  3.43393919E-09
  973.  6.79282776E-07  3.23298583E-09
  986.  6.28591022E-07  3.04922954E-09
  999.  5.84357254E-07  2.89130361E-09
  1012.  5.33839811E-07  2.75650212E-09
  1025.  4.96677952E-07  2.58153603E-09
  1038.  4.58443154E-07  2.43651608E-09
  1051.  4.22398203E-07  2.3058139E-09
  1064.  3.88325388E-07  2.16594591E-09
  1077.  3.64058854E-07  2.06814746E-09
  1090.  3.37568307E-07  1.95870897E-09
  1103.  3.10936399E-07  1.84642233E-09
  1116.  2.91641803E-07  1.76250941E-09
  1129.  2.67905454E-07  1.66036671E-09
  1142.  2.53128778E-07  1.58982488E-09
  1155.  2.32229204E-07  1.49027537E-09
  1168.  2.14796051E-07  1.42842369E-09
  1181.  2.01558889E-07  1.34872933E-09
  1194.  1.88461963E-07  1.47274471E-09
  1207.  1.72202463E-07  1.22187306E-09
  1220.  1.63092651E-07  1.16661776E-09
  1233.  1.51538945E-07  1.09192487E-09
  1246.  1.41384368E-07  1.04876776E-09
  1259.  1.32177121E-07  9.93897458E-10
  1272.  1.228514E-07  9.39702257E-10
  1285.  1.16353313E-07  9.00807507E-10
  1298.  1.06722158E-07  8.46890905E-10
  1311.  9.926275E-08  8.42932836E-10
  1324.  9.46505182E-08  7.92516279E-10
  1337.  8.63989248E-08  7.24990879E-10
  1350.  8.26347524E-08  7.02194964E-10
  1363.  7.64256631E-08  6.60107864E-10
  1376.  7.17301955E-08  6.33036363E-10
  1389.  6.62547286E-08  5.96393586E-10
  1402.  6.17063817E-08  5.67479078E-10
  1415.  5.87885661E-08  5.43549343E-10
  1428.  5.48558437E-08  5.18700481E-10
  1441.  5.19412308E-08  4.97286987E-10
  1454.  4.83411162E-08  4.66870081E-10
  1467.  4.53596062E-08  4.48485545E-10
  1480.  4.29930764E-08  4.30972413E-10
  1493.  4.00722491E-08  4.07685856E-10
  1506.  3.64785237E-08  3.83558324E-10
  1519.  3.44726187E-08  3.65538151E-10
  1532.  3.2960327E-08  3.51020536E-10
  1545.  3.04400897E-08  3.37180163E-10
  1558.  2.91276676E-08  3.21289273E-10
  1571.  2.68118986E-08  3.03979405E-10
  1584.  2.56854869E-08  2.89930244E-10
  1597.  2.41807916E-08  2.78028436E-10
  1610.  2.26516269E-08  2.64664451E-10
  1623.  2.13337889E-08  2.53836384E-10
  1636.  2.00482709E-08  2.42422409E-10
  1649.  1.89627004E-08  2.31271209E-10
  1662.  1.76038468E-08  2.1836565E-10
  1675.  1.65057641E-08  2.09208279E-10
  1688.  1.5475049E-08  1.98863659E-10
  1701.  1.46770601E-08  1.90572799E-10
  1714.  1.37428805E-08  1.81433165E-10
  1727.  1.30869407E-08  1.7422811E-10
  1740.  1.24567893E-08  1.73762676E-10
  1753.  1.14922616E-08  1.57838447E-10
  1766.  1.08237793E-08  1.50436229E-10
  1779.  1.04449768E-08  1.49638541E-10
  1792.  9.78497288E-09  1.38760374E-10
  1805.  9.09780194E-09  1.31370872E-10
  1818.  8.48145048E-09  1.24730716E-10
  1831.  8.05674828E-09  1.19491167E-10
  1844.  7.70547881E-09  1.15656757E-10
  1857.  7.02008634E-09  1.08460518E-10
  1870.  6.76747201E-09  1.04986218E-10
  1883.  6.26361299E-09  9.88697482E-11
  1896.  5.92684895E-09  9.50528804E-11
  1909.  5.5704421E-09  9.02788047E-11
  1922.  5.44647788E-09  8.89184638E-11
  1935.  5.09947213E-09  8.41861954E-11
  1948.  4.88029821E-09  8.12048591E-11
  1961.  4.5094861E-09  7.67520107E-11
  1974.  4.21236214E-09  7.19121506E-11
  1987.  4.03496502E-09  6.99424937E-11
