  500.  0.000186554243  1.72081908E-07
  510.  0.000171614162  1.63514693E-07
  520.  0.000157885148  1.55291305E-07
  530.  0.000145677332  1.47863452E-07
  540.  0.000134487705  1.40935367E-07
  550.  0.000124141303  1.34028713E-07
  560.  0.000114983464  1.27880984E-07
  570.  0.000106698611  1.22143028E-07
  580.  9.90210347E-05  1.16643982E-07
  590.  9.18993174E-05  1.11292792E-07
  600.  8.53831776E-05  1.06454216E-07
  610.  7.9439771E-05  1.01660873E-07
  620.  7.39477593E-05  9.73152427E-08
  630.  6.89082696E-05  9.31191219E-08
  640.  6.44046562E-05  8.9180869E-08
  650.  6.0193736E-05  8.5718149E-08
  660.  5.63393308E-05  8.2189445E-08
  670.  5.26316925E-05  7.88114062E-08
  680.  4.95092144E-05  7.59028294E-08
  690.  4.62596386E-05  7.26603788E-08
  700.  4.34940078E-05  6.99818649E-08
  710.  4.07047939E-05  6.7081206E-08
  720.  3.84671695E-05  6.4774943E-08
  730.  3.60590171E-05  6.21827612E-08
  740.  3.40540757E-05  6.00047685E-08
  750.  3.20889781E-05  5.7839728E-08
  760.  3.01545459E-05  5.5584966E-08
  770.  2.8437482E-05  5.36142925E-08
  780.  2.68562172E-05  5.17568484E-08
  790.  2.53294423E-05  4.97915618E-08
  800.  2.38877478E-05  4.80233462E-08
  810.  2.25676747E-05  4.6284244E-08
  820.  2.1434616E-05  4.48643045E-08
  830.  2.02511884E-05  4.32314139E-08
  840.  1.91682398E-05  4.17206846E-08
  850.  1.82426151E-05  4.05431629E-08
  860.  1.72241513E-05  3.90443758E-08
  870.  1.63335103E-05  3.77942345E-08
  880.  1.55203047E-05  3.65989188E-08
  890.  1.46953239E-05  3.53406069E-08
  900.  1.400546E-05  3.4316032E-08
  910.  1.32341416E-05  3.30501863E-08
  920.  1.26285754E-05  3.20302214E-08
  930.  1.19881322E-05  3.10487412E-08
  940.  1.14190961E-05  3.00891555E-08
  950.  1.08721161E-05  2.91992768E-08
  960.  1.02848747E-05  2.81126853E-08
  970.  9.88416757E-06  2.74605802E-08
  980.  9.37306827E-06  2.6525421E-08
  990.  8.91262201E-06  2.56588891E-08
  1000.  8.49149728E-06  2.47943489E-08
  1010.  8.11144305E-06  2.41805426E-08
  1020.  7.72545991E-06  2.34124305E-08
  1030.  7.44784166E-06  2.28724929E-08
  1040.  7.06840509E-06  2.21790489E-08
  1050.  6.75467462E-06  2.14946974E-08
  1060.  6.45151576E-06  2.08209337E-08
  1070.  6.18443462E-06  2.03402807E-08
  1080.  5.88942354E-06  1.97237779E-08
  1090.  5.64281026E-06  1.91360964E-08
  1100.  5.42326466E-06  1.8660055E-08
  1110.  5.21515516E-06  1.81776804E-08
  1120.  4.97356753E-06  1.76126576E-08
  1130.  4.74428664E-06  1.7131022E-08
  1140.  4.53236428E-06  1.65993339E-08
  1150.  4.37239101E-06  1.6234014E-08
  1160.  4.14538455E-06  1.5672185E-08
  1170.  3.97119195E-06  1.52225398E-08
  1180.  3.84912071E-06  1.48925546E-08
  1190.  3.68259809E-06  1.45366813E-08
  1200.  3.53302252E-06  1.41475135E-08
  1210.  3.39681489E-06  1.37892389E-08
  1220.  3.25394806E-06  1.33363757E-08
  1230.  3.10820955E-06  1.2990419E-08
  1240.  2.98995232E-06  1.26313477E-08
  1250.  2.87624369E-06  1.23385452E-08
  1260.  2.77807907E-06  1.20823916E-08
  1270.  2.69012423E-06  1.18387923E-08
  1280.  2.57194687E-06  1.14871677E-08
  1290.  2.46612572E-06  1.12021393E-08
  1300.  2.37177882E-06  1.08864002E-08
  1310.  2.28148196E-06  1.06252633E-08
  1320.  2.17503158E-06  1.02473733E-08
  1330.  2.1144655E-06  1.00684664E-08
  1340.  2.02737035E-06  9.82979497E-09
  1350.  1.95691087E-06  9.57078775E-09
  1360.  1.90267179E-06  9.42620074E-09
  1370.  1.82931321E-06  9.18062605E-09
  1380.  1.75596809E-06  8.94773209E-09
  1390.  1.6857999E-06  8.71246813E-09
  1400.  1.63228789E-06  8.52607325E-09
  1410.  1.56371603E-06  8.27393102E-09
  1420.  1.49670946E-06  8.00632617E-09
  1430.  1.47559622E-06  7.96256603E-09
  1440.  1.41722289E-06  7.77103555E-09
  1450.  1.36047428E-06  7.54599968E-09
  1460.  1.31655185E-06  7.37891925E-09
  1470.  1.26464307E-06  7.18678998E-09
  1480.  1.21921418E-06  6.96563025E-09
  1490.  1.17995945E-06  6.8280939E-09
  1500.  1.13526696E-06  6.6990678E-09
  1510.  1.08773324E-06  6.46482735E-09
  1520.  1.05079872E-06  6.32055218E-09
  1530.  1.02162978E-06  6.25188132E-09
  1540.  9.78831021E-07  6.04253981E-09
  1550.  9.5527448E-07  5.96314002E-09
  1560.  9.26989682E-07  5.82910324E-09
  1570.  8.92900675E-07  5.71022747E-09
  1580.  8.51641317E-07  5.51206568E-09
  1590.  8.3742389E-07  5.45772274E-09
  1600.  8.05131068E-07  5.31787624E-09
  1610.  7.8120825E-07  5.23049451E-09
  1620.  7.54609103E-07  5.09323836E-09
  1630.  7.23008908E-07  4.94868745E-09
  1640.  7.18682837E-07  4.9209035E-09
  1650.  6.89528063E-07  4.80813462E-09
  1660.  6.58039513E-07  4.63092364E-09
  1670.  6.3921108E-07  4.53018229E-09
  1680.  6.21125097E-07  4.45440397E-09
  1690.  5.94842604E-07  4.34471216E-09
  1700.  5.79489987E-07  4.25211006E-09
  1710.  5.55734354E-07  4.10402266E-09
  1720.  5.44735705E-07  4.08962391E-09
  1730.  5.21085414E-07  3.9439946E-09
  1740.  5.20805549E-07  3.96664513E-09
  1750.  5.00321882E-07  3.84253938E-09
  1760.  4.86334029E-07  3.77276861E-09
  1770.  4.63309076E-07  3.66004108E-09
  1780.  4.49392684E-07  3.58083656E-09
  1790.  4.38181453E-07  3.5024265E-09
  1800.  4.25197555E-07  3.43503491E-09
  1810.  4.08460003E-07  3.3469946E-09
  1820.  3.99522004E-07  3.29230915E-09
  1830.  3.87533808E-07  3.26213377E-09
  1840.  3.75827829E-07  3.15603986E-09
  1850.  3.66552263E-07  3.09385122E-09
  1860.  3.52066684E-07  3.04246585E-09
  1870.  3.43184157E-07  2.97232137E-09
  1880.  3.33451356E-07  2.92112831E-09
  1890.  3.22995975E-07  2.84933668E-09
  1900.  3.180594E-07  2.81840937E-09
  1910.  3.05716164E-07  2.75406615E-09
  1920.  2.94632736E-07  2.67068832E-09
  1930.  2.89317397E-07  2.64951811E-09
  1940.  2.80305831E-07  2.59323369E-09
  1950.  2.73156762E-07  2.52770611E-09
  1960.  2.61978313E-07  2.46195334E-09
  1970.  2.56209455E-07  2.42107278E-09
  1980.  2.48760975E-07  2.37297517E-09
  1990.  2.39301569E-07  2.30168542E-09
