  40.  7.21098502E-08  1.6376548E-08
  41.  9.55251845E-08  3.07436651E-08
  42.  4.2572074E-08  1.16476668E-08
  43.  7.28116633E-08  1.61961433E-08
  44.  7.73475078E-08  2.08509467E-08
  45.  4.17646799E-08  1.13362406E-08
  46.  4.70310498E-08  1.17965907E-08
  47.  3.59942171E-08  9.83539628E-09
  48.  7.14948007E-08  1.69579295E-08
  49.  6.67856433E-08  1.59167829E-08
  50.  8.8211719E-08  2.24970502E-08
  51.  6.32441785E-08  1.49916167E-08
  52.  8.03357189E-08  2.03888494E-08
  53.  9.80757536E-08  2.35776802E-08
  54.  5.59815858E-08  1.47611337E-08
  55.  5.09753426E-08  1.38608414E-08
  56.  5.59156586E-08  1.23622677E-08
  57.  7.05332343E-08  1.6588284E-08
  58.  1.02001707E-07  2.44240433E-08
  59.  4.26953277E-08  1.09216496E-08
  60.  6.20254371E-08  1.44625804E-08
  61.  1.01648431E-07  3.3693909E-08
  62.  1.0073182E-07  3.54536063E-08
  63.  7.37940572E-08  1.76953004E-08
  64.  9.28301251E-08  1.90805414E-08
  65.  7.5695617E-08  2.00614091E-08
  66.  7.70143081E-08  2.07578596E-08
  67.  1.06449036E-07  2.74675626E-08
  68.  9.19216031E-08  2.38029178E-08
  69.  7.90242291E-08  1.85090194E-08
  70.  8.84820396E-08  1.80157415E-08
  71.  8.98499457E-08  2.56161601E-08
  72.  1.1229661E-07  2.23073406E-08
  73.  6.94131426E-08  1.32738381E-08
  74.  8.93987535E-08  1.93148609E-08
  75.  1.23590871E-07  2.22071971E-08
  76.  1.69884459E-07  2.25841521E-08
  77.  2.99656663E-07  3.12047177E-08
  78.  3.53104971E-07  3.16258033E-08
  79.  4.05459371E-07  3.22086688E-08
  80.  5.29283487E-07  3.44262276E-08
  81.  7.41702089E-07  4.39933944E-08
  82.  8.73958199E-07  4.70048151E-08
  83.  1.05657258E-06  5.05202815E-08
  84.  1.17113712E-06  5.21867738E-08
  85.  1.40442055E-06  5.75465298E-08
  86.  1.45180541E-06  5.66092057E-08
  87.  1.64342116E-06  6.01291741E-08
  88.  2.0172712E-06  7.02465178E-08
  89.  2.14326514E-06  7.11727689E-08
  90.  2.21115522E-06  6.9656624E-08
  91.  2.69488219E-06  7.87973552E-08
  92.  2.88250856E-06  8.0696304E-08
  93.  3.19576705E-06  8.41322775E-08
  94.  3.41124812E-06  8.82854939E-08
  95.  3.68285761E-06  9.1643975E-08
  96.  3.87428625E-06  9.26842931E-08
  97.  4.19580242E-06  9.89106934E-08
  98.  4.35821073E-06  9.76709548E-08
  99.  4.74998519E-06  1.05191561E-07
  100.  4.97295881E-06  1.04870732E-07
  101.  5.4373647E-06  1.11092105E-07
  102.  5.60986923E-06  1.11103823E-07
  103.  5.96373717E-06  1.16519061E-07
  104.  6.41864743E-06  1.18997892E-07
  105.  6.63363778E-06  1.21879233E-07
  106.  7.09602598E-06  1.27585988E-07
  107.  7.22580469E-06  1.26423118E-07
  108.  7.60820349E-06  1.2914817E-07
  109.  7.84610376E-06  1.30511768E-07
  110.  8.36428035E-06  1.45880216E-07
  111.  8.73578101E-06  1.38517835E-07
  112.  8.89367401E-06  1.39421519E-07
  113.  9.34111795E-06  1.43700772E-07
  114.  9.8347643E-06  1.4818745E-07
  115.  9.95138459E-06  1.46875874E-07
  116.  1.04048659E-05  1.49747307E-07
  117.  1.0725817E-05  1.51650771E-07
  118.  1.13084196E-05  1.56622884E-07
  119.  1.1745666E-05  1.60546532E-07
  120.  1.182118E-05  1.59996851E-07
  121.  1.26313998E-05  1.67334578E-07
  122.  1.30005863E-05  1.68993212E-07
  123.  1.30877776E-05  1.69192088E-07
  124.  1.37364964E-05  1.74809432E-07
  125.  1.40735791E-05  1.75644192E-07
  126.  1.44854194E-05  1.77539403E-07
  127.  1.51746685E-05  1.84706756E-07
  128.  1.48588365E-05  1.79386227E-07
  129.  1.58477374E-05  1.86763158E-07
  130.  1.5913406E-05  1.88246363E-07
  131.  1.60926673E-05  1.87216503E-07
  132.  1.6954778E-05  1.93366564E-07
  133.  1.73729965E-05  1.94960711E-07
  134.  1.79620385E-05  1.99866467E-07
  135.  1.84901184E-05  2.02439523E-07
  136.  1.86196461E-05  2.02170632E-07
  137.  1.90269224E-05  2.0528265E-07
  138.  1.97509537E-05  2.09083228E-07
  139.  2.00308513E-05  2.09525047E-07
  140.  2.0699251E-05  2.15067343E-07
  141.  2.10067597E-05  2.15547412E-07
  142.  2.14359976E-05  2.17962464E-07
  143.  2.19368928E-05  2.22296095E-07
  144.  2.2560838E-05  2.23261403E-07
  145.  2.27626783E-05  2.24300561E-07
  146.  2.31260257E-05  2.24980569E-07
  147.  2.38484795E-05  2.30461069E-07
  148.  2.39872512E-05  2.30486724E-07
  149.  2.47664944E-05  2.33241448E-07
  150.  2.51060064E-05  2.36330037E-07
  151.  2.56716725E-05  2.38224227E-07
  152.  2.64170696E-05  2.42183764E-07
  153.  2.6595702E-05  2.43155961E-07
  154.  2.72627996E-05  2.47248378E-07
  155.  2.7839E-05  2.50047522E-07
  156.  2.83006217E-05  2.51926164E-07
  157.  2.90198938E-05  2.55942491E-07
  158.  2.95401836E-05  2.56694131E-07
  159.  2.9761707E-05  2.57436832E-07
  160.  3.07471616E-05  2.6369122E-07
  161.  3.06118155E-05  2.62551849E-07
  162.  3.08275557E-05  2.63067249E-07
  163.  3.14105145E-05  2.64354137E-07
  164.  3.24360241E-05  2.69724152E-07
  165.  3.25658891E-05  2.69777501E-07
  166.  3.28908603E-05  2.71312267E-07
  167.  3.38916318E-05  2.77242928E-07
  168.  3.44036706E-05  2.77881034E-07
  169.  3.45498286E-05  2.78411844E-07
  170.  3.53237101E-05  2.82995957E-07
  171.  3.57676741E-05  2.8453134E-07
  172.  3.61012927E-05  2.85406747E-07
  173.  3.66563289E-05  2.86563345E-07
  174.  3.77199899E-05  2.90921839E-07
  175.  3.82459232E-05  2.94348404E-07
  176.  3.90754759E-05  2.98728262E-07
  177.  3.91690368E-05  2.97194555E-07
  178.  3.98613903E-05  3.01380498E-07
  179.  3.98320741E-05  3.00207743E-07
  180.  4.11823754E-05  3.08066928E-07
  181.  4.12885618E-05  3.07494403E-07
  182.  4.15030742E-05  3.08792266E-07
  183.  4.2508978E-05  3.1273833E-07
  184.  4.38562787E-05  3.16980109E-07
  185.  4.38126501E-05  3.17650853E-07
  186.  4.4039548E-05  3.17385553E-07
  187.  4.52897011E-05  3.22923904E-07
  188.  4.49362196E-05  3.201087E-07
  189.  4.57168324E-05  3.22940346E-07
