  500.  0.000294545033  1.04404127E-07
  510.  0.000272004691  9.93264619E-08
  520.  0.000251916468  9.46566611E-08
  530.  0.000232968063  9.01255277E-08
  540.  0.000216017269  8.59165361E-08
  550.  0.000200546275  8.19846628E-08
  560.  0.000186339241  7.82637614E-08
  570.  0.000173535432  7.48012623E-08
  580.  0.000161485331  7.14563187E-08
  590.  0.000150671029  6.8382237E-08
  600.  0.0001407877  6.54953336E-08
  610.  0.000131411585  6.26721501E-08
  620.  0.000122973934  6.0068062E-08
  630.  0.000115039729  5.75482901E-08
  640.  0.000107812425  5.52070848E-08
  650.  0.000101106395  5.29717332E-08
  660.  9.50062356E-05  5.08912978E-08
  670.  8.91003274E-05  4.88335219E-08
  680.  8.38941563E-05  4.69642717E-08
  690.  7.88194797E-05  4.51046015E-08
  700.  7.42268996E-05  4.33942992E-08
  710.  6.99152439E-05  4.17341767E-08
  720.  6.59169397E-05  4.01569937E-08
  730.  6.21496746E-05  3.86578053E-08
  740.  5.86253025E-05  3.72203237E-08
  750.  5.53606028E-05  3.58485975E-08
  760.  5.2366546E-05  3.45602696E-08
  770.  4.95047543E-05  3.33184792E-08
  780.  4.69301556E-05  3.21682983E-08
  790.  4.43739762E-05  3.1015684E-08
  800.  4.20717403E-05  2.99434708E-08
  810.  3.9803004E-05  2.88784045E-08
  820.  3.77704484E-05  2.79040161E-08
  830.  3.57885459E-05  2.69253802E-08
  840.  3.40278087E-05  2.60317368E-08
  850.  3.23048718E-05  2.51496706E-08
  860.  3.07139479E-05  2.43405206E-08
  870.  2.91941053E-05  2.3520901E-08
  880.  2.77544821E-05  2.27445349E-08
  890.  2.64023326E-05  2.20051093E-08
  900.  2.51376539E-05  2.12985849E-08
  910.  2.39529544E-05  2.06228344E-08
  920.  2.28016178E-05  1.99533642E-08
  930.  2.17255138E-05  1.93247317E-08
  940.  2.07780722E-05  1.87526668E-08
  950.  1.97664706E-05  1.81390904E-08
  960.  1.88667678E-05  1.75795577E-08
  970.  1.79902691E-05  1.70198022E-08
  980.  1.71949849E-05  1.65163604E-08
  990.  1.63770606E-05  1.59880076E-08
  1000.  1.57116247E-05  1.55396078E-08
  1010.  1.49727895E-05  1.5044936E-08
  1020.  1.43202958E-05  1.46054751E-08
  1030.  1.37043542E-05  1.41771876E-08
  1040.  1.31278588E-05  1.37683263E-08
  1050.  1.25607901E-05  1.33649167E-08
  1060.  1.20229495E-05  1.29723158E-08
  1070.  1.15184203E-05  1.2601673E-08
  1080.  1.10169294E-05  1.22280847E-08
  1090.  1.05765471E-05  1.18918652E-08
  1100.  1.0142164E-05  1.15571369E-08
  1110.  9.69391947E-06  1.12082994E-08
  1120.  9.32672765E-06  1.09188526E-08
  1130.  8.94465588E-06  1.06083865E-08
  1140.  8.58158441E-06  1.03116278E-08
  1150.  8.22376757E-06  1.0021057E-08
  1160.  7.92194523E-06  9.75935425E-09
  1170.  7.59264771E-06  9.4810381E-09
  1180.  7.28374635E-06  9.21449523E-09
  1190.  7.00731422E-06  8.97492956E-09
  1200.  6.7366855E-06  8.73198449E-09
  1210.  6.47197366E-06  8.49589638E-09
  1220.  6.21253338E-06  8.26063059E-09
  1230.  5.98615024E-06  8.04771617E-09
  1240.  5.7552528E-06  7.83694181E-09
  1250.  5.53490441E-06  7.62433158E-09
  1260.  5.31872595E-06  7.4203427E-09
  1270.  5.12949504E-06  7.22769417E-09
  1280.  4.93572975E-06  7.04604166E-09
  1290.  4.7540173E-06  6.86324902E-09
  1300.  4.57911196E-06  6.6895323E-09
  1310.  4.40958146E-06  6.51575105E-09
  1320.  4.23780067E-06  6.34008133E-09
  1330.  4.10547073E-06  6.1979274E-09
  1340.  3.94022641E-06  6.02310865E-09
  1350.  3.80541715E-06  5.87755285E-09
  1360.  3.65934586E-06  5.72128544E-09
  1370.  3.54457857E-06  5.59150714E-09
  1380.  3.41916918E-06  5.45566943E-09
  1390.  3.29435223E-06  5.31595522E-09
  1400.  3.17520183E-06  5.18096699E-09
  1410.  3.05913068E-06  5.04519347E-09
  1420.  2.96188076E-06  4.93477073E-09
  1430.  2.85129355E-06  4.80175263E-09
  1440.  2.75853272E-06  4.69205388E-09
  1450.  2.66226423E-06  4.57323944E-09
  1460.  2.57771527E-06  4.47370877E-09
  1470.  2.49316442E-06  4.36663093E-09
  1480.  2.403184E-06  4.2545437E-09
  1490.  2.31662086E-06  4.14760054E-09
  1500.  2.23756116E-06  4.05169104E-09
  1510.  2.16958978E-06  3.95748259E-09
  1520.  2.10193571E-06  3.87434403E-09
  1530.  2.03001515E-06  3.7774471E-09
  1540.  1.96457489E-06  3.68881304E-09
  1550.  1.89439029E-06  3.59595641E-09
  1560.  1.83887999E-06  3.52018472E-09
  1570.  1.77269588E-06  3.43004665E-09
  1580.  1.71069679E-06  3.34535735E-09
  1590.  1.66205976E-06  3.27645361E-09
  1600.  1.60835628E-06  3.19845382E-09
  1610.  1.55139122E-06  3.12003E-09
  1620.  1.49969365E-06  3.04568096E-09
  1630.  1.45902308E-06  2.98635513E-09
  1640.  1.41471266E-06  2.92004251E-09
  1650.  1.36504338E-06  2.84593881E-09
  1660.  1.32222046E-06  2.78151053E-09
  1670.  1.27904996E-06  2.71579516E-09
  1680.  1.24528851E-06  2.6631046E-09
  1690.  1.20520251E-06  2.60248592E-09
  1700.  1.16322017E-06  2.5370116E-09
  1710.  1.12478704E-06  2.47884335E-09
  1720.  1.09641178E-06  2.43087453E-09
  1730.  1.06337763E-06  2.3759599E-09
  1740.  1.03052478E-06  2.32733122E-09
  1750.  1.00178114E-06  2.27823333E-09
  1760.  9.72016583E-07  2.22670202E-09
  1770.  9.41073254E-07  2.17797424E-09
  1780.  9.09148665E-07  2.12661171E-09
  1790.  8.85215682E-07  2.0834254E-09
  1800.  8.58225968E-07  2.03534315E-09
  1810.  8.31396339E-07  1.99101646E-09
  1820.  8.0788756E-07  1.9501759E-09
  1830.  7.82518692E-07  1.90518409E-09
  1840.  7.58775863E-07  1.86391153E-09
  1850.  7.37436083E-07  1.82193661E-09
  1860.  7.16795949E-07  1.78638333E-09
  1870.  6.94672526E-07  1.74822488E-09
  1880.  6.75290376E-07  1.71060802E-09
  1890.  6.56517361E-07  1.675401E-09
  1900.  6.36412689E-07  1.63816239E-09
  1910.  6.1923977E-07  1.60453109E-09
  1920.  5.98374522E-07  1.56869616E-09
  1930.  5.82363091E-07  1.53643327E-09
  1940.  5.64840926E-07  1.50197211E-09
  1950.  5.47696239E-07  1.468037E-09
  1960.  5.35132241E-07  1.4435962E-09
  1970.  5.20943725E-07  1.4137258E-09
  1980.  5.06400144E-07  1.38391184E-09
  1990.  4.92595048E-07  1.3582974E-09
