  500.  0.000478463344  1.25280891E-07
  510.  0.000441195942  1.1909815E-07
  520.  0.000407696206  1.1336597E-07
  530.  0.000376639705  1.07879047E-07
  540.  0.00034866141  1.0275222E-07
  550.  0.000323240904  9.79746265E-08
  560.  0.000300016137  9.34760986E-08
  570.  0.000278918968  8.92724309E-08
  580.  0.0002592514  8.52313179E-08
  590.  0.000241558151  8.15033396E-08
  600.  0.000225321404  7.79873656E-08
  610.  0.000210178697  7.46064688E-08
  620.  0.000196387432  7.14515984E-08
  630.  0.000183539487  6.84297897E-08
  640.  0.000171816232  6.56056439E-08
  650.  0.000160866764  6.28956283E-08
  660.  0.000150953852  6.03842045E-08
  670.  0.000141522435  5.79387571E-08
  680.  0.000133039366  5.56832086E-08
  690.  0.000124878727  5.34500525E-08
  700.  0.000117472668  5.13952114E-08
  710.  0.000110540158  4.94119734E-08
  720.  0.000104137812  4.75298045E-08
  730.  9.8114462E-05  4.57419749E-08
  740.  9.25109297E-05  4.40252719E-08
  750.  8.72742415E-05  4.23904313E-08
  760.  8.24634667E-05  4.08503104E-08
  770.  7.7884803E-05  3.93645938E-08
  780.  7.37235772E-05  3.79764263E-08
  790.  6.96714565E-05  3.66124118E-08
  800.  6.60011938E-05  3.5336457E-08
  810.  6.2436708E-05  3.4079735E-08
  820.  5.91614707E-05  3.2904475E-08
  830.  5.60233062E-05  3.17440116E-08
  840.  5.31934878E-05  3.06758317E-08
  850.  5.05107605E-05  2.96402661E-08
  860.  4.79610953E-05  2.86723608E-08
  870.  4.55436202E-05  2.76971375E-08
  880.  4.32939923E-05  2.67847344E-08
  890.  4.11570447E-05  2.59029876E-08
  900.  3.91664621E-05  2.50688585E-08
  910.  3.72773794E-05  2.42669566E-08
  920.  3.54798117E-05  2.34772852E-08
  930.  3.37656264E-05  2.27210997E-08
  940.  3.22878885E-05  2.20542919E-08
  950.  3.07108235E-05  2.13329838E-08
  960.  2.928414E-05  2.06712491E-08
  970.  2.79047709E-05  2.0006441E-08
  980.  2.66482072E-05  1.94064059E-08
  990.  2.54130411E-05  1.87970916E-08
  1000.  2.43304521E-05  1.82614844E-08
  1010.  2.31997515E-05  1.76825582E-08
  1020.  2.2169354E-05  1.71617707E-08
  1030.  2.1183733E-05  1.66465855E-08
  1040.  2.02979078E-05  1.61711076E-08
  1050.  1.93935423E-05  1.56836156E-08
  1060.  1.85706333E-05  1.5232804E-08
  1070.  1.77752792E-05  1.47930531E-08
  1080.  1.69944662E-05  1.43507198E-08
  1090.  1.63140973E-05  1.39581398E-08
  1100.  1.56318673E-05  1.35600816E-08
  1110.  1.49530753E-05  1.3159827E-08
  1120.  1.43639378E-05  1.28084331E-08
  1130.  1.3773023E-05  1.24467344E-08
  1140.  1.32132283E-05  1.2101116E-08
  1150.  1.26618529E-05  1.17597466E-08
  1160.  1.21760182E-05  1.14481559E-08
  1170.  1.16743385E-05  1.11200906E-08
  1180.  1.11989213E-05  1.08102786E-08
  1190.  1.07744944E-05  1.05318851E-08
  1200.  1.03517658E-05  1.02425882E-08
  1210.  9.94946089E-06  9.9707805E-09
  1220.  9.54852641E-06  9.6955451E-09
  1230.  9.18894813E-06  9.44070548E-09
  1240.  8.83224778E-06  9.19426641E-09
  1250.  8.4963658E-06  8.94505011E-09
  1260.  8.15800755E-06  8.70394777E-09
  1270.  7.85949184E-06  8.4773577E-09
  1280.  7.5649451E-06  8.26508875E-09
  1290.  7.28601922E-06  8.05129986E-09
  1300.  7.01595023E-06  7.84788811E-09
  1310.  6.75466071E-06  7.64387557E-09
  1320.  6.49017056E-06  7.43674067E-09
  1330.  6.27978223E-06  7.26383582E-09
  1340.  6.037507E-06  7.06816601E-09
  1350.  5.82434945E-06  6.89486757E-09
  1360.  5.60631166E-06  6.71551795E-09
  1370.  5.41842638E-06  6.55755476E-09
  1380.  5.22530624E-06  6.39739363E-09
  1390.  5.03874155E-06  6.23836965E-09
  1400.  4.85228031E-06  6.07675936E-09
  1410.  4.67978119E-06  5.92181578E-09
  1420.  4.5218312E-06  5.78697038E-09
  1430.  4.36171676E-06  5.63745019E-09
  1440.  4.21433092E-06  5.50689368E-09
  1450.  4.07129548E-06  5.36997188E-09
  1460.  3.9385673E-06  5.25253388E-09
  1470.  3.80446037E-06  5.12319363E-09
  1480.  3.66781747E-06  4.99352529E-09
  1490.  3.53527034E-06  4.86874338E-09
  1500.  3.41979063E-06  4.75823201E-09
  1510.  3.31386618E-06  4.6463767E-09
  1520.  3.21037832E-06  4.54937903E-09
  1530.  3.0971025E-06  4.43504222E-09
  1540.  2.99947576E-06  4.33465433E-09
  1550.  2.8922122E-06  4.22466591E-09
  1560.  2.80368389E-06  4.13363954E-09
  1570.  2.70516563E-06  4.02925724E-09
  1580.  2.6145507E-06  3.9341479E-09
  1590.  2.53713362E-06  3.85220364E-09
  1600.  2.45007311E-06  3.75399166E-09
  1610.  2.36955262E-06  3.66939426E-09
  1620.  2.28967048E-06  3.58052837E-09
  1630.  2.22372491E-06  3.50762714E-09
  1640.  2.15396473E-06  3.42839526E-09
  1650.  2.08099912E-06  3.34501412E-09
  1660.  2.01551606E-06  3.26983594E-09
  1670.  1.95107719E-06  3.19454612E-09
  1680.  1.89581681E-06  3.13043841E-09
  1690.  1.8346211E-06  3.05662812E-09
  1700.  1.77603092E-06  2.98762744E-09
  1710.  1.71573792E-06  2.91623811E-09
  1720.  1.66988823E-06  2.85992082E-09
  1730.  1.62294508E-06  2.79854994E-09
  1740.  1.57017728E-06  2.73821355E-09
  1750.  1.52517712E-06  2.67947266E-09
  1760.  1.47460928E-06  2.61413634E-09
  1770.  1.43175266E-06  2.56006273E-09
  1780.  1.38616312E-06  2.50410551E-09
  1790.  1.34595319E-06  2.44994275E-09
  1800.  1.30840095E-06  2.39825689E-09
  1810.  1.266118E-06  2.34470164E-09
  1820.  1.23029661E-06  2.29641601E-09
  1830.  1.19271076E-06  2.24393901E-09
  1840.  1.15764701E-06  2.19687576E-09
  1850.  1.12128963E-06  2.14480782E-09
  1860.  1.09132744E-06  2.1049605E-09
  1870.  1.05897847E-06  2.06066987E-09
  1880.  1.02778236E-06  2.01431824E-09
  1890.  1.00009267E-06  1.97467887E-09
  1900.  9.70960564E-07  1.93226282E-09
  1910.  9.42862394E-07  1.89115616E-09
  1920.  9.10178406E-07  1.84651083E-09
  1930.  8.87109079E-07  1.81081344E-09
  1940.  8.58749563E-07  1.7700127E-09
  1950.  8.34944739E-07  1.73229641E-09
  1960.  8.14637832E-07  1.70182283E-09
  1970.  7.92051667E-07  1.6668111E-09
  1980.  7.71559287E-07  1.63405848E-09
  1990.  7.49155786E-07  1.60121329E-09
