  50.  1.83160763E-05  2.09008795E-08
  63.  3.9493928E-05  3.10400008E-08
  76.  6.47505308E-05  4.03986099E-08
  89.  9.32636436E-05  4.92970478E-08
  102.  0.000124693027  5.7836438E-08
  115.  0.000159086489  6.61336351E-08
  128.  0.000196162209  7.41129109E-08
  141.  0.000236713312  8.19505926E-08
  154.  0.000281041302  8.95716262E-08
  167.  0.000330576868  9.7069204E-08
  180.  0.000388220186  1.04608987E-07
  193.  0.000460062574  1.12424432E-07
  206.  0.000566810502  1.21636048E-07
  219.  0.000804216597  1.37316668E-07
  232.  0.000740165689  1.26891636E-07
  245.  0.000591867375  1.10201784E-07
  258.  0.000477901247  9.62045732E-08
  271.  0.000389602369  8.44349351E-08
  284.  0.000320020557  7.44079606E-08
  297.  0.000264708876  6.5823782E-08
  310.  0.000220395819  5.84540985E-08
  323.  0.000184721641  5.20972624E-08
  336.  0.000155690842  4.65908101E-08
  349.  0.000131759381  4.17547771E-08
  362.  0.000112194036  3.755806E-08
  375.  9.59217511E-05  3.38718502E-08
  388.  8.23089577E-05  3.06144836E-08
  401.  7.08908237E-05  2.77185304E-08
  414.  6.13501821E-05  2.51856803E-08
  427.  5.32260028E-05  2.29003973E-08
  440.  4.6330471E-05  2.08769836E-08
  453.  4.04843853E-05  1.90719021E-08
  466.  3.5466313E-05  1.74466864E-08
  479.  3.11195511E-05  1.59799479E-08
  492.  2.74216049E-05  1.46723065E-08
  505.  2.41591029E-05  1.34711969E-08
  518.  2.1403092E-05  1.24091083E-08
  531.  1.89374508E-05  1.14203822E-08
  544.  1.68462951E-05  1.05490935E-08
  557.  1.50119889E-05  9.75262883E-09
  570.  1.33816457E-05  9.01563852E-09
  583.  1.19607249E-05  8.35109941E-09
  596.  1.07105139E-05  7.74114639E-09
  609.  9.61202252E-06  7.18588705E-09
  622.  8.63583733E-06  6.6767921E-09
  635.  7.77554668E-06  6.20610141E-09
  648.  6.9809377E-06  5.76665634E-09
  661.  6.31647194E-06  5.37554421E-09
  674.  5.70769701E-06  5.01442199E-09
  687.  5.16562692E-06  4.67615421E-09
  700.  4.67492995E-06  4.36410463E-09
  713.  4.23573881E-06  4.07112638E-09
  726.  3.85891221E-06  3.81481766E-09
  739.  3.5043234E-06  3.56614288E-09
  752.  3.18680187E-06  3.33382984E-09
  765.  2.91656381E-06  3.13203395E-09
  778.  2.65422863E-06  2.93005574E-09
  791.  2.42465217E-06  2.74969663E-09
  804.  2.2192258E-06  2.580529E-09
  817.  2.02912731E-06  2.42328276E-09
  830.  1.85812937E-06  2.27665509E-09
  843.  1.70196164E-06  2.13691584E-09
  856.  1.56239999E-06  2.01116375E-09
  869.  1.43279574E-06  1.89140119E-09
  882.  1.31941675E-06  1.78166577E-09
  895.  1.21105882E-06  1.6756103E-09
  908.  1.11707192E-06  1.58089098E-09
  921.  1.028337E-06  1.48799446E-09
  934.  9.48502788E-07  1.40257721E-09
  947.  8.74228577E-07  1.32295595E-09
  960.  8.07944625E-07  1.24985306E-09
  973.  7.47905758E-07  1.181026E-09
  986.  6.88959388E-07  1.11317858E-09
  999.  6.39960016E-07  1.05427314E-09
  1012.  5.89954472E-07  9.92641075E-10
  1025.  5.44040485E-07  9.37303178E-10
  1038.  5.06625179E-07  8.8874109E-10
  1051.  4.68705178E-07  8.39345177E-10
  1064.  4.36418135E-07  7.95619019E-10
  1077.  4.03665426E-07  7.51431732E-10
  1090.  3.74046805E-07  7.10367963E-10
  1103.  3.48234507E-07  6.73748595E-10
  1116.  3.22447216E-07  6.36748117E-10
  1129.  3.00320174E-07  6.03688286E-10
  1142.  2.79255617E-07  5.72383949E-10
  1155.  2.60389296E-07  5.42899873E-10
  1168.  2.43210015E-07  5.16311108E-10
  1181.  2.26697817E-07  4.89640644E-10
  1194.  2.11212016E-07  4.64349711E-10
  1207.  1.96505754E-07  4.39733648E-10
  1220.  1.83531672E-07  4.1798847E-10
  1233.  1.71082752E-07  3.9635215E-10
  1246.  1.59821755E-07  3.76429813E-10
  1259.  1.49079398E-07  3.5722321E-10
  1272.  1.38684839E-07  3.38636003E-10
  1285.  1.2982124E-07  3.21800892E-10
  1298.  1.21523057E-07  3.06148335E-10
  1311.  1.13877979E-07  2.91288683E-10
  1324.  1.06118141E-07  2.76286213E-10
  1337.  9.9537019E-08  2.63053561E-10
  1350.  9.33641359E-08  2.50526432E-10
  1363.  8.72348568E-08  2.37982547E-10
  1376.  8.18950242E-08  2.26583097E-10
  1389.  7.65866889E-08  2.15458221E-10
  1402.  7.16951979E-08  2.04660244E-10
  1415.  6.72840375E-08  1.95230155E-10
  1428.  6.30843267E-08  1.85436682E-10
  1441.  5.90679857E-08  1.7644426E-10
  1454.  5.55145914E-08  1.68416156E-10
  1467.  5.21968775E-08  1.6035268E-10
  1480.  4.89009645E-08  1.52568197E-10
  1493.  4.57424758E-08  1.44951337E-10
  1506.  4.29687392E-08  1.37939343E-10
  1519.  4.05646779E-08  1.32126134E-10
  1532.  3.80230134E-08  1.25585834E-10
  1545.  3.56030414E-08  1.19496773E-10
  1558.  3.36654082E-08  1.14236576E-10
  1571.  3.14918931E-08  1.08570369E-10
  1584.  2.96796823E-08  1.03587207E-10
  1597.  2.78636991E-08  9.86064289E-11
  1610.  2.64371828E-08  9.44475093E-11
  1623.  2.48066438E-08  9.01091974E-11
  1636.  2.31988418E-08  8.54938723E-11
  1649.  2.18631243E-08  8.17488304E-11
  1662.  2.06166973E-08  7.78454012E-11
  1675.  1.94122801E-08  7.43751571E-11
  1688.  1.82308815E-08  7.06464961E-11
  1701.  1.72282632E-08  6.76776421E-11
  1714.  1.62174369E-08  6.45632758E-11
  1727.  1.51611169E-08  6.12333224E-11
  1740.  1.42686011E-08  5.83704452E-11
  1753.  1.36033759E-08  5.61354066E-11
  1766.  1.27927726E-08  5.34635866E-11
  1779.  1.21830431E-08  5.14057285E-11
  1792.  1.14119146E-08  4.88870134E-11
  1805.  1.07060628E-08  4.64358224E-11
  1818.  1.01503592E-08  4.45429817E-11
  1831.  9.58259864E-09  4.25170722E-11
  1844.  8.93465449E-09  4.02885637E-11
  1857.  8.51209601E-09  3.8659912E-11
  1870.  8.02881469E-09  3.68948567E-11
  1883.  7.58638737E-09  3.52867402E-11
  1896.  7.16330871E-09  3.36988253E-11
  1909.  6.73210699E-09  3.20335193E-11
  1922.  6.40593298E-09  3.08599963E-11
  1935.  6.07756761E-09  2.95240914E-11
  1948.  5.70975272E-09  2.80657214E-11
  1961.  5.36026053E-09  2.67448385E-11
  1974.  5.09047538E-09  2.56498559E-11
  1987.  4.76810094E-09  2.4307774E-11
