  40.  0.  0.
  41.  0.  0.
  42.  0.  0.
  43.  0.  0.
  44.  0.  0.
  45.  0.  0.
  46.  0.  0.
  47.  0.  0.
  48.  0.  0.
  49.  0.  0.
  50.  0.  0.
  51.  0.  0.
  52.  0.  0.
  53.  0.  0.
  54.  0.  0.
  55.  0.  0.
  56.  0.  0.
  57.  0.  0.
  58.  0.  0.
  59.  0.  0.
  60.  0.  0.
  61.  0.  0.
  62.  0.  0.
  63.  0.  0.
  64.  0.  0.
  65.  0.  0.
  66.  0.  0.
  67.  0.  0.
  68.  0.  0.
  69.  0.  0.
  70.  0.  0.
  71.  0.  0.
  72.  0.  0.
  73.  1.123803E-09  6.36403492E-10
  74.  1.01926137E-08  1.76157947E-09
  75.  4.04087649E-08  3.50945058E-09
  76.  9.93163604E-08  5.66485231E-09
  77.  1.59330726E-07  7.16122238E-09
  78.  2.44425245E-07  8.82605798E-09
  79.  3.48487921E-07  1.05350847E-08
  80.  4.33299297E-07  1.16275803E-08
  81.  5.77185912E-07  1.35604731E-08
  82.  6.7930875E-07  1.46068382E-08
  83.  8.67589674E-07  1.65321095E-08
  84.  1.02591045E-06  1.80213151E-08
  85.  1.22324103E-06  1.95837005E-08
  86.  1.43682031E-06  2.1239619E-08
  87.  1.58630901E-06  2.2300206E-08
  88.  1.76592262E-06  2.34244197E-08
  89.  1.98025683E-06  2.49357154E-08
  90.  2.24854952E-06  2.63653694E-08
  91.  2.43843147E-06  2.75775933E-08
  92.  2.72107447E-06  2.90420419E-08
  93.  2.91742992E-06  3.01381524E-08
  94.  3.21371233E-06  3.15960001E-08
  95.  3.52659341E-06  3.30600223E-08
  96.  3.73317985E-06  3.39524063E-08
  97.  4.01080645E-06  3.5222199E-08
  98.  4.3684392E-06  3.67638543E-08
  99.  4.55798202E-06  3.75386835E-08
  100.  4.88317017E-06  3.88755512E-08
  101.  5.11135379E-06  3.96009275E-08
  102.  5.43186906E-06  4.0930831E-08
  103.  5.79412517E-06  4.24001851E-08
  104.  6.17775288E-06  4.36192159E-08
  105.  6.42164004E-06  4.45711518E-08
  106.  6.77510682E-06  4.57074261E-08
  107.  7.00316167E-06  4.64647636E-08
  108.  7.49891504E-06  4.81018564E-08
  109.  7.80074263E-06  4.91438016E-08
  110.  8.11595269E-06  5.01591376E-08
  111.  8.53151678E-06  5.14148003E-08
  112.  8.84417919E-06  5.22828082E-08
  113.  9.17336737E-06  5.33405193E-08
  114.  9.61501449E-06  5.45291686E-08
  115.  9.93221634E-06  5.54524043E-08
  116.  1.03722391E-05  5.67910676E-08
  117.  1.07603361E-05  5.78493149E-08
  118.  1.11121553E-05  5.86562741E-08
  119.  1.14192878E-05  5.94407471E-08
  120.  1.19153366E-05  6.08250116E-08
  121.  1.22739335E-05  6.18096706E-08
  122.  1.26632314E-05  6.27864456E-08
  123.  1.30703263E-05  6.38622502E-08
  124.  1.33993946E-05  6.45865754E-08
  125.  1.3869534E-05  6.58613987E-08
  126.  1.42621174E-05  6.67412314E-08
  127.  1.45855101E-05  6.75340766E-08
  128.  1.49737434E-05  6.83641471E-08
  129.  1.54854404E-05  6.96212172E-08
  130.  1.58839533E-05  7.05835405E-08
  131.  1.64084972E-05  7.18792286E-08
  132.  1.67439453E-05  7.25211576E-08
  133.  1.72163045E-05  7.35667764E-08
  134.  1.77807322E-05  7.48729272E-08
  135.  1.82300559E-05  7.59664481E-08
  136.  1.84679998E-05  7.6219964E-08
  137.  1.90718408E-05  7.77156836E-08
  138.  1.93788658E-05  7.82072269E-08
  139.  1.98071901E-05  7.91279019E-08
  140.  2.04067469E-05  8.05225282E-08
  141.  2.08809729E-05  8.15765664E-08
  142.  2.1273732E-05  8.24007152E-08
  143.  2.16236289E-05  8.30174862E-08
  144.  2.19801048E-05  8.35437609E-08
  145.  2.27408463E-05  8.51891439E-08
  146.  2.31823952E-05  8.62894214E-08
  147.  2.35556284E-05  8.68292374E-08
  148.  2.4044233E-05  8.77917461E-08
  149.  2.46391241E-05  8.89787878E-08
  150.  2.51000906E-05  8.98326035E-08
  151.  2.56899152E-05  9.10301578E-08
  152.  2.59459445E-05  9.13116593E-08
  153.  2.64733207E-05  9.24210411E-08
  154.  2.70490653E-05  9.35303619E-08
  155.  2.74657655E-05  9.43471084E-08
  156.  2.80956604E-05  9.54502924E-08
  157.  2.83114765E-05  9.5668666E-08
  158.  2.90839706E-05  9.71907483E-08
  159.  2.94831699E-05  9.7797577E-08
  160.  2.99073075E-05  9.87487518E-08
  161.  3.06173421E-05  9.9898779E-08
  162.  3.11765993E-05  1.00983099E-07
  163.  3.15352193E-05  1.01493032E-07
  164.  3.18966958E-05  1.02184872E-07
  165.  3.24887789E-05  1.03253384E-07
  166.  3.32295974E-05  1.04382382E-07
  167.  3.35543802E-05  1.05020862E-07
  168.  3.40452546E-05  1.05906E-07
  169.  3.46601557E-05  1.06831429E-07
  170.  3.50878753E-05  1.07549506E-07
  171.  3.56194951E-05  1.08503928E-07
  172.  3.61170971E-05  1.09267967E-07
  173.  3.67011581E-05  1.10286844E-07
  174.  3.7421567E-05  1.11522172E-07
  175.  3.78660748E-05  1.12216348E-07
  176.  3.84019943E-05  1.13257201E-07
  177.  3.92098787E-05  1.14471608E-07
  178.  3.94841584E-05  1.14732437E-07
  179.  4.03060068E-05  1.16185633E-07
  180.  4.05972495E-05  1.16581689E-07
  181.  4.10591235E-05  1.17293279E-07
  182.  4.16819509E-05  1.18180525E-07
  183.  4.22691795E-05  1.19314626E-07
  184.  4.29160591E-05  1.20159551E-07
  185.  4.35890147E-05  1.21266583E-07
  186.  4.38294909E-05  1.21459168E-07
  187.  4.43396795E-05  1.22201594E-07
  188.  4.51496735E-05  1.23647026E-07
  189.  4.54825151E-05  1.23977392E-07
