  500.  0.000183918311  6.96886633E-08
  510.  0.000169191251  6.61120994E-08
  520.  0.000155779738  6.27412205E-08
  530.  0.000143671642  5.96090023E-08
  540.  0.000132644142  5.66467986E-08
  550.  0.000122694629  5.39021795E-08
  560.  0.000113676896  5.13476871E-08
  570.  0.000105383536  4.89395126E-08
  580.  9.77660691E-05  4.66505625E-08
  590.  9.08871214E-05  4.45218227E-08
  600.  8.45337045E-05  4.249572E-08
  610.  7.87671125E-05  4.06209852E-08
  620.  7.34134979E-05  3.88252015E-08
  630.  6.8499758E-05  3.71452061E-08
  640.  6.40038067E-05  3.55542285E-08
  650.  5.97603682E-05  3.4010398E-08
  660.  5.59476166E-05  3.25937946E-08
  670.  5.24221073E-05  3.12647294E-08
  680.  4.91452098E-05  2.99942039E-08
  690.  4.60592477E-05  2.87506481E-08
  700.  4.32457679E-05  2.7605119E-08
  710.  4.06249143E-05  2.65145701E-08
  720.  3.82208726E-05  2.54824469E-08
  730.  3.59647874E-05  2.45038163E-08
  740.  3.38856273E-05  2.35610859E-08
  750.  3.19136386E-05  2.26678224E-08
  760.  3.00969207E-05  2.18202394E-08
  770.  2.83800487E-05  2.10010324E-08
  780.  2.67934216E-05  2.02196789E-08
  790.  2.52974803E-05  1.94876623E-08
  800.  2.39294535E-05  1.87934929E-08
  810.  2.2633704E-05  1.81242288E-08
  820.  2.13910223E-05  1.7463864E-08
  830.  2.02347603E-05  1.68382708E-08
  840.  1.91656791E-05  1.62509959E-08
  850.  1.82058886E-05  1.57068895E-08
  860.  1.72471474E-05  1.51737941E-08
  870.  1.63495149E-05  1.46437665E-08
  880.  1.55395102E-05  1.41632341E-08
  890.  1.47547121E-05  1.36814354E-08
  900.  1.40288082E-05  1.32369877E-08
  910.  1.3324425E-05  1.28041323E-08
  920.  1.26781939E-05  1.23844253E-08
  930.  1.20401126E-05  1.19624303E-08
  940.  1.15098163E-05  1.16189703E-08
  950.  1.09443529E-05  1.12389905E-08
  960.  1.04173722E-05  1.08849695E-08
  970.  9.91450174E-06  1.0525506E-08
  980.  9.45322229E-06  1.01981741E-08
  990.  9.03598055E-06  9.89353712E-09
  1000.  8.61882737E-06  9.5997896E-09
  1010.  8.226962E-06  9.29851866E-09
  1020.  7.84905811E-06  9.01853256E-09
  1030.  7.47937871E-06  8.73111625E-09
  1040.  7.17004895E-06  8.48791204E-09
  1050.  6.83275221E-06  8.212924E-09
  1060.  6.54768378E-06  7.99040745E-09
  1070.  6.25685893E-06  7.7533207E-09
  1080.  5.9775368E-06  7.51610132E-09
  1090.  5.73755013E-06  7.31314032E-09
  1100.  5.48970334E-06  7.09729088E-09
  1110.  5.25915579E-06  6.90020905E-09
  1120.  5.03721013E-06  6.69984257E-09
  1130.  4.82836712E-06  6.51400856E-09
  1140.  4.63164387E-06  6.33659322E-09
  1150.  4.43808529E-06  6.15722702E-09
  1160.  4.25407299E-06  5.98777865E-09
  1170.  4.08169078E-06  5.81390362E-09
  1180.  3.91517497E-06  5.65575274E-09
  1190.  3.76718022E-06  5.51372626E-09
  1200.  3.61508034E-06  5.35636789E-09
  1210.  3.47748723E-06  5.22127666E-09
  1220.  3.33599303E-06  5.07829484E-09
  1230.  3.20279788E-06  4.937907E-09
  1240.  3.07699498E-06  4.81008932E-09
  1250.  2.96146139E-06  4.67996547E-09
  1260.  2.8392816E-06  4.55130151E-09
  1270.  2.7299968E-06  4.43191945E-09
  1280.  2.62921535E-06  4.3220024E-09
  1290.  2.53200192E-06  4.21104407E-09
  1300.  2.43683826E-06  4.1051381E-09
  1310.  2.34507925E-06  3.99819312E-09
  1320.  2.25236989E-06  3.88835498E-09
  1330.  2.1743115E-06  3.78934417E-09
  1340.  2.09728059E-06  3.70006808E-09
  1350.  2.0189323E-06  3.60586793E-09
  1360.  1.9469658E-06  3.51754934E-09
  1370.  1.8738478E-06  3.4269672E-09
  1380.  1.80613705E-06  3.34205315E-09
  1390.  1.74438932E-06  3.26563815E-09
  1400.  1.67707849E-06  3.17657424E-09
  1410.  1.62065051E-06  3.10153946E-09
  1420.  1.55995044E-06  3.02362422E-09
  1430.  1.51042321E-06  2.95447118E-09
  1440.  1.4557982E-06  2.88358497E-09
  1450.  1.40903125E-06  2.81537437E-09
  1460.  1.36085203E-06  2.75300197E-09
  1470.  1.31129595E-06  2.68017809E-09
  1480.  1.26463347E-06  2.6148803E-09
  1490.  1.21864948E-06  2.55054371E-09
  1500.  1.18222947E-06  2.49551023E-09
  1510.  1.1442764E-06  2.43515157E-09
  1520.  1.1084426E-06  2.38515198E-09
  1530.  1.06708735E-06  2.3244245E-09
  1540.  1.03490087E-06  2.27688209E-09
  1550.  9.97821906E-07  2.21789158E-09
  1560.  9.64803894E-07  2.1673226E-09
  1570.  9.32469746E-07  2.11460831E-09
  1580.  9.03853909E-07  2.0707142E-09
  1590.  8.75073854E-07  2.02632029E-09
  1600.  8.41716827E-07  1.9656759E-09
  1610.  8.18161397E-07  1.93165898E-09
  1620.  7.89976834E-07  1.88291113E-09
  1630.  7.64701825E-07  1.8402164E-09
  1640.  7.39252074E-07  1.79678372E-09
  1650.  7.15955732E-07  1.75808419E-09
  1660.  6.93295594E-07  1.71932132E-09
  1670.  6.72027231E-07  1.68242571E-09
  1680.  6.505283E-07  1.64573302E-09
  1690.  6.29418587E-07  1.60340348E-09
  1700.  6.12810755E-07  1.57806788E-09
  1710.  5.90950882E-07  1.53640299E-09
  1720.  5.73476448E-07  1.50688721E-09
  1730.  5.59567448E-07  1.47897636E-09
  1740.  5.39652505E-07  1.44290452E-09
  1750.  5.23395982E-07  1.41061022E-09
  1760.  5.02592696E-07  1.36969371E-09
  1770.  4.90679402E-07  1.34568682E-09
  1780.  4.77014458E-07  1.32233083E-09
  1790.  4.60737511E-07  1.28919376E-09
  1800.  4.50174979E-07  1.26864198E-09
  1810.  4.34721665E-07  1.23850275E-09
  1820.  4.22409049E-07  1.21273552E-09
  1830.  4.10192067E-07  1.18570647E-09
  1840.  3.98871148E-07  1.1629446E-09
  1850.  3.83853547E-07  1.131843E-09
  1860.  3.74531491E-07  1.11355187E-09
  1870.  3.64305948E-07  1.09103486E-09
  1880.  3.52491982E-07  1.06375191E-09
  1890.  3.43575311E-07  1.04529609E-09
  1900.  3.34547874E-07  1.02484391E-09
  1910.  3.23622625E-07  1.00108883E-09
  1920.  3.11803884E-07  9.7416948E-10
  1930.  3.04745988E-07  9.58446332E-10
  1940.  2.93908637E-07  9.3659649E-10
  1950.  2.872485E-07  9.19726395E-10
  1960.  2.79505591E-07  9.01332657E-10
  1970.  2.71107942E-07  8.83062148E-10
  1980.  2.65159143E-07  8.68957644E-10
  1990.  2.56560738E-07  8.47971405E-10
