  50.  9.69989279E-06  1.50290917E-07
  50.1333333  9.49339848E-06  1.47943047E-07
  50.2666667  9.70125426E-06  1.50285235E-07
  50.4  1.03685606E-05  1.54802874E-07
  50.5333333  1.02178815E-05  1.53758998E-07
  50.6666667  1.04655753E-05  1.5619476E-07
  50.8  1.04732481E-05  1.55727169E-07
  50.9333333  1.04434687E-05  1.54772241E-07
  51.0666667  1.06222465E-05  1.56095624E-07
  51.2  1.08866465E-05  1.5836866E-07
  51.3333333  1.09498363E-05  1.59324373E-07
  51.4666667  1.14409469E-05  1.63167495E-07
  51.6  1.13390224E-05  1.61596122E-07
  51.7333333  1.16557543E-05  1.64853007E-07
  51.8666667  1.18856548E-05  1.66057642E-07
  52.  1.1940347E-05  1.66551773E-07
  52.1333333  1.22640775E-05  1.68318123E-07
  52.2666667  1.25525195E-05  1.70828371E-07
  52.4  1.27355758E-05  1.72398238E-07
  52.5333333  1.27127778E-05  1.71663652E-07
  52.6666667  1.27997628E-05  1.72286455E-07
  52.8  1.28498934E-05  1.72715916E-07
  52.9333333  1.32575387E-05  1.75007748E-07
  53.0666667  1.3179173E-05  1.7480146E-07
  53.2  1.39771779E-05  1.80062541E-07
  53.3333333  1.32371207E-05  1.74540649E-07
  53.4666667  1.3802871E-05  1.78811811E-07
  53.6  1.38333981E-05  1.78667109E-07
  53.7333333  1.44713482E-05  1.82980385E-07
  53.8666667  1.46481647E-05  1.84271305E-07
  54.  1.44994002E-05  1.82891443E-07
  54.1333333  1.46260399E-05  1.83647061E-07
  54.2666667  1.50600138E-05  1.8679048E-07
  54.4  1.54333673E-05  1.89773901E-07
  54.5333333  1.56740064E-05  1.90998932E-07
  54.6666667  1.52878937E-05  1.88506459E-07
  54.8  1.56213136E-05  1.8958109E-07
  54.9333333  1.58380153E-05  1.91085307E-07
  55.0666667  1.62506244E-05  1.9442638E-07
  55.2  1.60376646E-05  1.93218861E-07
  55.3333333  1.66728683E-05  1.96950765E-07
  55.4666667  1.66286797E-05  1.96747825E-07
  55.6  1.69587898E-05  1.9976978E-07
  55.7333333  1.73189524E-05  1.99930042E-07
  55.8666667  1.74015411E-05  2.01151076E-07
  56.  1.75931856E-05  2.01830529E-07
  56.1333333  1.7451577E-05  2.00933652E-07
  56.2666667  1.75998261E-05  2.01444948E-07
  56.4  1.77297063E-05  2.02489272E-07
  56.5333333  1.8347021E-05  2.06761443E-07
  56.6666667  1.82643815E-05  2.05402665E-07
  56.8  1.84177614E-05  2.06774897E-07
  56.9333333  1.845478E-05  2.07146626E-07
  57.0666667  1.89192245E-05  2.09776419E-07
  57.2  1.92925236E-05  2.11698817E-07
  57.3333333  1.97023666E-05  2.14003742E-07
  57.4666667  1.92445347E-05  2.10873708E-07
  57.6  1.98677494E-05  2.1485052E-07
  57.7333333  2.0562195E-05  2.19596652E-07
  57.8666667  2.04775307E-05  2.19444862E-07
  58.  2.01337524E-05  2.15103772E-07
  58.1333333  2.05428511E-05  2.1902288E-07
  58.2666667  2.09706204E-05  2.21764399E-07
  58.4  2.11481221E-05  2.21936868E-07
  58.5333333  2.13089811E-05  2.22710135E-07
  58.6666667  2.13689766E-05  2.22992488E-07
  58.8  2.15108801E-05  2.22899862E-07
  58.9333333  2.19441298E-05  2.25767793E-07
  59.0666667  2.20528134E-05  2.26864528E-07
  59.2  2.2479544E-05  2.28837867E-07
  59.3333333  2.24105062E-05  2.29189282E-07
  59.4666667  2.25251496E-05  2.28792326E-07
  59.6  2.27225318E-05  2.28587892E-07
  59.7333333  2.29597453E-05  2.31049948E-07
  59.8666667  2.36110818E-05  2.34221702E-07
  60.  2.32385968E-05  2.32767886E-07
  60.1333333  2.36142473E-05  2.34495584E-07
  60.2666667  2.42567471E-05  2.38176621E-07
  60.4  2.42959123E-05  2.38444395E-07
  60.5333333  2.42047596E-05  2.37048908E-07
  60.6666667  2.42589899E-05  2.37970492E-07
  60.8  2.48900461E-05  2.41196319E-07
  60.9333333  2.49503303E-05  2.41393316E-07
  61.0666667  2.50334519E-05  2.4146047E-07
  61.2  2.53678118E-05  2.43401241E-07
  61.3333333  2.56933388E-05  2.45083269E-07
  61.4666667  2.54693531E-05  2.43544109E-07
  61.6  2.58972169E-05  2.45227338E-07
  61.7333333  2.63015606E-05  2.47776452E-07
  61.8666667  2.67460419E-05  2.50394143E-07
  62.  2.62419107E-05  2.47382537E-07
  62.1333333  2.6055414E-05  2.45863803E-07
  62.2666667  2.71757541E-05  2.52917708E-07
  62.4  2.70321498E-05  2.50506052E-07
  62.5333333  2.8053722E-05  2.57415721E-07
  62.6666667  2.77933357E-05  2.55873394E-07
  62.8  2.80541276E-05  2.56918387E-07
  62.9333333  2.84060791E-05  2.58552981E-07
  63.0666667  2.77083007E-05  2.53903506E-07
  63.2  2.82379893E-05  2.57127597E-07
  63.3333333  2.88699834E-05  2.59843082E-07
  63.4666667  2.88871001E-05  2.59922259E-07
  63.6  2.90362255E-05  2.60651302E-07
  63.7333333  2.98659715E-05  2.65352968E-07
  63.8666667  2.94128094E-05  2.62217483E-07
  64.  2.97539457E-05  2.64147725E-07
  64.1333333  2.97810766E-05  2.64326881E-07
  64.2666667  3.02431183E-05  2.66438495E-07
  64.4  3.0293049E-05  2.67078934E-07
  64.5333333  3.07762849E-05  2.69418543E-07
  64.6666667  3.05737255E-05  2.67527471E-07
  64.8  3.10715542E-05  2.69105681E-07
  64.9333333  3.14989546E-05  2.72649112E-07
  65.0666667  3.17958842E-05  2.73084008E-07
  65.2  3.20483223E-05  2.75162089E-07
  65.3333333  3.2264971E-05  2.75782217E-07
  65.4666667  3.26269863E-05  2.78439824E-07
  65.6  3.24711928E-05  2.7605299E-07
  65.7333333  3.27795477E-05  2.78317592E-07
  65.8666667  3.27080238E-05  2.77368802E-07
  66.  3.30673923E-05  2.78918227E-07
  66.1333333  3.36737141E-05  2.81152671E-07
  66.2666667  3.35459459E-05  2.80781506E-07
  66.4  3.39734111E-05  2.82914375E-07
  66.5333333  3.37761609E-05  2.81563524E-07
  66.6666667  3.49233164E-05  2.87012188E-07
  66.8  3.48009274E-05  2.87080237E-07
  66.9333333  3.51050028E-05  2.87386916E-07
  67.0666667  3.51548801E-05  2.89372967E-07
  67.2  3.5790818E-05  2.91273745E-07
  67.3333333  3.55563488E-05  2.8991918E-07
  67.4666667  3.55004005E-05  2.89758312E-07
  67.6  3.65903466E-05  2.94941025E-07
  67.7333333  3.665631E-05  2.9458711E-07
  67.8666667  3.62117882E-05  2.92135558E-07
  68.  3.66971231E-05  2.94633358E-07
  68.1333333  3.71785363E-05  2.96158178E-07
  68.2666667  3.73367983E-05  2.98085908E-07
  68.4  3.73824615E-05  2.97811241E-07
  68.5333333  3.78213106E-05  2.99590022E-07
  68.6666667  3.78073914E-05  2.98554806E-07
  68.8  3.82414086E-05  3.01421701E-07
  68.9333333  3.86306866E-05  3.03138095E-07
  69.0666667  3.88326151E-05  3.03693296E-07
  69.2  3.84402728E-05  3.0020739E-07
  69.3333333  3.89862356E-05  3.03944044E-07
  69.4666667  3.93734231E-05  3.05334781E-07
  69.6  3.98376106E-05  3.08117786E-07
  69.7333333  3.98296283E-05  3.08421489E-07
  69.8666667  3.9745556E-05  3.06639836E-07
