  20.  0.  0.
  20.5  0.  0.
  21.  0.  0.
  21.5  0.  0.
  22.  0.  0.
  22.5  0.  0.
  23.  0.  0.
  23.5  0.  0.
  24.  0.  0.
  24.5  0.  0.
  25.  0.  0.
  25.5  0.  0.
  26.  0.  0.
  26.5  0.  0.
  27.  0.  0.
  27.5  0.  0.
  28.  0.  0.
  28.5  0.  0.
  29.  0.  0.
  29.5  0.  0.
  30.  0.  0.
  30.5  0.  0.
  31.  0.  0.
  31.5  0.  0.
  32.  0.  0.
  32.5  0.  0.
  33.  0.  0.
  33.5  0.  0.
  34.  0.  0.
  34.5  0.  0.
  35.  0.  0.
  35.5  0.  0.
  36.  0.  0.
  36.5  3.42073155E-09  1.44447272E-09
  37.  2.47767627E-08  4.00372162E-09
  37.5  7.632024E-08  6.76331913E-09
  38.  2.06727676E-07  1.15055733E-08
  38.5  3.21135583E-07  1.43488957E-08
  39.  5.02343318E-07  1.79502404E-08
  39.5  6.93353812E-07  2.10613236E-08
  40.  8.72005285E-07  2.32633818E-08
  40.5  1.16343432E-06  2.72339094E-08
  41.  1.40769106E-06  2.98399982E-08
  41.5  1.68300542E-06  3.24526835E-08
  42.  2.08241954E-06  3.62848856E-08
  42.5  2.39753851E-06  3.87027582E-08
  43.  2.89794711E-06  4.26538766E-08
  43.5  3.13333087E-06  4.4342886E-08
  44.  3.59417436E-06  4.73457986E-08
  44.5  3.98001434E-06  4.99561937E-08
  45.  4.44830312E-06  5.24721371E-08
  45.5  4.94222636E-06  5.54316137E-08
  46.  5.35377551E-06  5.76873493E-08
  46.5  5.89626036E-06  6.0578669E-08
  47.  6.40448497E-06  6.29807826E-08
  47.5  7.02857184E-06  6.61090949E-08
  48.  7.52881676E-06  6.83034627E-08
  48.5  8.0505374E-06  7.04649713E-08
  49.  8.58837782E-06  7.28196297E-08
  49.5  9.21871541E-06  7.54829319E-08
  50.  9.75132181E-06  7.76227438E-08
  50.5  1.04037184E-05  8.01789116E-08
  51.  1.08340442E-05  8.16589118E-08
  51.5  1.15824855E-05  8.46135828E-08
  52.  1.23606042E-05  8.75143954E-08
  52.5  1.28472932E-05  8.91281305E-08
  53.  1.34477613E-05  9.10648775E-08
  53.5  1.42141402E-05  9.36475145E-08
  54.  1.4884357E-05  9.5827705E-08
  54.5  1.55213123E-05  9.79477757E-08
  55.  1.62895269E-05  1.00470704E-07
  55.5  1.71205825E-05  1.03114484E-07
  56.  1.75597001E-05  1.04062883E-07
  56.5  1.82947124E-05  1.06391446E-07
  57.  1.92651057E-05  1.09267971E-07
  57.5  2.0060312E-05  1.11732568E-07
  58.  2.06967925E-05  1.13375196E-07
  58.5  2.13978757E-05  1.15050789E-07
  59.  2.23211834E-05  1.17880152E-07
  59.5  2.29680647E-05  1.19120334E-07
  60.  2.38493476E-05  1.21862097E-07
  60.5  2.45131207E-05  1.23435703E-07
  61.  2.52809482E-05  1.25452783E-07
  61.5  2.6148158E-05  1.27539305E-07
  62.  2.65475832E-05  1.28488643E-07
  62.5  2.80579322E-05  1.32787275E-07
  63.  2.82352059E-05  1.32636021E-07
  63.5  2.93808448E-05  1.3550187E-07
  64.  3.0042803E-05  1.37204382E-07
  64.5  3.07826176E-05  1.38698419E-07
  65.  3.20122878E-05  1.41851521E-07
  65.5  3.26787281E-05  1.43384221E-07
  66.  3.35337205E-05  1.44982191E-07
  66.5  3.4541497E-05  1.47369623E-07
  67.  3.54626082E-05  1.49691682E-07
  67.5  3.62826444E-05  1.51309036E-07
  68.  3.71012191E-05  1.53150477E-07
  68.5  3.79975024E-05  1.5491104E-07
  69.  3.87503886E-05  1.56314379E-07
  69.5  3.97885055E-05  1.58843573E-07
  70.  4.09354078E-05  1.61282494E-07
  70.5  4.16455145E-05  1.62714944E-07
  71.  4.22970575E-05  1.64333551E-07
  71.5  4.33987475E-05  1.66303305E-07
  72.  4.43769342E-05  1.6810078E-07
  72.5  4.52842573E-05  1.6997785E-07
  73.  4.63437624E-05  1.72247436E-07
  73.5  4.71924717E-05  1.73998598E-07
  74.  4.79674728E-05  1.75307322E-07
  74.5  4.93200698E-05  1.78167474E-07
  75.  5.03118209E-05  1.79999648E-07
  75.5  5.11780382E-05  1.81417073E-07
  76.  5.19858424E-05  1.83029157E-07
  76.5  5.29405653E-05  1.84918186E-07
  77.  5.41009432E-05  1.86806409E-07
  77.5  5.52206566E-05  1.89257575E-07
  78.  5.58842669E-05  1.90364028E-07
  78.5  5.69782413E-05  1.92078063E-07
  79.  5.80058779E-05  1.94043393E-07
  79.5  5.87495275E-05  1.95408884E-07
  80.  6.01796727E-05  1.97947267E-07
  80.5  6.12231752E-05  1.99903851E-07
  81.  6.2128198E-05  2.01485807E-07
  81.5  6.28821564E-05  2.02892331E-07
  82.  6.41299826E-05  2.04799804E-07
  82.5  6.49457108E-05  2.06144007E-07
  83.  6.62745451E-05  2.0869274E-07
  83.5  6.70543218E-05  2.09808434E-07
  84.  6.81060179E-05  2.11642661E-07
  84.5  6.94452712E-05  2.14147339E-07
  85.  7.0404131E-05  2.15627889E-07
  85.5  7.1364208E-05  2.1729137E-07
  86.  7.24699392E-05  2.18813878E-07
  86.5  7.32260578E-05  2.20255221E-07
  87.  7.45618746E-05  2.22457651E-07
  87.5  7.57942565E-05  2.24662824E-07
  88.  7.68445019E-05  2.26333714E-07
  88.5  7.86138583E-05  2.29281083E-07
  89.  7.89698091E-05  2.29581473E-07
  89.5  8.0256057E-05  2.31885707E-07
  90.  8.09233631E-05  2.32563067E-07
  90.5  8.24145789E-05  2.34993914E-07
  91.  8.3504455E-05  2.3699743E-07
  91.5  8.45751132E-05  2.38511675E-07
  92.  8.58524873E-05  2.40556092E-07
  92.5  8.64197956E-05  2.40993369E-07
  93.  8.82824583E-05  2.44160446E-07
  93.5  8.8749232E-05  2.44578477E-07
  94.  9.04750092E-05  2.4716911E-07
  94.5  9.11732261E-05  2.48294151E-07
