  50.  0.292913686  6.20582062E-05
  55.  0.27946931  6.54522743E-05
  60.  0.270040182  7.41690684E-05
  65.  0.288426158  8.61859274E-05
  70.  0.359062184  0.000107150701
  75.  0.590083237  0.000161488068
  80.  1.77008951  0.000356245022
  85.  7.88646907  0.000846885514
  90.  11.4958982  0.00104127926
  95.  2.80861977  0.000512014237
  100.  0.594073641  0.00021821236
  105.  0.228814184  0.000125798791
  110.  0.128655984  8.63046374E-05
  115.  0.0846294706  6.51075329E-05
  120.  0.0603657516  5.24225649E-05
  125.  0.0453679345  4.46663365E-05
  130.  0.0354399359  4.01462606E-05
  135.  0.0283290562  3.59363739E-05
  140.  0.0231835559  3.20498114E-05
  145.  0.0192311125  2.86529984E-05
  150.  0.0161387631  2.57504793E-05
  155.  0.0137029001  2.33235672E-05
  160.  0.0118274133  2.13588554E-05
  165.  0.010188731  1.94999639E-05
  170.  0.00883430088  1.78475746E-05
  175.  0.00776015015  1.65893786E-05
  180.  0.00679297838  1.52754094E-05
  185.  0.00603282038  1.43463814E-05
  190.  0.00532215528  1.32616498E-05
  195.  0.00472505317  1.23387558E-05
  200.  0.00420999361  1.14728051E-05
  205.  0.00376047668  1.07698478E-05
  210.  0.00338850962  1.01366424E-05
  215.  0.00304560274  9.50387782E-06
  220.  0.00275409331  8.97024145E-06
  225.  0.00249097971  8.48575809E-06
  230.  0.00224776429  7.95169537E-06
  235.  0.00205144133  7.57499885E-06
  240.  0.00185097317  7.09625699E-06
  245.  0.00169270755  6.73523281E-06
  250.  0.00153862004  6.36524777E-06
  255.  0.00141258016  6.06809795E-06
  260.  0.00128223824  5.7208929E-06
  265.  0.00116585344  5.32485646E-06
  270.  0.00107211814  5.11666456E-06
  275.  0.000997368155  4.91843243E-06
  280.  0.000921535291  4.74107355E-06
  285.  0.000840406428  4.43214054E-06
  290.  0.000774764082  4.20321081E-06
  295.  0.000720042523  4.05191618E-06
  300.  0.000657993479  3.8340619E-06
  305.  0.000607502466  3.62971449E-06
  310.  0.000561733124  3.47602597E-06
  315.  0.000521692729  3.34319236E-06
  320.  0.000487759404  3.18631572E-06
  325.  0.000453053598  3.06678045E-06
  330.  0.000421086075  2.92923586E-06
  335.  0.000392604616  2.83425215E-06
  340.  0.000361299449  2.63716731E-06
  345.  0.000337450713  2.56958523E-06
  350.  0.000315847512  2.47897082E-06
  355.  0.000289958232  2.32084706E-06
  360.  0.000274382743  2.27210958E-06
  365.  0.000253842943  2.15508845E-06
  370.  0.000236180562  2.05287803E-06
  375.  0.000218075514  1.95608281E-06
  380.  0.000204565284  1.87505715E-06
  385.  0.000189146355  1.77774835E-06
  390.  0.000180793396  1.75978064E-06
  395.  0.000167457836  1.65557031E-06
  400.  0.000159752238  1.61595071E-06
  405.  0.000149610762  1.54892229E-06
  410.  0.000139725446  1.48707227E-06
  415.  0.000132148391  1.45082115E-06
  420.  0.000121427015  1.34397891E-06
  425.  0.000116038572  1.31341644E-06
  430.  0.000107651479  1.23589532E-06
  435.  0.000101550661  1.21549454E-06
  440.  9.54367091E-05  1.15792779E-06
  445.  8.97883432E-05  1.11229637E-06
  450.  8.45223064E-05  1.06846953E-06
  455.  7.92358918E-05  1.03235604E-06
  460.  7.46201579E-05  9.79270375E-07
  465.  6.8658727E-05  9.28049065E-07
  470.  6.62251089E-05  9.26449766E-07
  475.  6.14093283E-05  8.75804003E-07
  480.  5.87986577E-05  8.54142354E-07
  485.  5.47905936E-05  7.96192589E-07
  490.  5.25160504E-05  7.78532261E-07
  495.  4.95504795E-05  7.6408518E-07
  500.  4.67283185E-05  7.35724808E-07
  505.  4.44406501E-05  7.16707526E-07
  510.  4.08158293E-05  6.63743981E-07
  515.  3.95586041E-05  6.61971414E-07
  520.  3.72124212E-05  6.34939528E-07
  525.  3.47316021E-05  6.00298445E-07
  530.  3.35089252E-05  5.84772964E-07
  535.  3.14586875E-05  5.63314682E-07
  540.  2.93516366E-05  5.38740045E-07
  545.  2.76594111E-05  5.18052374E-07
  550.  2.59141934E-05  4.82574963E-07
  555.  2.56494955E-05  4.96502517E-07
  560.  2.42096917E-05  4.74145893E-07
  565.  2.20457132E-05  4.38329923E-07
  570.  2.17388836E-05  4.38517845E-07
  575.  2.02720596E-05  4.23348112E-07
  580.  1.96551943E-05  4.11145684E-07
  585.  1.82723695E-05  3.85620526E-07
  590.  1.73653978E-05  3.72146239E-07
  595.  1.6418051E-05  3.59980771E-07
  600.  1.61900754E-05  3.71656966E-07
  605.  1.48541473E-05  3.30716405E-07
  610.  1.41973035E-05  3.27792311E-07
  615.  1.32524082E-05  3.16575697E-07
  620.  1.23056575E-05  2.98165456E-07
  625.  1.23748446E-05  3.01952561E-07
  630.  1.10325718E-05  2.76509589E-07
  635.  1.06573531E-05  2.66553806E-07
  640.  1.08472403E-05  2.77232395E-07
  645.  9.78337819E-06  2.52403683E-07
  650.  9.38453341E-06  2.46113002E-07
  655.  9.03291781E-06  2.40701654E-07
  660.  8.8108375E-06  2.46344519E-07
  665.  8.00120141E-06  2.28334535E-07
  670.  8.02498361E-06  2.27267094E-07
  675.  7.61230914E-06  2.24091603E-07
  680.  6.54913305E-06  1.92967227E-07
  685.  6.49891114E-06  1.94875862E-07
  690.  6.3360722E-06  1.89010974E-07
  695.  6.12489016E-06  1.83967882E-07
  700.  5.95903291E-06  1.82943091E-07
  705.  5.48818055E-06  1.744147E-07
  710.  5.09689604E-06  1.63267788E-07
  715.  5.23845549E-06  1.64492143E-07
  720.  4.64767634E-06  1.51419978E-07
  725.  4.64273094E-06  1.53642949E-07
  730.  4.44218629E-06  1.55091598E-07
  735.  4.15542975E-06  1.40127317E-07
  740.  4.11645971E-06  1.4495018E-07
  745.  3.72617085E-06  1.28435236E-07
  750.  3.7502684E-06  1.44295891E-07
  755.  3.41823038E-06  1.25308935E-07
  760.  3.3668414E-06  1.22357269E-07
  765.  3.01243282E-06  1.09513071E-07
  770.  3.12100765E-06  1.25848264E-07
  775.  2.99777164E-06  1.13621599E-07
  780.  2.87035962E-06  1.1254101E-07
  785.  2.65276215E-06  1.08661793E-07
  790.  2.64771484E-06  1.00318743E-07
  795.  2.52514675E-06  1.10058484E-07
