  100.  0.0821366602  2.93341501E-05
  126.  0.0147219157  9.59207613E-06
  152.  0.00598547143  5.60607892E-06
  178.  0.00296506253  3.68169968E-06
  204.  0.00161951867  2.56917742E-06
  230.  0.000944364217  1.87088404E-06
  256.  0.000575067911  1.38939703E-06
  282.  0.000364048249  1.05108054E-06
  308.  0.000236257171  8.09787833E-07
  334.  0.000158571614  6.3986336E-07
  360.  0.000107611974  5.01596256E-07
  386.  7.52730147E-05  4.05908863E-07
  412.  5.27388678E-05  3.21910488E-07
  438.  3.81484178E-05  2.65746131E-07
  464.  2.73220522E-05  2.16436516E-07
  490.  2.02621597E-05  1.80141777E-07
  516.  1.50694585E-05  1.45998617E-07
  542.  1.13151988E-05  1.2324187E-07
  568.  8.58432994E-06  1.04660609E-07
  594.  6.62960848E-06  8.72286331E-08
  620.  5.10610706E-06  7.49422797E-08
  646.  4.04706249E-06  6.47195291E-08
  672.  3.05253226E-06  5.29259499E-08
  698.  2.54256787E-06  4.8829657E-08
  724.  2.0145792E-06  4.23725106E-08
  750.  1.62383082E-06  3.60972855E-08
  776.  1.27663151E-06  3.05228305E-08
  802.  1.05087232E-06  2.79947211E-08
  828.  8.59605919E-07  2.38008622E-08
  854.  6.7256858E-07  2.10162847E-08
  880.  5.51094823E-07  1.67492736E-08
  906.  4.83955467E-07  1.5527439E-08
  932.  3.74571986E-07  1.31144892E-08
  958.  3.03721215E-07  1.10237634E-08
  984.  2.69073423E-07  1.0706807E-08
  1010.  2.16553985E-07  8.89254224E-09
  1036.  1.8305988E-07  8.21675772E-09
  1062.  1.69109722E-07  8.40514287E-09
  1088.  1.33309049E-07  7.5539084E-09
  1114.  1.09533795E-07  6.32765972E-09
  1140.  1.01255468E-07  6.2857479E-09
  1166.  8.57924477E-08  5.43146983E-09
  1192.  6.75081183E-08  4.60838313E-09
  1218.  6.32552445E-08  4.76227746E-09
  1244.  5.03072373E-08  3.21298229E-09
  1270.  3.98916155E-08  3.12816562E-09
  1296.  3.58612374E-08  2.64587096E-09
  1322.  3.1307996E-08  2.25199038E-09
  1348.  2.5607698E-08  2.13772458E-09
  1374.  2.19925194E-08  2.37184459E-09
  1400.  1.83643617E-08  1.68144102E-09
  1426.  1.48675313E-08  1.67396095E-09
  1452.  1.37463285E-08  1.35326312E-09
  1478.  1.08660285E-08  1.01812796E-09
  1504.  9.94497612E-09  1.39820694E-09
  1530.  1.00331561E-08  1.25261775E-09
  1556.  7.19779863E-09  8.25332803E-10
  1582.  8.41707597E-09  1.06972361E-09
  1608.  6.92640857E-09  9.68589672E-10
  1634.  6.10521857E-09  7.90706581E-10
  1660.  5.68536763E-09  1.05282988E-09
  1686.  4.18552454E-09  4.82478701E-10
  1712.  3.68458921E-09  4.35419661E-10
  1738.  3.27754622E-09  5.72011037E-10
  1764.  3.7130472E-09  6.8635146E-10
  1790.  2.17748825E-09  3.39169962E-10
  1816.  2.93493438E-09  5.30671971E-10
  1842.  1.94089441E-09  3.3366962E-10
  1868.  1.7727003E-09  4.13305259E-10
  1894.  1.49444037E-09  2.85119438E-10
  1920.  1.45626832E-09  2.31676845E-10
  1946.  1.83815033E-09  4.6132784E-10
  1972.  1.28262714E-09  4.20382373E-10
  1998.  7.19779071E-10  1.15167898E-10
  2024.  6.60124795E-10  1.30803166E-10
  2050.  6.95957822E-10  1.65673351E-10
  2076.  7.1903468E-10  2.1618519E-10
  2102.  6.30890669E-10  1.42723901E-10
  2128.  5.39122009E-10  1.15188783E-10
  2154.  4.65851207E-10  1.49873473E-10
  2180.  5.04095168E-10  1.36100707E-10
  2206.  4.40767219E-10  1.26343976E-10
  2232.  3.19482849E-10  7.74177851E-11
  2258.  3.92065025E-10  1.18136431E-10
  2284.  2.03375825E-10  4.67480294E-11
  2310.  2.37546078E-10  4.87239849E-11
  2336.  3.96261486E-10  1.60326002E-10
  2362.  1.66637273E-10  3.85653755E-11
  2388.  1.25232673E-10  4.87008061E-11
  2414.  2.07062838E-10  5.84088714E-11
  2440.  1.51862931E-10  5.71739511E-11
  2466.  1.60779433E-10  4.81185176E-11
  2492.  1.15300246E-10  2.87422409E-11
  2518.  4.81932582E-11  1.62415737E-11
  2544.  7.87847158E-11  2.98812231E-11
  2570.  8.30071485E-11  2.45917907E-11
  2596.  1.05926661E-10  4.32924986E-11
  2622.  9.59500339E-11  2.68381981E-11
  2648.  4.90431303E-11  1.32269308E-11
  2674.  5.36592534E-11  2.4647258E-11
  2700.  2.31975409E-11  9.64024273E-12
  2726.  4.42201162E-11  1.76592789E-11
  2752.  3.48816605E-11  1.0695748E-11
  2778.  3.45158336E-11  1.30061762E-11
  2804.  2.93310654E-11  1.30137732E-11
  2830.  1.86327213E-11  7.53455617E-12
  2856.  3.57300445E-11  1.16005201E-11
  2882.  6.33707271E-11  4.06987731E-11
  2908.  9.01229436E-12  3.54189336E-12
  2934.  2.24928883E-11  7.60832205E-12
  2960.  2.54767329E-11  1.10726599E-11
  2986.  6.44321329E-12  2.21677778E-12
  3012.  9.42406089E-12  3.12451761E-12
  3038.  1.48366216E-11  8.10051442E-12
  3064.  4.52134093E-12  2.00932799E-12
  3090.  1.23567782E-11  5.58331172E-12
  3116.  2.83235791E-11  1.96489134E-11
  3142.  4.43170253E-12  2.82608829E-12
  3168.  2.91939524E-12  1.42598281E-12
  3194.  5.58928182E-12  2.53821959E-12
  3220.  4.32529384E-12  1.46620816E-12
  3246.  2.75439152E-12  1.75548758E-12
  3272.  5.50071217E-12  4.02204409E-12
  3298.  3.87265213E-12  1.41124479E-12
  3324.  1.85827717E-11  1.37825088E-11
  3350.  2.48347122E-12  2.20930687E-12
  3376.  6.11152754E-12  3.20357225E-12
  3402.  4.03163881E-12  2.07710963E-12
  3428.  4.00299488E-13  2.52240724E-13
  3454.  1.31065828E-12  6.72649301E-13
  3480.  4.02379567E-12  2.73315476E-12
  3506.  1.06491923E-13  6.52700169E-14
  3532.  8.59276863E-13  4.47674759E-13
  3558.  4.89570813E-13  2.27892858E-13
  3584.  1.74368034E-12  9.20128857E-13
  3610.  1.16636288E-12  9.93341335E-13
  3636.  5.89085829E-14  2.8079554E-14
  3662.  2.11748009E-12  1.19127769E-12
  3688.  7.77388798E-13  3.72730132E-13
  3714.  1.61800799E-12  9.79762238E-13
  3740.  3.13067354E-13  1.3879717E-13
  3766.  2.40803353E-12  1.6163734E-12
  3792.  7.14859249E-13  5.82525533E-13
  3818.  2.82658196E-12  2.70581269E-12
  3844.  2.89038279E-14  1.23362948E-14
  3870.  1.4144133E-13  7.91534713E-14
  3896.  1.66037736E-13  9.24573736E-14
  3922.  1.73496274E-13  1.63382265E-13
  3948.  5.84907196E-13  4.91990516E-13
  3974.  1.64152061E-15  9.09940422E-16
