  20.  1.28659817  0.00102908977
  20.5  1.73167923  0.00119677129
  21.  1.95584361  0.0012707103
  21.5  2.09337197  0.00131305405
  22.  2.20711496  0.00134657093
  22.5  2.31478886  0.00137750772
  23.  2.42999461  0.0014097939
  23.5  2.54931476  0.00143916855
  24.  2.68062996  0.00146948085
  24.5  2.83250219  0.00149978785
  25.  2.98436193  0.00153000135
  25.5  3.0708004  0.00155742755
  26.  3.13586852  0.00158374674
  26.5  3.19366404  0.00160984145
  27.  3.25260454  0.00163456047
  27.5  3.31552045  0.00166099368
  28.  3.38381959  0.00168748934
  28.5  3.44988587  0.00171138139
  29.  3.52399976  0.0017372614
  29.5  3.60301007  0.00176421827
  30.  3.6818918  0.00178984913
  30.5  3.76359715  0.00181481736
  31.  3.85391489  0.00184168292
  31.5  3.9479147  0.00186852009
  32.  4.04107293  0.0018947277
  32.5  4.1433941  0.00192207676
  33.  4.24864937  0.00194969579
  33.5  4.36364339  0.00197861652
  34.  4.48090528  0.00200764582
  34.5  4.6103574  0.00203872368
  35.  4.74363814  0.00206972774
  35.5  4.88773633  0.00210264849
  36.  5.04529238  0.00213776088
  36.5  5.21073355  0.00217409244
  37.  5.3951333  0.00221395155
  37.5  5.5857074  0.00225440618
  38.  5.7905504  0.00229773283
  38.5  6.01227666  0.00234329241
  39.  6.24541887  0.00239115746
  39.5  6.49612998  0.00244234246
  40.  6.75469063  0.00249464585
  40.5  7.02483183  0.00254859958
  41.  7.29083306  0.002600998
  41.5  7.55431142  0.00265187079
  42.  7.79705427  0.00269831829
  42.5  8.01193583  0.00273734426
  43.  8.1786543  0.00276631922
  43.5  8.27748858  0.00278001528
  44.  8.30535399  0.0027758527
  44.5  8.25567546  0.00275294502
  45.  7.93313713  0.00268509244
  45.5  6.78766462  0.00249263063
  46.  5.36327241  0.00223374093
  46.5  4.33231001  0.00201296363
  47.  3.54303345  0.00181611853
  47.5  2.89358017  0.00163265995
  48.  2.34382756  0.00145743072
  48.5  1.88489852  0.00129347095
  49.  1.50855301  0.00114276505
  49.5  1.20782332  0.00100913481
  50.  0.964016207  0.000887195432
  50.5  0.772023863  0.000780440917
  51.  0.621546306  0.000685590816
  51.5  0.50387714  0.000603339177
  52.  0.411938408  0.000531968893
  52.5  0.339593205  0.000470397994
  53.  0.285097011  0.000419963991
  53.5  0.241165147  0.000375194794
  54.  0.206805785  0.000337527881
  54.5  0.179705545  0.000306088571
  55.  0.158633832  0.000280373743
  55.5  0.141872054  0.000259072588
  56.  0.12845255  0.000241686852
  56.5  0.116707014  0.000225267117
  57.  0.107152078  0.000213222354
  57.5  0.0993559035  0.000201806311
  58.  0.0921915593  0.000192672024
  58.5  0.0857063062  0.000183148569
  59.  0.0804488961  0.00017566535
  59.5  0.0753790839  0.000169580364
  60.  0.0708031984  0.000162910633
  60.5  0.066560431  0.000156288379
  61.  0.0627751308  0.000150622332
  61.5  0.059622088  0.000145918705
  62.  0.0562840602  0.000140939036
  62.5  0.0533293085  0.000136725584
  63.  0.0506523574  0.000132524552
  63.5  0.0480871833  0.0001286335
  64.  0.0458013  0.000124800672
  64.5  0.043770876  0.000122049084
  65.  0.0415927799  0.000118309656
  65.5  0.0396967027  0.000114930631
  66.  0.0380817643  0.000112420197
  66.5  0.036406288  0.000109493003
  67.  0.034857138  0.000106792023
  67.5  0.033375816  0.000104730292
  68.  0.0319311594  0.000101894159
  68.5  0.0307310784  9.99511598E-05
  69.  0.0295932005  9.76543407E-05
  69.5  0.0283939233  9.52876594E-05
  70.  0.0272376716  9.28684626E-05
  70.5  0.0263342614  9.10946063E-05
  71.  0.0252042352  8.84258332E-05
  71.5  0.0242843726  8.70673936E-05
  72.  0.0234379637  8.51373887E-05
  72.5  0.0225628078  8.34455765E-05
  73.  0.0217395217  8.12881137E-05
  73.5  0.0211672808  8.05184934E-05
  74.  0.0203124458  7.83857891E-05
  74.5  0.0195428159  7.60752595E-05
  75.  0.0190087789  7.57585011E-05
  75.5  0.0182781883  7.34493316E-05
  76.  0.0176391616  7.20367028E-05
  76.5  0.0172183606  7.13229481E-05
  77.  0.0164920221  6.86674472E-05
  77.5  0.0159360036  6.80753408E-05
  78.  0.01549548  6.69397769E-05
  78.5  0.0151497254  6.59928759E-05
  79.  0.0144979249  6.40203991E-05
  79.5  0.0141447761  6.33878152E-05
  80.  0.0136553742  6.15649375E-05
  80.5  0.0133561528  6.12873356E-05
  81.  0.0129064677  5.97044622E-05
  81.5  0.0125207878  5.8777883E-05
  82.  0.0121629423  5.76737427E-05
  82.5  0.0117951317  5.67408625E-05
  83.  0.0114722894  5.5964933E-05
  83.5  0.0110223666  5.4115707E-05
  84.  0.0107320623  5.36548544E-05
  84.5  0.010465363  5.29825645E-05
  85.  0.0103188308  5.27307575E-05
  85.5  0.0099401924  5.15069156E-05
  86.  0.00961639669  5.0147183E-05
  86.5  0.0093320042  4.90565889E-05
  87.  0.00915252354  4.83154953E-05
  87.5  0.00888290736  4.79336144E-05
  88.  0.00863730847  4.69971122E-05
  88.5  0.0084108568  4.63235419E-05
  89.  0.00821420007  4.60206999E-05
  89.5  0.00793944138  4.46730636E-05
  90.  0.00775955137  4.44209685E-05
  90.5  0.0076157004  4.3797212E-05
  91.  0.00731903903  4.25188672E-05
  91.5  0.00722021738  4.27373594E-05
  92.  0.00695565707  4.13325212E-05
  92.5  0.00677330095  4.09233147E-05
  93.  0.00664993864  4.06804541E-05
  93.5  0.00647428102  3.9903318E-05
  94.  0.0063037499  3.90550237E-05
  94.5  0.00614802689  3.83797396E-05
