  50.  0.230040081  7.54513933E-05
  63.  0.0308493043  1.96181182E-05
  76.  0.012344362  1.1456812E-05
  89.  0.0060633859  7.52724636E-06
  102.  0.00330298704  5.27281809E-06
  115.  0.00192549667  3.85143196E-06
  128.  0.00118472631  2.89839389E-06
  141.  0.000756121049  2.23138047E-06
  154.  0.0004985839  1.73186035E-06
  167.  0.000337930342  1.38061004E-06
  180.  0.000236749489  1.11567126E-06
  193.  0.000167817359  9.04992429E-07
  206.  0.000121518935  7.42914874E-07
  219.  8.99801123E-05  6.28244874E-07
  232.  6.70537029E-05  5.22910107E-07
  245.  5.03861162E-05  4.39312464E-07
  258.  3.82529079E-05  3.67555523E-07
  271.  2.92501212E-05  3.12209315E-07
  284.  2.35913558E-05  2.79140008E-07
  297.  1.83238032E-05  2.32208709E-07
  310.  1.47427937E-05  2.14357473E-07
  323.  1.14131947E-05  1.65021663E-07
  336.  9.43399669E-06  1.57580625E-07
  349.  7.72719316E-06  1.34268135E-07
  362.  6.28450528E-06  1.16300776E-07
  375.  5.05511272E-06  1.05830719E-07
  388.  4.18001209E-06  8.90136252E-08
  401.  3.46972851E-06  8.1462174E-08
  414.  2.99978505E-06  7.49212648E-08
  427.  2.54744514E-06  7.33009806E-08
  440.  2.10993226E-06  6.19319918E-08
  453.  1.68612376E-06  5.80465445E-08
  466.  1.47363215E-06  4.45080789E-08
  479.  1.20902642E-06  4.0319923E-08
  492.  1.04467006E-06  3.61176812E-08
  505.  8.91470298E-07  3.45171144E-08
  518.  7.66181929E-07  2.90149434E-08
  531.  6.93225709E-07  2.92953059E-08
  544.  5.80448178E-07  2.52708106E-08
  557.  5.04917093E-07  2.25309049E-08
  570.  4.56566098E-07  2.35826584E-08
  583.  3.65209993E-07  1.85091168E-08
  596.  3.06585325E-07  1.56106783E-08
  609.  2.86418114E-07  1.35863697E-08
  622.  2.51823178E-07  1.35135962E-08
  635.  2.2806131E-07  1.27198653E-08
  648.  1.69703268E-07  1.2606594E-08
  661.  1.68372511E-07  1.0953377E-08
  674.  1.64846426E-07  1.66104042E-08
  687.  1.32070224E-07  9.80869517E-09
  700.  1.0809004E-07  7.00945716E-09
  713.  9.23945376E-08  8.22639125E-09
  726.  9.8516345E-08  8.1873338E-09
  739.  7.11519748E-08  6.08640898E-09
  752.  6.25130481E-08  5.92751218E-09
  765.  5.48747799E-08  4.50335473E-09
  778.  6.04917781E-08  5.30926275E-09
  791.  4.55611126E-08  4.06637024E-09
  804.  4.23549684E-08  4.73827926E-09
  817.  3.36439102E-08  2.90927455E-09
  830.  3.14204071E-08  3.10621138E-09
  843.  2.74171759E-08  3.23961055E-09
  856.  2.53462879E-08  2.73738518E-09
  869.  1.87191699E-08  2.04444738E-09
  882.  2.04453046E-08  2.25677495E-09
  895.  1.92404134E-08  1.97134782E-09
  908.  1.83637699E-08  2.97707604E-09
  921.  1.40398983E-08  1.95485105E-09
  934.  1.58212695E-08  2.70428461E-09
  947.  1.40221904E-08  1.850235E-09
  960.  1.2286649E-08  2.2366632E-09
  973.  8.23115049E-09  1.19072008E-09
  986.  1.14403579E-08  1.8271889E-09
  999.  4.75368794E-09  5.97367871E-10
  1012.  9.43439962E-09  1.54707919E-09
  1025.  8.68047407E-09  1.50835573E-09
  1038.  6.41405474E-09  1.1245311E-09
  1051.  5.01434877E-09  7.51476031E-10
  1064.  5.27197571E-09  8.29527533E-10
  1077.  4.56152526E-09  1.04279396E-09
  1090.  2.70251721E-09  4.04153819E-10
  1103.  3.92575632E-09  7.34638085E-10
  1116.  2.4764965E-09  6.89381469E-10
  1129.  2.39256687E-09  4.86235027E-10
  1142.  2.55206428E-09  4.5116213E-10
  1155.  2.05067716E-09  3.66671673E-10
  1168.  2.36198552E-09  4.53939371E-10
  1181.  2.3451188E-09  5.58574024E-10
  1194.  1.79904483E-09  2.62304741E-10
  1207.  1.98642461E-09  5.40697601E-10
  1220.  1.57284083E-09  3.7944527E-10
  1233.  1.3217887E-09  2.31492187E-10
  1246.  9.82820593E-10  2.18241119E-10
  1259.  1.14201117E-09  2.4196606E-10
  1272.  7.88849813E-10  1.72267004E-10
  1285.  8.53247757E-10  2.52307278E-10
  1298.  1.03675335E-09  2.5654482E-10
  1311.  7.11100172E-10  1.62346013E-10
  1324.  8.05362795E-10  2.57977704E-10
  1337.  7.39130317E-10  2.05881716E-10
  1350.  6.88575139E-10  2.09648361E-10
  1363.  6.6442849E-10  1.94293686E-10
  1376.  4.58701095E-10  1.18883495E-10
  1389.  1.017734E-09  3.95586837E-10
  1402.  4.43119403E-10  1.46220364E-10
  1415.  2.50652425E-10  5.68347414E-11
  1428.  3.25893689E-10  1.04445823E-10
  1441.  3.6826852E-10  1.46961388E-10
  1454.  3.01135045E-10  7.42333912E-11
  1467.  1.99005147E-10  6.83448879E-11
  1480.  2.32804322E-10  8.32996681E-11
  1493.  2.29253979E-10  6.48128931E-11
  1506.  1.48675472E-10  3.42659049E-11
  1519.  1.92920929E-10  8.38345951E-11
  1532.  1.19242005E-10  3.83702204E-11
  1545.  7.8328969E-11  2.17993998E-11
  1558.  1.99149136E-10  9.47000044E-11
  1571.  3.37011661E-10  1.98402524E-10
  1584.  2.00497091E-10  8.46229987E-11
  1597.  1.09089824E-10  3.30132212E-11
  1610.  1.1683939E-10  6.52985969E-11
  1623.  9.92432518E-11  3.64604576E-11
  1636.  5.53336233E-11  2.7668954E-11
  1649.  5.16321511E-11  1.78854719E-11
  1662.  3.80493495E-11  1.0219891E-11
  1675.  1.01878157E-10  3.7363168E-11
  1688.  2.14840978E-10  1.68395494E-10
  1701.  8.05815142E-11  2.43357869E-11
  1714.  4.51418006E-11  1.82566605E-11
  1727.  5.27750471E-11  1.72082116E-11
  1740.  4.1449058E-11  2.31931327E-11
  1753.  2.90393664E-11  1.11661746E-11
  1766.  4.33543679E-11  1.75419819E-11
  1779.  6.02192692E-11  4.00105972E-11
  1792.  2.16112222E-11  1.17819188E-11
  1805.  2.23864127E-11  8.27989942E-12
  1818.  2.12399665E-11  1.11365218E-11
  1831.  9.14133987E-12  5.35514388E-12
  1844.  5.21056178E-11  3.43281242E-11
  1857.  1.39883941E-11  5.60035631E-12
  1870.  6.42483641E-12  2.7585568E-12
  1883.  4.52139972E-11  2.51381635E-11
  1896.  3.6340407E-11  2.59552704E-11
  1909.  4.41335408E-11  2.91055848E-11
  1922.  5.99126887E-12  2.46349122E-12
  1935.  1.41081393E-11  1.15124477E-11
  1948.  8.98119444E-11  8.02321344E-11
  1961.  5.1705934E-12  2.28145854E-12
  1974.  9.43492127E-12  5.07406124E-12
  1987.  1.80251206E-11  8.30900077E-12
