  200.  0.00384098687  1.02812166E-05
  205.  0.00341909974  9.58453201E-06
  210.  0.00308372553  9.05339141E-06
  215.  0.00276808433  8.47972843E-06
  220.  0.00249361259  7.94473425E-06
  225.  0.0022632495  7.56185457E-06
  230.  0.00203452316  7.06844384E-06
  235.  0.00184731548  6.66227459E-06
  240.  0.0016672502  6.25531032E-06
  245.  0.00152771288  5.94626907E-06
  250.  0.00137748786  5.56507481E-06
  255.  0.00126699253  5.30901517E-06
  260.  0.00115260796  5.02702561E-06
  265.  0.00104684769  4.67378445E-06
  270.  0.000960963012  4.48609063E-06
  275.  0.000891710562  4.29950015E-06
  280.  0.000821964849  4.14066511E-06
  285.  0.000751702554  3.89098764E-06
  290.  0.000691182211  3.66758251E-06
  295.  0.00064131608  3.5444564E-06
  300.  0.000584756297  3.32514646E-06
  305.  0.000542945413  3.19229692E-06
  310.  0.000499011464  3.02955541E-06
  315.  0.000459504754  2.86065305E-06
  320.  0.000432848542  2.76949794E-06
  325.  0.000401977068  2.67143052E-06
  330.  0.000369768332  2.50761613E-06
  335.  0.000345933655  2.4361975E-06
  340.  0.00031996656  2.28796243E-06
  345.  0.000299207174  2.23873527E-06
  350.  0.00027746045  2.13165036E-06
  355.  0.000255770052  2.00756781E-06
  360.  0.000243161179  1.97518694E-06
  365.  0.000223990583  1.85300832E-06
  370.  0.000208028533  1.77899103E-06
  375.  0.00019077096  1.67189156E-06
  380.  0.000179705353  1.61490044E-06
  385.  0.000165470766  1.51547354E-06
  390.  0.000157572078  1.49368425E-06
  395.  0.000146007176  1.40813011E-06
  400.  0.00013947876  1.37755944E-06
  405.  0.000130498907  1.3205222E-06
  410.  0.000121174621  1.25631234E-06
  415.  0.000115980423  1.25938548E-06
  420.  0.000106121081  1.15501812E-06
  425.  0.000100018704  1.1077846E-06
  430.  9.42407768E-05  1.06293642E-06
  435.  8.81189479E-05  1.0282033E-06
  440.  8.19923957E-05  9.66688194E-07
  445.  7.79010616E-05  9.43696391E-07
  450.  7.32344506E-05  9.0569222E-07
  455.  6.86765068E-05  8.77220987E-07
  460.  6.4082284E-05  8.2095661E-07
  465.  6.03160153E-05  7.99084126E-07
  470.  5.75704936E-05  7.92665391E-07
  475.  5.29987254E-05  7.33306637E-07
  480.  5.09387024E-05  7.21806572E-07
  485.  4.76254455E-05  6.76699284E-07
  490.  4.53268545E-05  6.58549259E-07
  495.  4.25621757E-05  6.49658749E-07
  500.  4.07084292E-05  6.32460385E-07
  505.  3.79763123E-05  5.97720944E-07
  510.  3.53843998E-05  5.60627577E-07
  515.  3.40625001E-05  5.60740283E-07
  520.  3.17932865E-05  5.34267926E-07
  525.  2.93361995E-05  4.92772149E-07
  530.  2.8309938E-05  4.75821089E-07
  535.  2.73945853E-05  4.87025449E-07
  540.  2.50488911E-05  4.45991434E-07
  545.  2.37883311E-05  4.36913576E-07
  550.  2.23922687E-05  4.12081037E-07
  555.  2.21428374E-05  4.21919183E-07
  560.  2.11329235E-05  4.10778257E-07
  565.  1.8808057E-05  3.6097712E-07
  570.  1.87100751E-05  3.73140028E-07
  575.  1.72896994E-05  3.63522572E-07
  580.  1.67803749E-05  3.37226223E-07
  585.  1.56845558E-05  3.23180623E-07
  590.  1.48872133E-05  3.12309414E-07
  595.  1.43022328E-05  3.09878725E-07
  600.  1.34543279E-05  2.96833257E-07
  605.  1.28590707E-05  2.82125035E-07
  610.  1.18913384E-05  2.69714417E-07
  615.  1.14548392E-05  2.7230718E-07
  620.  1.04140963E-05  2.45756274E-07
  625.  1.05083584E-05  2.54951197E-07
  630.  9.72654485E-06  2.4147473E-07
  635.  9.13002393E-06  2.24617995E-07
  640.  9.15394264E-06  2.31521983E-07
  645.  8.37482578E-06  2.18228977E-07
  650.  8.13598751E-06  2.11886727E-07
  655.  7.71905729E-06  2.00567489E-07
  660.  7.49687047E-06  2.0605858E-07
  665.  6.85796873E-06  1.94353836E-07
  670.  6.8972033E-06  1.96674902E-07
  675.  6.45901288E-06  1.8391366E-07
  680.  5.68233728E-06  1.6789954E-07
  685.  5.58509414E-06  1.71300092E-07
  690.  5.47489342E-06  1.61207051E-07
  695.  5.1495278E-06  1.49163861E-07
  700.  5.17388641E-06  1.6073201E-07
  705.  4.67833156E-06  1.47001533E-07
  710.  4.40858075E-06  1.38619357E-07
  715.  4.49344941E-06  1.42160324E-07
  720.  4.0951002E-06  1.33198491E-07
  725.  4.00459282E-06  1.32279695E-07
  730.  3.70801997E-06  1.26177586E-07
  735.  3.66694335E-06  1.20965595E-07
  740.  3.54435449E-06  1.23593379E-07
  745.  3.07582376E-06  1.0224179E-07
  750.  3.15758042E-06  1.18929434E-07
  755.  3.00213946E-06  1.09849877E-07
  760.  2.88272437E-06  1.05403346E-07
  765.  2.5879288E-06  9.35472502E-08
  770.  2.67747804E-06  1.09995228E-07
  775.  2.63073537E-06  1.02243444E-07
  780.  2.4761821E-06  9.97409712E-08
  785.  2.20308598E-06  8.90479849E-08
  790.  2.31814541E-06  8.790017E-08
  795.  2.09552882E-06  9.19404627E-08
  800.  2.14220717E-06  9.79303639E-08
  805.  1.97859853E-06  8.28063563E-08
  810.  1.85458513E-06  7.3840002E-08
  815.  1.67958433E-06  7.23455741E-08
  820.  1.91409659E-06  9.41465271E-08
  825.  1.65050893E-06  7.17954872E-08
  830.  1.48967718E-06  6.40978539E-08
  835.  1.5194391E-06  7.44518471E-08
  840.  1.47907623E-06  6.5289075E-08
  845.  1.40367135E-06  6.61130235E-08
  850.  1.40642361E-06  7.13474434E-08
  855.  1.17155068E-06  6.13466478E-08
  860.  1.14695642E-06  5.5207405E-08
  865.  1.13825147E-06  5.94425378E-08
  870.  1.11454983E-06  5.7684084E-08
  875.  1.16054187E-06  6.55206346E-08
  880.  1.07090819E-06  5.56237889E-08
  885.  9.64268719E-07  4.84652283E-08
  890.  9.89897606E-07  5.57915288E-08
  895.  8.96142192E-07  4.58773643E-08
  900.  8.77229178E-07  4.92062197E-08
  905.  7.63523382E-07  3.59123217E-08
  910.  8.10238637E-07  4.16111159E-08
  915.  7.62235513E-07  4.08388459E-08
  920.  7.15331219E-07  3.79306646E-08
  925.  8.23812469E-07  5.18011463E-08
  930.  6.92279116E-07  4.00347291E-08
  935.  6.77050485E-07  4.13801529E-08
  940.  6.49455071E-07  4.2168439E-08
  945.  6.11230599E-07  3.50465813E-08
