 -0.1  636.825658  0.0512645552
  0.300666667  645.696584  0.0515469576
  0.701333333  348.451916  0.0380307809
  1.102  143.639898  0.0242220899
  1.50266667  48.0506272  0.013695043
  1.90333333  13.6827226  0.00705849772
  2.304  3.38320789  0.00334495009
  2.70466667  0.737367216  0.00143728509
  3.10533333  0.157440592  0.000543782303
  3.506  0.0447014932  0.000177362693
  3.90666667  0.0208080863  7.45716521E-05
  4.30733333  0.0119121584  5.06536871E-05
  4.708  0.00737359862  3.7641452E-05
  5.10866667  0.0047483732  2.88344194E-05
  5.50933333  0.00313990957  2.24831384E-05
  5.91  0.00218189376  1.79782153E-05
  6.31066667  0.00151628563  1.4297127E-05
  6.71133333  0.00109607168  1.17607217E-05
  7.112  0.000791764559  9.65549865E-06
  7.51266667  0.000602456171  8.15175387E-06
  7.91333333  0.000451670299  6.80536125E-06
  8.314  0.000341292419  5.73786068E-06
  8.71466667  0.000267504812  4.92187523E-06
  9.11533333  0.000198264437  4.02049183E-06
  9.516  0.000161046319  3.57836802E-06
  9.91666667  0.000125489752  3.01678351E-06
  10.3173333  9.7472528E-05  2.61733135E-06
  10.718  8.23285272E-05  2.30480722E-06
  11.1186667  6.48340196E-05  1.99384632E-06
  11.5193333  5.42557098E-05  1.77497796E-06
  11.92  4.27679037E-05  1.52827614E-06
  12.3206667  3.53954639E-05  1.38473239E-06
  12.7213333  2.92307716E-05  1.21924176E-06
  13.122  2.50060603E-05  1.07048258E-06
  13.5226667  2.09067432E-05  9.92191015E-07
  13.9233333  1.62122343E-05  8.33555055E-07
  14.324  1.39634265E-05  7.53395872E-07
  14.7246667  1.11161002E-05  6.19899262E-07
  15.1253333  9.87475985E-06  5.93317688E-07
  15.526  8.07889655E-06  5.32042509E-07
  15.9266667  7.49347639E-06  4.82885544E-07
  16.3273333  6.64330162E-06  4.79243338E-07
  16.728  6.41531452E-06  4.49931175E-07
  17.1286667  5.05352684E-06  4.12211274E-07
  17.5293333  4.30646838E-06  3.50008283E-07
  17.93  2.66760598E-06  2.47492887E-07
  18.3306667  3.13015733E-06  3.13109408E-07
  18.7313333  2.48075743E-06  2.56574374E-07
  19.132  2.48261457E-06  2.47313283E-07
  19.5326667  1.81769467E-06  1.98349445E-07
  19.9333333  1.76225797E-06  1.82686367E-07
  20.334  1.57487407E-06  1.66736144E-07
  20.7346667  1.26708186E-06  1.54560454E-07
  21.1353333  1.057444E-06  1.34603071E-07
  21.536  1.2346979E-06  1.51200124E-07
  21.9366667  8.58160646E-07  1.18544036E-07
  22.3373333  8.6202692E-07  1.22835724E-07
  22.738  6.11612762E-07  1.0191518E-07
  23.1386667  5.91134982E-07  1.00986372E-07
  23.5393333  4.75859977E-07  7.70493931E-08
  23.94  4.54317271E-07  8.17919367E-08
  24.3406667  4.42275544E-07  6.99622118E-08
  24.7413333  3.04736342E-07  5.68925959E-08
  25.142  3.11147548E-07  5.64903182E-08
  25.5426667  2.84374881E-07  4.88251957E-08
  25.9433333  3.26860485E-07  6.14015358E-08
  26.344  2.27492148E-07  4.28245376E-08
  26.7446667  2.29750488E-07  4.19583806E-08
  27.1453333  2.66303866E-07  5.58794005E-08
  27.546  1.90900445E-07  4.46042149E-08
  27.9466667  2.2469521E-07  5.36201244E-08
  28.3473333  1.20374557E-07  2.19010291E-08
  28.748  8.75859369E-08  2.01662934E-08
  29.1486667  8.48648407E-08  2.51106791E-08
  29.5493333  7.55916548E-08  1.72579272E-08
  29.95  5.6326617E-08  2.35398871E-08
  30.3506667  8.78578616E-08  2.63613608E-08
  30.7513333  5.66108471E-08  1.79644524E-08
  31.152  6.33543289E-08  1.83063916E-08
  31.5526667  9.77087185E-08  3.01834664E-08
  31.9533333  7.29799862E-08  2.73483454E-08
  32.354  4.44287374E-08  1.23380254E-08
  32.7546667  3.88179552E-08  1.19106447E-08
  33.1553333  4.73839007E-08  1.75224005E-08
  33.556  1.14399087E-08  3.14162889E-09
  33.9566667  1.44461991E-08  4.95350849E-09
  34.3573333  3.26739438E-08  1.03908918E-08
  34.758  3.1578838E-08  1.27163469E-08
  35.1586667  2.3160789E-08  1.00368676E-08
  35.5593333  3.86157945E-08  1.1726313E-08
  35.96  1.58293109E-08  5.58351965E-09
  36.3606667  1.48522382E-08  5.86980945E-09
  36.7613333  1.03157269E-08  3.84201769E-09
  37.162  1.78231721E-08  6.26760415E-09
  37.5626667  1.0027929E-08  3.54277008E-09
  37.9633333  1.83586706E-08  9.20062232E-09
  38.364  1.06054042E-08  9.62978667E-09
  38.7646667  3.63891515E-09  2.0288202E-09
  39.1653333  1.10977435E-08  4.95849865E-09
  39.566  6.06224154E-09  3.4618155E-09
  39.9666667  4.1066894E-09  2.27644448E-09
  40.3673333  4.16374793E-09  1.98711773E-09
  40.768  2.35146983E-09  1.21330248E-09
  41.1686667  4.38820818E-09  2.27460546E-09
  41.5693333  4.83221984E-09  2.97443684E-09
  41.97  1.88277211E-09  1.07795743E-09
  42.3706667  1.97167134E-09  9.8617835E-10
  42.7713333  1.49836643E-09  6.51222914E-10
  43.172  3.19272119E-09  2.09249155E-09
  43.5726667  3.73932519E-09  2.73645865E-09
  43.9733333  1.26222477E-09  1.15141835E-09
  44.374  6.27964091E-09  3.15827123E-09
  44.7746667  8.76675472E-10  6.42173733E-10
  45.1753333  9.38929489E-10  3.97293805E-10
  45.576  2.41085275E-09  2.05489652E-09
  45.9766667  1.6677311E-09  8.90369768E-10
  46.3773333  4.87093808E-10  2.1038289E-10
  46.778  3.33608488E-09  2.37930162E-09
  47.1786667  6.8643669E-10  5.10622974E-10
  47.5793333  3.49021372E-09  2.33157511E-09
  47.98  2.78308381E-09  2.18246213E-09
  48.3806667  3.26378012E-10  2.06115592E-10
  48.7813333  1.89157045E-09  1.08966378E-09
  49.182  6.04027467E-11  4.01745285E-11
  49.5826667  1.33207403E-09  1.24498855E-09
  49.9833333  9.09611724E-11  8.79988334E-11
  50.384  2.34573837E-09  1.15303335E-09
  50.7846667  1.35702884E-09  9.79260642E-10
  51.1853333  2.16566897E-09  2.13078774E-09
  51.586  1.44078666E-09  1.31023564E-09
  51.9866667  8.56505611E-11  8.17997447E-11
  52.3873333  2.14165783E-09  1.98126046E-09
  52.788  8.5158356E-12  5.19378265E-12
  53.1886667  2.62520884E-11  2.35332209E-11
  53.5893333  5.84012399E-11  3.81186348E-11
  53.99  3.19975999E-10  2.36153461E-10
  54.3906667  1.88570445E-10  1.37331743E-10
  54.7913333  1.91838346E-11  1.72345391E-11
  55.192  2.6118525E-10  1.80115985E-10
  55.5926667  3.71564012E-11  3.69696783E-11
  55.9933333  1.83812019E-11  1.20328992E-11
  56.394  1.12506819E-10  9.29422772E-11
  56.7946667  4.63388434E-11  3.55246104E-11
  57.1953333  5.0510215E-11  4.71151647E-11
  57.596  6.43507278E-13  4.8580941E-13
  57.9966667  5.19061179E-10  4.15213002E-10
  58.3973333  7.71075002E-10  7.22732806E-10
  58.798  8.38636456E-10  7.8084958E-10
  59.1986667  1.0135281E-10  5.83962306E-11
  59.5993333  6.71591377E-11  6.6622052E-11
