  20.  5.84687974  0.00398794653
  20.5  8.16091161  0.00472150797
  21.  9.01498068  0.00496890951
  21.5  9.51093664  0.00511564722
  22.  9.97782106  0.00524812414
  22.5  10.4785259  0.00538644445
  23.  10.9894369  0.00551842002
  23.5  11.5504026  0.00565775007
  24.  12.1622656  0.00579092446
  24.5  12.9451669  0.00593495088
  25.  13.748148  0.0060766625
  25.5  14.1789558  0.00620714964
  26.  14.4544594  0.00632815659
  26.5  14.7564219  0.00645768802
  27.  15.0666632  0.00658357637
  27.5  15.3956513  0.00670885704
  28.  15.7611117  0.00684167219
  28.5  16.1393215  0.00697077463
  29.  16.5344286  0.00710103109
  29.5  16.9449165  0.00723207006
  30.  17.3711422  0.00736247355
  30.5  17.8582513  0.00750409682
  31.  18.332354  0.00763937438
  31.5  18.8390318  0.00777875493
  32.  19.3740045  0.00792212172
  32.5  19.9227247  0.00806687664
  33.  20.5018344  0.00821305855
  33.5  21.114224  0.00836521545
  34.  21.7678535  0.0085233128
  34.5  22.4405967  0.0086811241
  35.  23.1518443  0.0088451563
  35.5  23.9288588  0.00901900347
  36.  24.7495287  0.00920053813
  36.5  25.6018068  0.00938309258
  37.  26.5228707  0.0095760177
  37.5  27.5495072  0.00978893802
  38.  28.6260397  0.0100031967
  38.5  29.8195916  0.0102381135
  39.  31.1355391  0.0104920586
  39.5  32.6009281  0.0107700666
  40.  34.2491617  0.0110738732
  40.5  36.1154469  0.0114106001
  41.  38.2906276  0.0117943605
  41.5  40.8498245  0.0122329058
  42.  43.918556  0.0127431557
  42.5  47.7590845  0.0133578436
  43.  52.6217318  0.0141012575
  43.5  58.9174449  0.0150108774
  44.  66.5323886  0.0160540022
  44.5  73.115968  0.0169288365
  45.  72.1837825  0.0168587134
  45.5  58.4256442  0.0150708058
  46.  38.1716781  0.0119518979
  46.5  22.1376024  0.00880675577
  47.  13.0075313  0.00645797068
  47.5  8.34378961  0.00491485842
  48.  5.8573101  0.00390315235
  48.5  4.3941101  0.00320791853
  49.  3.45233315  0.00270227146
  49.5  2.80386595  0.00232049934
  50.  2.32871863  0.0020208461
  50.5  1.97439895  0.00178389271
  51.  1.70324048  0.00159338595
  51.5  1.48576897  0.00143431692
  52.  1.30978177  0.00130165384
  52.5  1.16410354  0.0011884345
  53.  1.04528862  0.00109383986
  53.5  0.941469601  0.00101020519
  54.  0.85533435  0.000938286463
  54.5  0.779258907  0.000874296059
  55.  0.714764738  0.00081883209
  55.5  0.659130874  0.00077026515
  56.  0.608590363  0.000725845113
  56.5  0.565859903  0.000687103908
  57.  0.524785442  0.000650069345
  57.5  0.490070304  0.000617843598
  58.  0.457075307  0.000587689757
  58.5  0.429954276  0.000561933199
  59.  0.403445272  0.00053661096
  59.5  0.379796095  0.000513778305
  60.  0.357410752  0.000492285618
  60.5  0.338311076  0.000473129007
  61.  0.320176981  0.000455120161
  61.5  0.301214214  0.000436179423
  62.  0.28690886  0.000421597797
  62.5  0.272958429  0.000407159619
  63.  0.259269646  0.00039283179
  63.5  0.247275671  0.000380037055
  64.  0.235246001  0.000367428877
  64.5  0.224811885  0.000356335284
  65.  0.215238272  0.000345770235
  65.5  0.20525223  0.000334892549
  66.  0.196086883  0.000324898116
  66.5  0.188115477  0.000315868857
  67.  0.180436248  0.000307156709
  67.5  0.173322886  0.000299097293
  68.  0.166330578  0.000290927155
  68.5  0.159673931  0.000283157411
  69.  0.1533105  0.000275768413
  69.5  0.147803525  0.000269065159
  70.  0.142384015  0.000262734462
  70.5  0.136928132  0.000255759103
  71.  0.131968574  0.000249849319
  71.5  0.12702944  0.000243906553
  72.  0.122592957  0.00023831401
  72.5  0.118488261  0.000233070794
  73.  0.113930183  0.000227162765
  73.5  0.110555952  0.000222821957
  74.  0.106637053  0.000217775348
  74.5  0.103361961  0.000213407784
  75.  0.100122616  0.000209218546
  75.5  0.0962751532  0.000203915702
  76.  0.0938045299  0.000200671781
  76.5  0.0905633552  0.000196157382
  77.  0.0876754376  0.000192307514
  77.5  0.0848630785  0.000188398711
  78.  0.0824659095  0.000184922163
  78.5  0.0797060755  0.000181077704
  79.  0.0777626333  0.000178170664
  79.5  0.0752835474  0.000174573263
  80.  0.0727337001  0.000170947988
  80.5  0.0711785013  0.000168574257
  81.  0.0690077925  0.00016531544
  81.5  0.0666803258  0.00016171347
  82.  0.0650582493  0.000159490744
  82.5  0.0632874385  0.000156731806
  83.  0.0615470305  0.000154056917
  83.5  0.0597948603  0.000151129003
  84.  0.0579964343  0.000148376745
  84.5  0.0565874817  0.000146093152
  85.  0.0551468637  0.000143869662
  85.5  0.0536528292  0.000141454802
  86.  0.0524624248  0.000139573706
  86.5  0.0509274612  0.00013678339
  87.  0.0494377674  0.000134522447
  87.5  0.0482783366  0.000132564262
  88.  0.0472062283  0.000130709338
  88.5  0.0460510775  0.000128659282
  89.  0.0446411419  0.00012649699
  89.5  0.0435104615  0.000124320192
  90.  0.0427250356  0.000123041587
  90.5  0.0416283403  0.000121129377
  91.  0.0404626147  0.000118990323
  91.5  0.0397321671  0.000117666463
  92.  0.0387511483  0.000116019732
  92.5  0.0378454974  0.000114193171
  93.  0.0368001385  0.000112324462
  93.5  0.036053534  0.000110885979
  94.  0.0351990987  0.000109203166
  94.5  0.03426029  0.000107332551
