  50.  2.48271976  0.00410639878
  50.1333333  2.3662874  0.00395908881
  50.2666667  2.26011876  0.00382708717
  50.4  2.16022779  0.00369719726
  50.5333333  2.06871929  0.00358005672
  50.6666667  1.98872455  0.00347235052
  50.8  1.906268  0.00336118027
  50.9333333  1.83787546  0.00326814922
  51.0666667  1.75709736  0.00315964059
  51.2  1.69006683  0.00306800726
  51.3333333  1.62883813  0.00297882209
  51.4666667  1.5685676  0.00289704737
  51.6  1.51323293  0.00281763122
  51.7333333  1.46277066  0.00274543021
  51.8666667  1.4170255  0.00267724236
  52.  1.36956003  0.00260896202
  52.1333333  1.3264237  0.00254401193
  52.2666667  1.2813562  0.00247848155
  52.4  1.2424698  0.002418658
  52.5333333  1.20649539  0.0023645791
  52.6666667  1.16796258  0.00230806368
  52.8  1.13702748  0.00226032805
  52.9333333  1.09810803  0.00220213574
  53.0666667  1.06735459  0.00215443532
  53.2  1.03900329  0.00210849244
  53.3333333  1.01023101  0.00206396892
  53.4666667  0.984186148  0.00202215805
  53.6  0.957011978  0.00198033219
  53.7333333  0.933063317  0.00194216053
  53.8666667  0.907138127  0.00190097299
  54.  0.883705321  0.00186397591
  54.1333333  0.864199231  0.00183048537
  54.2666667  0.841817669  0.00179573471
  54.4  0.820808547  0.00176192529
  54.5333333  0.800865953  0.00172890995
  54.6666667  0.779205305  0.00169254872
  54.8  0.766216864  0.00166987285
  54.9333333  0.743243674  0.00163465774
  55.0666667  0.728856093  0.00160911832
  55.2  0.714241327  0.00158481266
  55.3333333  0.697136056  0.00155519594
  55.4666667  0.680354171  0.0015283932
  55.6  0.6664555  0.00150545102
  55.7333333  0.652981443  0.00148244062
  55.8666667  0.638854813  0.00145725331
  56.  0.627859422  0.00143827785
  56.1333333  0.614793132  0.00141510008
  56.2666667  0.601321594  0.00139332846
  56.4  0.591701832  0.00137466869
  56.5333333  0.576621005  0.00134979088
  56.6666667  0.565282673  0.00133076531
  56.8  0.555782632  0.00131370323
  56.9333333  0.543738686  0.00129220274
  57.0666667  0.53359266  0.00127423336
  57.2  0.522777046  0.00125572816
  57.3333333  0.514514219  0.00124024691
  57.4666667  0.502702384  0.00121997989
  57.6  0.497099988  0.00120808064
  57.7333333  0.486028272  0.00119015373
  57.8666667  0.47780692  0.00117518313
  58.  0.468780607  0.00115866963
  58.1333333  0.460057454  0.0011434947
  58.2666667  0.451232888  0.00112888089
  58.4  0.448469649  0.0011203737
  58.5333333  0.438192703  0.00110211869
  58.6666667  0.431658771  0.00109062691
  58.8  0.4242976  0.00107728538
  58.9333333  0.414054333  0.00105925909
  59.0666667  0.410411903  0.00105195978
  59.2  0.40267658  0.00103799259
  59.3333333  0.395069289  0.00102334676
  59.4666667  0.390197011  0.00101455121
  59.6  0.383229576  0.00100173123
  59.7333333  0.378136873  0.000991603739
  59.8666667  0.369929862  0.00097723847
  60.  0.365455921  0.000968217922
  60.1333333  0.359594203  0.000956858388
  60.2666667  0.35389294  0.000946594915
  60.4  0.348199013  0.000935612883
  60.5333333  0.343415854  0.000926915912
  60.6666667  0.340231141  0.000920660251
  60.8  0.331394262  0.000904215806
  60.9333333  0.327637691  0.000895746315
  61.0666667  0.323865397  0.000889235487
  61.2  0.318549767  0.000878379018
  61.3333333  0.315217484  0.000871620471
  61.4666667  0.309604031  0.000860366678
  61.6  0.304489979  0.000851402354
  61.7333333  0.301129457  0.000843190799
  61.8666667  0.296198173  0.000834402825
  62.  0.293032406  0.000828877792
  62.1333333  0.287830779  0.000818114747
  62.2666667  0.284598402  0.000811660952
  62.4  0.281265441  0.000805326628
  62.5333333  0.276320053  0.000795464514
  62.6666667  0.27307009  0.000789151063
  62.8  0.269062171  0.000781766103
  62.9333333  0.268568041  0.000778226033
  63.0666667  0.262879986  0.000768600056
  63.2  0.258254701  0.000759018395
  63.3333333  0.254374398  0.00075050816
  63.4666667  0.252848943  0.000746888763
  63.6  0.250406532  0.00074237437
  63.7333333  0.245116025  0.000731785447
  63.8666667  0.242263038  0.000725238735
  64.  0.240280094  0.000721101302
  64.1333333  0.235496428  0.000712912903
  64.2666667  0.233789276  0.000708205304
  64.4  0.230342862  0.000701669017
  64.5333333  0.228898801  0.000698058499
  64.6666667  0.225172219  0.000690527463
  64.8  0.222571533  0.000684701325
  64.9333333  0.219508721  0.000679332149
  65.0666667  0.21769084  0.000674265682
  65.2  0.215061674  0.000669608301
  65.3333333  0.211462883  0.000661448988
  65.4666667  0.208512655  0.000654973204
  65.6  0.206079461  0.000650853188
  65.7333333  0.204860589  0.00064750432
  65.8666667  0.201425267  0.000640687604
  66.  0.199372425  0.000636675761
  66.1333333  0.197178883  0.000631104254
  66.2666667  0.196112029  0.00062859166
  66.4  0.192816855  0.000622716113
  66.5333333  0.190434792  0.000616588343
  66.6666667  0.187656578  0.000610804834
  66.8  0.186810381  0.00060923812
  66.9333333  0.184186335  0.000603196591
  67.0666667  0.181487794  0.000597240299
  67.2  0.179789732  0.000593792212
  67.3333333  0.179114581  0.000592048576
  67.4666667  0.17611474  0.000586024967
  67.6  0.175863576  0.000585454667
  67.7333333  0.172216209  0.000576908336
  67.8666667  0.170057542  0.000571693193
  68.  0.168747658  0.000568902126
  68.1333333  0.168006537  0.000566822419
  68.2666667  0.164223223  0.00055835079
  68.4  0.164068888  0.000558337733
  68.5333333  0.161792798  0.000553529933
  68.6666667  0.160781766  0.000550722419
  68.8  0.157922263  0.000544241153
  68.9333333  0.156436369  0.000540140605
  69.0666667  0.154577993  0.000536579114
  69.2  0.153441635  0.000534677577
  69.3333333  0.150978558  0.00052816577
  69.4666667  0.150365396  0.000527146248
  69.6  0.148531652  0.000523451592
  69.7333333  0.147462679  0.000521008557
  69.8666667  0.145361206  0.00051574549
