  500.  4.46273775E-05  4.16430153E-08
  510.  3.96520789E-05  3.82258768E-08
  520.  3.53894294E-05  3.51564258E-08
  530.  3.1500003E-05  3.22835197E-08
  540.  2.8116697E-05  2.9684064E-08
  550.  2.50347592E-05  2.72303989E-08
  560.  2.23415515E-05  2.50139559E-08
  570.  1.9936148E-05  2.29712681E-08
  580.  1.78129841E-05  2.11115489E-08
  590.  1.5871922E-05  1.9341506E-08
  600.  1.41880982E-05  1.77546466E-08
  610.  1.27105932E-05  1.63176525E-08
  620.  1.13504454E-05  1.49576581E-08
  630.  1.01479938E-05  1.37261988E-08
  640.  9.08687551E-06  1.25908128E-08
  650.  8.1357986E-06  1.15433189E-08
  660.  7.28257193E-06  1.05853153E-08
  670.  6.50477967E-06  9.69413296E-09
  680.  5.80334538E-06  8.86574437E-09
  690.  5.18774164E-06  8.11220811E-09
  700.  4.64572407E-06  7.4299076E-09
  710.  4.15077212E-06  6.79334384E-09
  720.  3.71028241E-06  6.20736699E-09
  730.  3.31909095E-06  5.67504577E-09
  740.  2.96583983E-06  5.18244925E-09
  750.  2.65560174E-06  4.73554071E-09
  760.  2.36342924E-06  4.31389749E-09
  770.  2.11382824E-06  3.93685425E-09
  780.  1.89345428E-06  3.59366166E-09
  790.  1.6933835E-06  3.2793512E-09
  800.  1.50570898E-06  2.97968613E-09
  810.  1.34273939E-06  2.70902041E-09
  820.  1.19940706E-06  2.46646651E-09
  830.  1.06838458E-06  2.24060241E-09
  840.  9.55456434E-07  2.04027786E-09
  850.  8.4913679E-07  1.84933713E-09
  860.  7.57784943E-07  1.67981332E-09
  870.  6.70558229E-07  1.51722857E-09
  880.  6.00364484E-07  1.379376E-09
  890.  5.33137495E-07  1.24812516E-09
  900.  4.74100002E-07  1.1297769E-09
  910.  4.22060413E-07  1.0219927E-09
  920.  3.74357332E-07  9.22946074E-10
  930.  3.32388978E-07  8.34217913E-10
  940.  2.94183806E-07  7.51252891E-10
  950.  2.61632638E-07  6.78155508E-10
  960.  2.31435838E-07  6.10666505E-10
  970.  2.0484352E-07  5.49156919E-10
  980.  1.80953702E-07  4.93341319E-10
  990.  1.60030383E-07  4.43463608E-10
  1000.  1.41894947E-07  3.98860232E-10
  1010.  1.25052565E-07  3.57079743E-10
  1020.  1.10016297E-07  3.19538576E-10
  1030.  9.70083653E-08  2.86085906E-10
  1040.  8.52658715E-08  2.55533437E-10
  1050.  7.51381156E-08  2.28226869E-10
  1060.  6.58359761E-08  2.03269384E-10
  1070.  5.81892933E-08  1.81820886E-10
  1080.  5.08526344E-08  1.61518606E-10
  1090.  4.44763152E-08  1.4353079E-10
  1100.  3.86687647E-08  1.26842154E-10
  1110.  3.39446432E-08  1.12916483E-10
  1120.  2.9797497E-08  1.00150318E-10
  1130.  2.58576107E-08  8.83296879E-11
  1140.  2.25865809E-08  7.81763553E-11
  1150.  1.96710545E-08  6.90123397E-11
  1160.  1.70391366E-08  6.06586662E-11
  1170.  1.47809748E-08  5.33818249E-11
  1180.  1.28278219E-08  4.69004647E-11
  1190.  1.11172502E-08  4.11858118E-11
  1200.  9.65614794E-09  3.61708271E-11
  1210.  8.2618687E-09  3.14623679E-11
  1220.  7.13434851E-09  2.74833644E-11
  1230.  6.15702747E-09  2.40244506E-11
  1240.  5.27009874E-09  2.08346776E-11
  1250.  4.56251378E-09  1.81905301E-11
  1260.  3.88774522E-09  1.57360996E-11
  1270.  3.31127977E-09  1.35966839E-11
  1280.  2.83094228E-09  1.17516199E-11
  1290.  2.38212013E-09  1.00596649E-11
  1300.  2.03124234E-09  8.65378175E-12
  1310.  1.73527892E-09  7.46790473E-12
  1320.  1.45955228E-09  6.37924879E-12
  1330.  1.2335861E-09  5.44892169E-12
  1340.  1.04708849E-09  4.66209424E-12
  1350.  8.77497741E-10  3.95735224E-12
  1360.  7.29800153E-10  3.34350585E-12
  1370.  6.08789886E-10  2.82190059E-12
  1380.  5.04548587E-10  2.37472703E-12
  1390.  4.24707284E-10  2.00395602E-12
  1400.  3.53033558E-10  1.68705336E-12
  1410.  2.89869912E-10  1.40504726E-12
  1420.  2.40129156E-10  1.17349841E-12
  1430.  1.97117186E-10  9.76184757E-13
  1440.  1.6124003E-10  8.07067092E-13
  1450.  1.31737022E-10  6.66908354E-13
  1460.  1.06438791E-10  5.46439196E-13
  1470.  8.57054874E-11  4.45748399E-13
  1480.  6.99885037E-11  3.66625748E-13
  1490.  5.58715858E-11  2.97051774E-13
  1500.  4.47910084E-11  2.40499015E-13
  1510.  3.57776999E-11  1.94226601E-13
  1520.  2.81859962E-11  1.55362637E-13
  1530.  2.23646058E-11  1.24635529E-13
  1540.  1.73153565E-11  9.81176713E-14
  1550.  1.3559622E-11  7.77907416E-14
  1560.  1.05298668E-11  6.12109712E-14
  1570.  8.15624249E-12  4.79772523E-14
  1580.  6.21528152E-12  3.73128466E-14
  1590.  4.75226618E-12  2.88456215E-14
  1600.  3.64729425E-12  2.23965554E-14
  1610.  2.69673191E-12  1.69651066E-14
  1620.  2.00120746E-12  1.28515501E-14
  1630.  1.46353661E-12  9.622645E-15
  1640.  1.06729997E-12  7.17083217E-15
  1650.  7.63560747E-13  5.27709353E-15
  1660.  5.41995187E-13  3.8586323E-15
  1670.  3.87107589E-13  2.81589999E-15
  1680.  2.63590338E-13  1.99935216E-15
  1690.  1.78286815E-13  1.4084981E-15
  1700.  1.22007598E-13  9.90591517E-16
  1710.  7.80897753E-14  6.66725172E-16
  1720.  4.99126476E-14  4.43053615E-16
  1730.  3.06790857E-14  2.81985004E-16
  1740.  1.762785E-14  1.6826426E-16
  1750.  9.16689635E-15  8.99228946E-17
  1760.  4.54780987E-15  4.41482095E-17
  1770.  2.11887587E-15  2.08787784E-17
  1780.  1.17116403E-15  1.28437862E-17
  1790.  8.030848E-16  9.56070274E-18
  1800.  6.19194907E-16  7.28583275E-18
  1810.  4.77902779E-16  5.50694284E-18
  1820.  3.6245712E-16  4.08748314E-18
  1830.  2.67107975E-16  2.90065262E-18
  1840.  1.73773575E-16  1.8518781E-18
  1850.  8.57473055E-17  9.25374391E-19
  1860.  2.32938113E-17  2.94864191E-19
  1870.  1.16382854E-18  2.97871751E-20
  1880.  0.  0.
  1890.  0.  0.
  1900.  0.  0.
  1910.  0.  0.
  1920.  1.09515114E-19  2.17887152E-21
  1930.  1.1467324E-18  9.96537816E-21
  1940.  1.40465176E-18  9.66044175E-21
  1950.  2.13786684E-19  1.97219611E-21
  1960.  0.  0.
  1970.  0.  0.
  1980.  0.  0.
  1990.  0.  0.
