  20.  0.000164069627  7.41272021E-07
  20.5  0.000188651403  7.93523633E-07
  21.  0.000215173415  8.47823703E-07
  21.5  0.00024009594  8.94623518E-07
  22.  0.000268482561  9.4637063E-07
  22.5  0.000296280675  9.94161134E-07
  23.  0.000325089787  1.04091989E-06
  23.5  0.00035357039  1.08695742E-06
  24.  0.000385842671  1.1345015E-06
  24.5  0.000414359068  1.17483799E-06
  25.  0.000443739418  1.21734514E-06
  25.5  0.000476277834  1.25964011E-06
  26.  0.000508177115  1.30068193E-06
  26.5  0.000539415905  1.34195478E-06
  27.  0.000572467837  1.38094849E-06
  27.5  0.000606545173  1.42262827E-06
  28.  0.000638431779  1.45938409E-06
  28.5  0.000675536553  1.50071733E-06
  29.  0.000706510398  1.53441134E-06
  29.5  0.000743505833  1.57506883E-06
  30.  0.000778136409  1.61211568E-06
  30.5  0.000810925095  1.64509136E-06
  31.  0.00084729912  1.68093329E-06
  31.5  0.00088057606  1.71296047E-06
  32.  0.000917027397  1.74789713E-06
  32.5  0.000956987035  1.78664919E-06
  33.  0.000989317957  1.814748E-06
  33.5  0.00103042025  1.85361243E-06
  34.  0.00106722626  1.88580433E-06
  34.5  0.00110381069  1.91647242E-06
  35.  0.00113816596  1.94519226E-06
  35.5  0.00117227506  1.97317874E-06
  36.  0.0012118431  2.00679207E-06
  36.5  0.00124510999  2.0318941E-06
  37.  0.00128299347  2.06256653E-06
  37.5  0.00132160124  2.09193996E-06
  38.  0.0013546041  2.11643142E-06
  38.5  0.00139771973  2.14910221E-06
  39.  0.00143315864  2.17640542E-06
  39.5  0.00147005783  2.20114031E-06
  40.  0.00150373254  2.22387601E-06
  40.5  0.00154448951  2.2541852E-06
  41.  0.00158648025  2.28325596E-06
  41.5  0.00162132952  2.30611086E-06
  42.  0.00165709015  2.32948548E-06
  42.5  0.00169936079  2.35912674E-06
  43.  0.00173543593  2.38074007E-06
  43.5  0.00176847015  2.40134743E-06
  44.  0.00181045005  2.42898335E-06
  44.5  0.00185367477  2.45676352E-06
  45.  0.00188500188  2.47369933E-06
  45.5  0.00192602978  2.49937129E-06
  46.  0.00195733889  2.51595298E-06
  46.5  0.00199666557  2.53876447E-06
  47.  0.0020397671  2.56549513E-06
  47.5  0.00207461609  2.58427007E-06
  48.  0.00211269266  2.60566656E-06
  48.5  0.00214889187  2.62480638E-06
  49.  0.00218875782  2.64627269E-06
  49.5  0.00222700741  2.66649433E-06
  50.  0.00226610602  2.68854974E-06
  50.5  0.00230097458  2.70447065E-06
  51.  0.00233888662  2.72445606E-06
  51.5  0.00237574415  2.74306894E-06
  52.  0.00241438428  2.76199427E-06
  52.5  0.00244894034  2.77920217E-06
  53.  0.00248509432  2.79693011E-06
  53.5  0.00253109777  2.82012455E-06
  54.  0.00256737739  2.8370964E-06
  54.5  0.00260377455  2.85308128E-06
  55.  0.00264294334  2.87100753E-06
  55.5  0.0026813943  2.89072263E-06
  56.  0.00271571826  2.9040845E-06
  56.5  0.00275093617  2.91930056E-06
  57.  0.00279120468  2.93909388E-06
  57.5  0.00282872417  2.95470198E-06
  58.  0.00286783953  2.97119468E-06
  58.5  0.00290739139  2.98848903E-06
  59.  0.00294537292  3.00319713E-06
  59.5  0.00298965653  3.02418203E-06
  60.  0.00301990034  3.03391825E-06
  60.5  0.0030612204  3.05101545E-06
  61.  0.00310645981  3.07013332E-06
  61.5  0.00313259679  3.07943531E-06
  62.  0.00317383916  3.09611811E-06
  62.5  0.00321275628  3.110186E-06
  63.  0.00325013108  3.12434039E-06
  63.5  0.00328799664  3.13787504E-06
  64.  0.00332834452  3.15405504E-06
  64.5  0.0033708881  3.17053312E-06
  65.  0.0034076815  3.18286366E-06
  65.5  0.00344659122  3.19650128E-06
  66.  0.00348101048  3.20795578E-06
  66.5  0.00352219539  3.22321866E-06
  67.  0.0035648587  3.23830459E-06
  67.5  0.0036021291  3.25005148E-06
  68.  0.00365600862  3.27118367E-06
  68.5  0.00369181589  3.28335654E-06
  69.  0.00372296939  3.29087047E-06
  69.5  0.00377120792  3.30841386E-06
  70.  0.00381200696  3.32008203E-06
  70.5  0.00385005698  3.33169228E-06
  71.  0.00389100766  3.34424866E-06
  71.5  0.00393466012  3.35870909E-06
  72.  0.00397433146  3.36969139E-06
  72.5  0.00402494773  3.38529946E-06
  73.  0.00406892247  3.39997216E-06
  73.5  0.00412094508  3.41575602E-06
  74.  0.0041593273  3.42458145E-06
  74.5  0.00420559423  3.4387543E-06
  75.  0.0042564907  3.4534394E-06
  75.5  0.00430695437  3.46815121E-06
  76.  0.00435293276  3.47973531E-06
  76.5  0.00439741454  3.49029889E-06
  77.  0.00446298803  3.5107651E-06
  77.5  0.00451052537  3.52151787E-06
  78.  0.00455890152  3.53355075E-06
  78.5  0.00461482207  3.54696794E-06
  79.  0.00466517248  3.55710162E-06
  79.5  0.00472947735  3.57504867E-06
  80.  0.00478813619  3.58836456E-06
  80.5  0.00485665169  3.60444472E-06
  81.  0.00492229245  3.61991933E-06
  81.5  0.0049893194  3.63523595E-06
  82.  0.00505815775  3.64989854E-06
  82.5  0.00513532652  3.66685992E-06
  83.  0.00521892594  3.68689881E-06
  83.5  0.00530183353  3.70289152E-06
  84.  0.00538985912  3.72221907E-06
  84.5  0.00548659138  3.74206424E-06
  85.  0.00558280041  3.76021811E-06
  85.5  0.00569679308  3.78336724E-06
  86.  0.0058173391  3.80757977E-06
  86.5  0.0059442608  3.83026962E-06
  87.  0.00610619952  3.86506468E-06
  87.5  0.00628053337  3.89895262E-06
  88.  0.00648597227  3.93888444E-06
  88.5  0.00673849118  3.98755864E-06
  89.  0.00707184468  4.0521259E-06
  89.5  0.00768853482  4.18237833E-06
  90.  0.00841574631  4.32447346E-06
  90.5  0.0082003239  4.25745778E-06
  91.  0.00799248523  4.19427039E-06
  91.5  0.00780555024  4.13611246E-06
  92.  0.00760284155  4.07303844E-06
  92.5  0.00741412647  4.01213319E-06
  93.  0.00723441469  3.95500967E-06
  93.5  0.00706337933  3.89943127E-06
  94.  0.00689190432  3.84219094E-06
  94.5  0.0067277053  3.78908186E-06
