 -2.5  0.0309941581  3.41585011E-05
 -2.46666667  0.0328599202  3.52683946E-05
 -2.43333333  0.0348276364  3.64370586E-05
 -2.4  0.036766535  3.75192726E-05
 -2.36666667  0.0388570668  3.86585152E-05
 -2.33333333  0.0410779394  3.98885696E-05
 -2.3  0.0432859565  4.10272448E-05
 -2.26666667  0.0456066609  4.22087655E-05
 -2.23333333  0.0480596611  4.34348324E-05
 -2.2  0.0505132367  4.46638282E-05
 -2.16666667  0.0529479288  4.58011706E-05
 -2.13333333  0.0556030566  4.70556158E-05
 -2.1  0.0582371815  4.8269368E-05
 -2.06666667  0.0608594135  4.94396844E-05
 -2.03333333  0.0636593098  5.06686863E-05
 -2.  0.0665276288  5.19008187E-05
 -1.96666667  0.0693002221  5.30616803E-05
 -1.93333333  0.0721948329  5.42854983E-05
 -1.9  0.0751140944  5.54367291E-05
 -1.86666667  0.0780903331  5.66247605E-05
 -1.83333333  0.0809198044  5.76952773E-05
 -1.8  0.0839797623  5.88507546E-05
 -1.76666667  0.0870765612  6.00256842E-05
 -1.73333333  0.0900229708  6.10779106E-05
 -1.7  0.0930828154  6.21642963E-05
 -1.66666667  0.0961409604  6.32359716E-05
 -1.63333333  0.0991493329  6.42583376E-05
 -1.6  0.102150119  6.524116E-05
 -1.56666667  0.105215088  6.62579437E-05
 -1.53333333  0.108158298  6.71964978E-05
 -1.5  0.111017107  6.8090179E-05
 -1.46666667  0.113934098  6.89631653E-05
 -1.43333333  0.116701434  6.9752824E-05
 -1.4  0.119611753  7.061015E-05
 -1.36666667  0.122413494  7.14053135E-05
 -1.33333333  0.125036005  7.20945075E-05
 -1.3  0.127628472  7.27778918E-05
 -1.26666667  0.130118491  7.34070275E-05
 -1.23333333  0.13273071  7.40726894E-05
 -1.2  0.135008218  7.45895084E-05
 -1.16666667  0.137230842  7.5093992E-05
 -1.13333333  0.139300775  7.55266662E-05
 -1.1  0.141432818  7.59806601E-05
 -1.06666667  0.143231256  7.63116392E-05
 -1.03333333  0.145299817  7.67256029E-05
 -1.  0.146986164  7.69918018E-05
 -0.966666667  0.148449401  7.7205884E-05
 -0.933333333  0.149907846  7.73976245E-05
 -0.9  0.151142629  7.75192524E-05
 -0.866666667  0.152396943  7.76394025E-05
 -0.833333333  0.15339384  7.77111564E-05
 -0.8  0.15427809  7.7724889E-05
 -0.766666667  0.155096352  7.77157511E-05
 -0.733333333  0.155674166  7.76227576E-05
 -0.7  0.1561037  7.75321716E-05
 -0.666666667  0.156312126  7.73430214E-05
 -0.633333333  0.1565694  7.71909913E-05
 -0.6  0.156505374  7.69341965E-05
 -0.566666667  0.156483513  7.67014404E-05
 -0.533333333  0.156237764  7.63924217E-05
 -0.5  0.155736426  7.60409926E-05
 -0.466666667  0.155303203  7.56871517E-05
 -0.433333333  0.154389414  7.52058281E-05
 -0.4  0.153729556  7.4811044E-05
 -0.366666667  0.152621597  7.42589514E-05
 -0.333333333  0.151471602  7.37220968E-05
 -0.3  0.150078899  7.31147464E-05
 -0.266666667  0.148810577  7.25487233E-05
 -0.233333333  0.147146288  7.18725746E-05
 -0.2  0.145525566  7.11895729E-05
 -0.166666667  0.143715188  7.04491696E-05
 -0.133333333  0.141808092  6.96830727E-05
 -0.1  0.139759985  6.88496372E-05
 -0.0666666667  0.137741063  6.80602115E-05
 -0.0333333333  0.135408202  6.71438218E-05
 -9.41900637E-19  0.133103875  6.62250213E-05
  0.0333333333  0.1307356  6.52782812E-05
  0.0666666667  0.128177384  6.42691464E-05
  0.1  0.125628565  6.32682633E-05
  0.133333333  0.122954014  6.21909259E-05
  0.166666667  0.120353949  6.11522851E-05
  0.2  0.117528411  6.00168319E-05
  0.233333333  0.114675142  5.88494354E-05
  0.266666667  0.111700366  5.76491305E-05
  0.3  0.108874279  5.64608556E-05
  0.333333333  0.105931596  5.52404684E-05
  0.366666667  0.102857256  5.39444292E-05
  0.4  0.0999757756  5.27081043E-05
  0.433333333  0.0969085276  5.13980734E-05
  0.466666667  0.0938820908  5.00975857E-05
  0.5  0.0908767259  4.87662187E-05
  0.533333333  0.08784165  4.74332578E-05
  0.566666667  0.0848716522  4.60984877E-05
  0.6  0.0818287975  4.47363487E-05
  0.633333333  0.0787776907  4.33499667E-05
  0.666666667  0.0758823245  4.20052756E-05
  0.7  0.0729098455  4.0646975E-05
  0.733333333  0.0701234333  3.93334159E-05
  0.766666667  0.0671546064  3.7955842E-05
  0.8  0.0643753238  3.66299044E-05
  0.833333333  0.0616057497  3.53101861E-05
  0.866666667  0.058853315  3.39945919E-05
  0.9  0.0561860277  3.27058226E-05
  0.933333333  0.0536403388  3.14520251E-05
  0.966666667  0.0510979516  3.02212832E-05
  1.  0.0486774539  2.9018636E-05
  1.03333333  0.0462228485  2.7816322E-05
  1.06666667  0.0439435305  2.6691532E-05
  1.1  0.0416875629  2.55820679E-05
  1.13333333  0.0395057595  2.44921681E-05
  1.16666667  0.037352052  2.34213941E-05
  1.2  0.0353659448  2.24441179E-05
  1.23333333  0.0334320449  2.14996798E-05
  1.26666667  0.0315296708  2.05471081E-05
  1.3  0.0297764665  1.9667072E-05
  1.33333333  0.0280689258  1.88444607E-05
  1.36666667  0.0263922436  1.80077586E-05
  1.4  0.0248472881  1.72456377E-05
  1.43333333  0.0233107728  1.64866637E-05
  1.46666667  0.0218868868  1.57891738E-05
  1.5  0.0205837249  1.51803647E-05
  1.53333333  0.0193076594  1.45654441E-05
  1.56666667  0.0180808681  1.39920992E-05
  1.6  0.0169524284  1.34511856E-05
  1.63333333  0.0158853078  1.29344955E-05
  1.66666667  0.0148671745  1.2451526E-05
  1.7  0.0139185113  1.19839018E-05
  1.73333333  0.0130107357  1.15599987E-05
  1.76666667  0.0121716775  1.11245401E-05
  1.8  0.0113667939  1.0705032E-05
  1.83333333  0.0106388393  1.03743144E-05
  1.86666667  0.00994583512  1.00060279E-05
  1.9  0.00930067065  9.72095927E-06
  1.93333333  0.00870882291  9.42565184E-06
  1.96666667  0.00813871157  9.10431E-06
  2.  0.00759552711  8.80852421E-06
  2.03333333  0.00708199307  8.48431179E-06
  2.06666667  0.00662207821  8.22561552E-06
  2.1  0.00618011955  7.96496121E-06
  2.13333333  0.00577925313  7.69929745E-06
  2.16666667  0.0053736469  7.41612969E-06
  2.2  0.00503115455  7.20622086E-06
  2.23333333  0.00470773974  6.96254644E-06
  2.26666667  0.00438405396  6.71244478E-06
  2.3  0.00409143339  6.51955922E-06
  2.33333333  0.0038170056  6.26481265E-06
  2.36666667  0.00356181542  6.0393274E-06
  2.4  0.00332052134  5.84520644E-06
  2.43333333  0.00308720258  5.62211102E-06
  2.46666667  0.00288569636  5.45455278E-06
