  40.  8.20348135E-05  3.7063601E-07
  41.  9.43257013E-05  3.96761816E-07
  42.  0.000107586707  4.23911852E-07
  43.  0.00012004797  4.47311759E-07
  44.  0.00013424128  4.73185315E-07
  45.  0.000148140338  4.97080567E-07
  46.  0.000162544894  5.20459947E-07
  47.  0.000176785195  5.4347871E-07
  48.  0.000192921336  5.67250752E-07
  49.  0.000207179534  5.87418995E-07
  50.  0.000221869709  6.08672568E-07
  51.  0.000238138917  6.29820055E-07
  52.  0.000254088558  6.50340966E-07
  53.  0.000269707952  6.70977392E-07
  54.  0.000286233919  6.90474246E-07
  55.  0.000303272586  7.11314136E-07
  56.  0.00031921589  7.29692047E-07
  57.  0.000337768277  7.50358663E-07
  58.  0.000353255199  7.67205672E-07
  59.  0.000371752916  7.87534416E-07
  60.  0.000389068205  8.06057842E-07
  61.  0.000405462547  8.22545681E-07
  62.  0.00042364956  8.40466646E-07
  63.  0.00044028803  8.56480234E-07
  64.  0.000458513698  8.73948563E-07
  65.  0.000478493517  8.93324594E-07
  66.  0.000494658978  9.07373998E-07
  67.  0.000515210127  9.26806217E-07
  68.  0.000533613131  9.42902166E-07
  69.  0.000551905347  9.58236212E-07
  70.  0.000569082978  9.72596132E-07
  71.  0.000586137531  9.86589371E-07
  72.  0.000605921549  1.00339604E-06
  73.  0.000622554994  1.01594705E-06
  74.  0.000641496733  1.03128326E-06
  75.  0.000660800622  1.04596998E-06
  76.  0.000677302048  1.05821571E-06
  77.  0.000698859867  1.0745511E-06
  78.  0.000716579319  1.08820271E-06
  79.  0.000735028914  1.10057015E-06
  80.  0.000751866272  1.11193801E-06
  81.  0.000772244754  1.1270926E-06
  82.  0.000793240127  1.14162798E-06
  83.  0.000810664759  1.15305543E-06
  84.  0.000828545076  1.16474274E-06
  85.  0.000849680393  1.17956337E-06
  86.  0.000867717965  1.19037004E-06
  87.  0.000884235075  1.20067372E-06
  88.  0.000905225023  1.21449167E-06
  89.  0.000926837385  1.22838176E-06
  90.  0.000942500941  1.23684967E-06
  91.  0.000963014892  1.24968565E-06
  92.  0.000978669445  1.25797649E-06
  93.  0.000998332784  1.26938224E-06
  94.  0.00101988355  1.28274756E-06
  95.  0.00103730805  1.29213503E-06
  96.  0.00105634633  1.30283328E-06
  97.  0.00107444594  1.31240319E-06
  98.  0.00109437891  1.32313634E-06
  99.  0.0011135037  1.33324717E-06
  100.  0.00113305301  1.34427487E-06
  101.  0.00115048729  1.35223533E-06
  102.  0.00116944331  1.36222803E-06
  103.  0.00118787208  1.37153447E-06
  104.  0.00120719214  1.38099714E-06
  105.  0.00122447017  1.38960108E-06
  106.  0.00124254716  1.39846505E-06
  107.  0.00126554889  1.41006227E-06
  108.  0.0012836887  1.4185482E-06
  109.  0.00130188727  1.42654064E-06
  110.  0.00132147167  1.43550376E-06
  111.  0.00134069715  1.44536131E-06
  112.  0.00135785913  1.45204225E-06
  113.  0.00137546808  1.45965028E-06
  114.  0.00139560234  1.46954694E-06
  115.  0.00141436209  1.47735099E-06
  116.  0.00143391977  1.48559734E-06
  117.  0.00145369569  1.49424452E-06
  118.  0.00147268646  1.50159857E-06
  119.  0.00149482827  1.51209101E-06
  120.  0.00150995017  1.51695913E-06
  121.  0.0015306102  1.52550772E-06
  122.  0.00155322991  1.53506666E-06
  123.  0.0015662984  1.53971766E-06
  124.  0.00158691958  1.54805906E-06
  125.  0.00160637814  1.555093E-06
  126.  0.00162506554  1.56217019E-06
  127.  0.00164399832  1.56893752E-06
  128.  0.00166417226  1.57702752E-06
  129.  0.00168544405  1.58526656E-06
  130.  0.00170384075  1.59143183E-06
  131.  0.00172329561  1.59825064E-06
  132.  0.00174050524  1.60397789E-06
  133.  0.0017610977  1.61160933E-06
  134.  0.00178242935  1.6191523E-06
  135.  0.00180106455  1.62502574E-06
  136.  0.00182800431  1.63559184E-06
  137.  0.00184590794  1.64167827E-06
  138.  0.0018614847  1.64543524E-06
  139.  0.00188560396  1.65420693E-06
  140.  0.00190600348  1.66004101E-06
  141.  0.00192502849  1.66584614E-06
  142.  0.00194550383  1.67212433E-06
  143.  0.00196733006  1.67935455E-06
  144.  0.00198716573  1.6848457E-06
  145.  0.00201247386  1.69264973E-06
  146.  0.00203446124  1.69998608E-06
  147.  0.00206047254  1.70787801E-06
  148.  0.00207966365  1.71229072E-06
  149.  0.00210279712  1.71937715E-06
  150.  0.00212824535  1.7267197E-06
  151.  0.00215347718  1.73407561E-06
  152.  0.00217646638  1.73986766E-06
  153.  0.00219870727  1.74514945E-06
  154.  0.00223149401  1.75538255E-06
  155.  0.00225526268  1.76075893E-06
  156.  0.00227945076  1.76677537E-06
  157.  0.00230741104  1.77348397E-06
  158.  0.00233258624  1.77855081E-06
  159.  0.00236473868  1.78752434E-06
  160.  0.00239406809  1.79418228E-06
  161.  0.00242832585  1.80222236E-06
  162.  0.00246114623  1.80995967E-06
  163.  0.0024946597  1.81761797E-06
  164.  0.00252907888  1.82494927E-06
  165.  0.00256766326  1.83342996E-06
  166.  0.00260946297  1.84344941E-06
  167.  0.00265091677  1.85144576E-06
  168.  0.00269492956  1.86110953E-06
  169.  0.00274329569  1.87103212E-06
  170.  0.00279140021  1.88010905E-06
  171.  0.00284839654  1.89168362E-06
  172.  0.00290866955  1.90378989E-06
  173.  0.0029721304  1.91513481E-06
  174.  0.00305309976  1.93253234E-06
  175.  0.00314026668  1.94947631E-06
  176.  0.00324298614  1.96944222E-06
  177.  0.00336924559  1.99377932E-06
  178.  0.00353592234  2.02606295E-06
  179.  0.00384426741  2.09118917E-06
  180.  0.00420787316  2.16223673E-06
  181.  0.00410016195  2.12872889E-06
  182.  0.00399624262  2.09713519E-06
  183.  0.00390277512  2.06805623E-06
  184.  0.00380142078  2.03651922E-06
  185.  0.00370706323  2.00606659E-06
  186.  0.00361720735  1.97750484E-06
  187.  0.00353168967  1.94971563E-06
  188.  0.00344595216  1.92109547E-06
  189.  0.00336385265  1.89454093E-06
