  100.  0.00110341645  5.80214986E-06
  100.266667  0.00109394891  5.74968568E-06
  100.533333  0.00109991507  5.7903301E-06
  100.8  0.00112457355  5.8570033E-06
  101.066667  0.00112364799  5.86205751E-06
  101.333333  0.00112098427  5.83393189E-06
  101.6  0.00113377859  5.87135823E-06
  101.866667  0.00113734913  5.88392258E-06
  102.133333  0.00114155835  5.88257787E-06
  102.4  0.00115570803  5.91970772E-06
  102.666667  0.00114668932  5.88573438E-06
  102.933333  0.00115811558  5.92040134E-06
  103.2  0.00115924633  5.92155993E-06
  103.466667  0.00116098392  5.91321761E-06
  103.733333  0.00116202889  5.91908523E-06
  104.  0.00117009971  5.92398129E-06
  104.266667  0.00117675249  5.94752176E-06
  104.533333  0.00118309633  5.98594474E-06
  104.8  0.00119292938  5.99333246E-06
  105.066667  0.00119645931  5.99783186E-06
  105.333333  0.00120195483  5.99701007E-06
  105.6  0.00120543526  6.00471791E-06
  105.866667  0.00120405817  6.00167512E-06
  106.133333  0.00121221729  6.0103828E-06
  106.4  0.00121716155  6.01886552E-06
  106.666667  0.00122220718  6.05682732E-06
  106.933333  0.00123471937  6.06127848E-06
  107.2  0.00124980349  6.10631624E-06
  107.466667  0.00124542315  6.09308839E-06
  107.733333  0.00123359007  6.04203085E-06
  108.  0.00125151342  6.0924036E-06
  108.266667  0.0012504994  6.06532246E-06
  108.533333  0.00125534273  6.09910724E-06
  108.8  0.00125785998  6.11495311E-06
  109.066667  0.00127813514  6.16954428E-06
  109.333333  0.00126519446  6.09535983E-06
  109.6  0.00127248367  6.13390759E-06
  109.866667  0.0012898949  6.16969583E-06
  110.133333  0.00128597921  6.13546918E-06
  110.4  0.00128657053  6.15918731E-06
  110.666667  0.00129656383  6.19059426E-06
  110.933333  0.00130005615  6.18330488E-06
  111.2  0.00130807763  6.19787979E-06
  111.466667  0.00130868207  6.19090517E-06
  111.733333  0.00132154982  6.23342995E-06
  112.  0.00132965187  6.24424337E-06
  112.266667  0.00133105664  6.24411901E-06
  112.533333  0.00133416489  6.24066881E-06
  112.8  0.00133273287  6.22749976E-06
  113.066667  0.00133658374  6.23468577E-06
  113.333333  0.00134121059  6.23428442E-06
  113.6  0.00135987762  6.29399153E-06
  113.866667  0.00136381849  6.3052256E-06
  114.133333  0.00135142117  6.2420887E-06
  114.4  0.00137465576  6.31504728E-06
  114.666667  0.00137107263  6.30043749E-06
  114.933333  0.00137938604  6.33896024E-06
  115.2  0.00138485836  6.33776142E-06
  115.466667  0.00140750334  6.39651804E-06
  115.733333  0.00140350296  6.37984629E-06
  116.  0.00140685463  6.38003965E-06
  116.266667  0.00141647828  6.41282817E-06
  116.533333  0.0014141847  6.39337673E-06
  116.8  0.00141044947  6.34255504E-06
  117.066667  0.00141598939  6.35898102E-06
  117.333333  0.00142032645  6.37916528E-06
  117.6  0.00141938727  6.34754699E-06
  117.866667  0.00143903197  6.42605661E-06
  118.133333  0.00143011223  6.39054401E-06
  118.4  0.00143723474  6.41289558E-06
  118.666667  0.0014525716  6.42626558E-06
  118.933333  0.00144969656  6.42518001E-06
  119.2  0.00145556335  6.43296446E-06
  119.466667  0.00146494624  6.46011068E-06
  119.733333  0.00147602324  6.48614986E-06
  120.  0.00148467509  6.50914246E-06
  120.266667  0.00148073224  6.48376963E-06
  120.533333  0.00148457602  6.50256613E-06
  120.8  0.00148291754  6.46777787E-06
  121.066667  0.00150062224  6.51548365E-06
  121.333333  0.00150405542  6.52778844E-06
  121.6  0.00150429942  6.51583587E-06
  121.866667  0.00151049067  6.53547067E-06
  122.133333  0.00151643456  6.53576403E-06
  122.4  0.0015107528  6.50823682E-06
  122.666667  0.00153023513  6.56993881E-06
  122.933333  0.00152254346  6.52939002E-06
  123.2  0.00154005425  6.57803645E-06
  123.466667  0.00154482014  6.57314091E-06
  123.733333  0.00155048551  6.59249482E-06
  124.  0.00155339162  6.58571913E-06
  124.266667  0.00155397814  6.60422913E-06
  124.533333  0.00156588831  6.6108028E-06
  124.8  0.00157091788  6.61881876E-06
  125.066667  0.00156676597  6.60663303E-06
  125.333333  0.00158732482  6.6553496E-06
  125.6  0.00157913522  6.630805E-06
  125.866667  0.00158069577  6.61537607E-06
  126.133333  0.00159474486  6.67265995E-06
  126.4  0.00159664371  6.65905657E-06
  126.666667  0.00160231613  6.66124901E-06
  126.933333  0.00160608608  6.66540513E-06
  127.2  0.00161161801  6.67862651E-06
  127.466667  0.00162728715  6.72399342E-06
  127.733333  0.0016303548  6.71090004E-06
  128.  0.00162202002  6.67579048E-06
  128.266667  0.0016368955  6.72229542E-06
  128.533333  0.00164853087  6.7501879E-06
  128.8  0.0016379351  6.69546669E-06
  129.066667  0.00166087411  6.77316816E-06
  129.333333  0.00167142893  6.79955551E-06
  129.6  0.00167911575  6.79689165E-06
  129.866667  0.00165629068  6.72785373E-06
  130.133333  0.00166775213  6.74529166E-06
  130.4  0.00167838071  6.76990112E-06
  130.666667  0.00168005242  6.77908798E-06
  130.933333  0.00168020417  6.73345653E-06
  131.2  0.00169116272  6.78182934E-06
  131.466667  0.00169965586  6.80562519E-06
  131.733333  0.00170452528  6.81109891E-06
  132.  0.00171276054  6.81868071E-06
  132.266667  0.00171693383  6.8462794E-06
  132.533333  0.0017181098  6.81455506E-06
  132.8  0.00172489087  6.84834305E-06
  133.066667  0.00173829662  6.86291265E-06
  133.333333  0.00174106498  6.85934402E-06
  133.6  0.0017417283  6.85597348E-06
  133.866667  0.00174118137  6.8507514E-06
  134.133333  0.00174885738  6.8500034E-06
  134.4  0.00174706944  6.83624416E-06
  134.666667  0.00175795983  6.86956549E-06
  134.933333  0.00176391297  6.86668601E-06
  135.2  0.00176763475  6.86426108E-06
  135.466667  0.00178975914  6.92839342E-06
  135.733333  0.00178727214  6.90942456E-06
  136.  0.00179178913  6.93170505E-06
  136.266667  0.00179156521  6.90285006E-06
  136.533333  0.00180427451  6.93568389E-06
  136.8  0.00180910271  6.95786099E-06
  137.066667  0.00179945534  6.92124445E-06
  137.333333  0.00181689327  6.96748156E-06
  137.6  0.0018284591  6.97614504E-06
  137.866667  0.00181034515  6.89585531E-06
  138.133333  0.00182799962  6.96083961E-06
  138.4  0.00184395481  6.98902068E-06
  138.666667  0.00183285607  6.9529108E-06
  138.933333  0.00183687647  6.94594712E-06
  139.2  0.00185114518  7.00260589E-06
  139.466667  0.00186610786  7.02455474E-06
  139.733333  0.0018692406  7.02190913E-06
