  200.  0.00436516525  2.28135786E-06
  205.  0.00390720844  2.14252923E-06
  210.  0.00351192621  2.0154217E-06
  215.  0.00316522673  1.89859337E-06
  220.  0.00285936535  1.79154309E-06
  225.  0.00258819936  1.6914285E-06
  230.  0.00234789879  1.5991214E-06
  235.  0.00213356521  1.51203821E-06
  240.  0.00194738431  1.43498922E-06
  245.  0.00177336193  1.35792533E-06
  250.  0.0016201948  1.28760012E-06
  255.  0.00148230136  1.22141744E-06
  260.  0.00135782164  1.16002334E-06
  265.  0.00124647361  1.10219844E-06
  270.  0.00114547403  1.04758749E-06
  275.  0.00105316086  9.97067896E-07
  280.  0.000970023594  9.4802047E-07
  285.  0.000894478702  9.03409601E-07
  290.  0.000827503138  8.62235253E-07
  295.  0.000762875047  8.20153447E-07
  300.  0.00070614129  7.82639759E-07
  305.  0.000652019463  7.44127626E-07
  310.  0.0006063173  7.13290265E-07
  315.  0.000561834967  6.80338745E-07
  320.  0.000521352147  6.48800116E-07
  325.  0.000483801312  6.20216115E-07
  330.  0.000450141627  5.92778356E-07
  335.  0.000417292409  5.65236876E-07
  340.  0.000388660494  5.40520194E-07
  345.  0.000361672315  5.17185473E-07
  350.  0.000337110133  4.94434626E-07
  355.  0.000314116755  4.73086535E-07
  360.  0.000293546656  4.52419196E-07
  365.  0.000273697075  4.3238261E-07
  370.  0.000256190507  4.15168544E-07
  375.  0.000238392803  3.95565799E-07
  380.  0.000223610284  3.80199396E-07
  385.  0.000209200847  3.6317291E-07
  390.  0.000195240977  3.4746943E-07
  395.  0.000183113673  3.32906756E-07
  400.  0.000171899866  3.19551616E-07
  405.  0.000160855888  3.06106797E-07
  410.  0.000151162783  2.9360999E-07
  415.  0.000141928666  2.81572313E-07
  420.  0.000132872988  2.69603949E-07
  425.  0.000124471919  2.57839851E-07
  430.  0.000117060225  2.47452024E-07
  435.  0.000110009653  2.37428316E-07
  440.  0.000103458531  2.27705375E-07
  445.  9.73511371E-05  2.18380108E-07
  450.  9.07271541E-05  2.0780967E-07
  455.  8.56818404E-05  1.9996806E-07
  460.  8.08995228E-05  1.92373991E-07
  465.  7.57744986E-05  1.8420627E-07
  470.  7.11852899E-05  1.76397378E-07
  475.  6.69255664E-05  1.68706983E-07
  480.  6.32069529E-05  1.62300018E-07
  485.  5.95466515E-05  1.5550307E-07
  490.  5.5822777E-05  1.4880412E-07
  495.  5.25167752E-05  1.42488469E-07
  500.  4.98176054E-05  1.37352793E-07
  505.  4.68581491E-05  1.31710063E-07
  510.  4.44597141E-05  1.26798225E-07
  515.  4.13849029E-05  1.20571368E-07
  520.  3.9275929E-05  1.16225416E-07
  525.  3.69659959E-05  1.11200157E-07
  530.  3.51509836E-05  1.07176542E-07
  535.  3.28439783E-05  1.02268188E-07
  540.  3.12364375E-05  9.87101968E-08
  545.  2.92354396E-05  9.38602145E-08
  550.  2.75773586E-05  9.02043808E-08
  555.  2.63212438E-05  8.70857251E-08
  560.  2.45521067E-05  8.28266894E-08
  565.  2.31682494E-05  7.92863943E-08
  570.  2.19792449E-05  7.63181397E-08
  575.  2.07399415E-05  7.33081177E-08
  580.  1.95613188E-05  7.02500673E-08
  585.  1.84192929E-05  6.69377364E-08
  590.  1.7387366E-05  6.4254132E-08
  595.  1.64685972E-05  6.17241978E-08
  600.  1.55435174E-05  5.92281329E-08
  605.  1.46858657E-05  5.66429124E-08
  610.  1.3968221E-05  5.47352292E-08
  615.  1.30879258E-05  5.19904045E-08
  620.  1.2479373E-05  5.0253638E-08
  625.  1.16026269E-05  4.75777986E-08
  630.  1.09643816E-05  4.5503493E-08
  635.  1.04649484E-05  4.40630966E-08
  640.  9.8810262E-06  4.20952632E-08
  645.  9.3040502E-06  4.03161251E-08
  650.  8.76084832E-06  3.83739277E-08
  655.  8.34120662E-06  3.70182694E-08
  660.  7.79221441E-06  3.51505337E-08
  665.  7.39578748E-06  3.37568926E-08
  670.  6.9968196E-06  3.23855964E-08
  675.  6.63542568E-06  3.10900533E-08
  680.  6.21710905E-06  2.95800554E-08
  685.  5.96929785E-06  2.8610727E-08
  690.  5.60943545E-06  2.72864744E-08
  695.  5.20618196E-06  2.57062178E-08
  700.  5.0057332E-06  2.50298566E-08
  705.  4.68809411E-06  2.3727735E-08
  710.  4.4713465E-06  2.28834862E-08
  715.  4.20572799E-06  2.18491914E-08
  720.  3.9552543E-06  2.08345711E-08
  725.  3.7425955E-06  1.9900823E-08
  730.  3.55331251E-06  1.90831945E-08
  735.  3.34385035E-06  1.82294388E-08
  740.  3.16217217E-06  1.74044882E-08
  745.  2.96797876E-06  1.65724025E-08
  750.  2.79812343E-06  1.58232269E-08
  755.  2.66147481E-06  1.51338436E-08
  760.  2.51524531E-06  1.45509822E-08
  765.  2.38472432E-06  1.39097568E-08
  770.  2.22776195E-06  1.31909486E-08
  775.  2.10289189E-06  1.25853277E-08
  780.  2.00272594E-06  1.20686295E-08
  785.  1.86381729E-06  1.14424709E-08
  790.  1.77028102E-06  1.10147211E-08
  795.  1.69198973E-06  1.0607204E-08
  800.  1.58986285E-06  1.00627283E-08
  805.  1.50706761E-06  9.61964796E-09
  810.  1.42735679E-06  9.20754338E-09
  815.  1.32531492E-06  8.68999508E-09
  820.  1.26680637E-06  8.36634956E-09
  825.  1.1872168E-06  7.9591089E-09
  830.  1.12504481E-06  7.57598839E-09
  835.  1.07156586E-06  7.30897235E-09
  840.  9.96390982E-07  6.89360607E-09
  845.  9.50152819E-07  6.60489549E-09
  850.  8.90511452E-07  6.26211271E-09
  855.  8.38050526E-07  5.98429374E-09
  860.  7.89020171E-07  5.68496624E-09
  865.  7.62506244E-07  5.5197566E-09
  870.  6.96315171E-07  5.11724018E-09
  875.  6.66171353E-07  4.9387851E-09
  880.  6.16474185E-07  4.63546334E-09
  885.  5.95420953E-07  4.48880539E-09
  890.  5.59804523E-07  4.26160635E-09
  895.  5.29664886E-07  4.05271635E-09
  900.  4.90509448E-07  3.82328873E-09
  905.  4.65246469E-07  3.66199489E-09
  910.  4.36301951E-07  3.46922864E-09
  915.  4.07682292E-07  3.28357669E-09
  920.  3.8887067E-07  3.14719974E-09
  925.  3.61602618E-07  2.96770605E-09
  930.  3.45824084E-07  2.85529376E-09
  935.  3.25954568E-07  2.71407234E-09
  940.  3.05193931E-07  2.58053901E-09
  945.  2.8711956E-07  2.43013438E-09
