  50.  0.00220508624  1.15951898E-05
  50.1333333  0.00221437063  1.16106835E-05
  50.2666667  0.00222861968  1.16685746E-05
  50.4  0.00222447328  1.16233999E-05
  50.5333333  0.00225051731  1.17151758E-05
  50.6666667  0.00224863144  1.16754228E-05
  50.8  0.0022618304  1.17259529E-05
  50.9333333  0.00225330248  1.16615041E-05
  51.0666667  0.00227576257  1.1700693E-05
  51.2  0.00229378334  1.17988434E-05
  51.3333333  0.00229510772  1.17858474E-05
  51.4666667  0.00232328964  1.18687884E-05
  51.6  0.00232198797  1.18642731E-05
  51.7333333  0.00234693756  1.19335484E-05
  51.8666667  0.00232970958  1.18347441E-05
  52.  0.00233149781  1.18161156E-05
  52.1333333  0.00235495524  1.18568636E-05
  52.2666667  0.00237698624  1.19714813E-05
  52.4  0.00238739556  1.19711673E-05
  52.5333333  0.00238976707  1.19830043E-05
  52.6666667  0.00239913273  1.19909879E-05
  52.8  0.00240153774  1.19815352E-05
  52.9333333  0.00241459373  1.19998382E-05
  53.0666667  0.00242062443  1.2028824E-05
  53.2  0.00244369692  1.21055228E-05
  53.3333333  0.00244022091  1.20171575E-05
  53.4666667  0.00247066355  1.21346372E-05
  53.6  0.00246752624  1.21055244E-05
  53.7333333  0.00247937991  1.21468238E-05
  53.8666667  0.00248398089  1.21592844E-05
  54.  0.00250977664  1.22360079E-05
  54.1333333  0.00249125921  1.21174864E-05
  54.2666667  0.00251660624  1.2225504E-05
  54.4  0.0025212897  1.21769727E-05
  54.5333333  0.00253978063  1.22340753E-05
  54.6666667  0.00253807441  1.22358775E-05
  54.8  0.00254916078  1.22588555E-05
  54.9333333  0.00254874473  1.22296045E-05
  55.0666667  0.00255380412  1.22449035E-05
  55.2  0.00259519378  1.23566737E-05
  55.3333333  0.00259808339  1.23579686E-05
  55.4666667  0.00260488414  1.23882559E-05
  55.6  0.00259682486  1.23160865E-05
  55.7333333  0.00261598539  1.23643261E-05
  55.8666667  0.0026076218  1.22922129E-05
  56.  0.00266557798  1.25182234E-05
  56.1333333  0.00265488915  1.246193E-05
  56.2666667  0.00266189429  1.24679215E-05
  56.4  0.00267247033  1.24644602E-05
  56.5333333  0.00269072114  1.24920009E-05
  56.6666667  0.00269494931  1.25335455E-05
  56.8  0.0027140122  1.2559186E-05
  56.9333333  0.00272110588  1.25671561E-05
  57.0666667  0.002722691  1.25828165E-05
  57.2  0.00274032269  1.26077167E-05
  57.3333333  0.00272802907  1.25714147E-05
  57.4666667  0.0027448188  1.25670612E-05
  57.6  0.00278536354  1.27035928E-05
  57.7333333  0.00277650778  1.26049181E-05
  57.8666667  0.00279138131  1.26670926E-05
  58.  0.00281546756  1.2781499E-05
  58.1333333  0.00279614469  1.27008299E-05
  58.2666667  0.00283153771  1.27771476E-05
  58.4  0.00283851798  1.27607053E-05
  58.5333333  0.00284365319  1.2778816E-05
  58.6666667  0.00284915596  1.2773594E-05
  58.8  0.00286159478  1.28182681E-05
  58.9333333  0.00287449426  1.28449758E-05
  59.0666667  0.0028796003  1.28362204E-05
  59.2  0.00288273146  1.28512569E-05
  59.3333333  0.0028975646  1.28516487E-05
  59.4666667  0.00290362622  1.28494161E-05
  59.6  0.00293550653  1.29570865E-05
  59.7333333  0.00292326284  1.29059436E-05
  59.8666667  0.00293218487  1.2889812E-05
  60.  0.00293524247  1.28999265E-05
  60.1333333  0.00296615055  1.2981901E-05
  60.2666667  0.00298457229  1.29864482E-05
  60.4  0.00298149112  1.29931736E-05
  60.5333333  0.00299614148  1.30077292E-05
  60.6666667  0.00301108191  1.30522315E-05
  60.8  0.0030082117  1.30421822E-05
  60.9333333  0.00301320197  1.30154798E-05
  61.0666667  0.00303473511  1.3107248E-05
  61.2  0.00305920387  1.31211074E-05
  61.3333333  0.00304100076  1.30602553E-05
  61.4666667  0.0030795751  1.3182596E-05
  61.6  0.00305529749  1.30551577E-05
  61.7333333  0.00308623949  1.31431856E-05
  61.8666667  0.00310594879  1.32216675E-05
  62.  0.00308607893  1.3117252E-05
  62.1333333  0.00311420999  1.31901806E-05
  62.2666667  0.00311603996  1.31650789E-05
  62.4  0.00314813258  1.32825322E-05
  62.5333333  0.0031330447  1.31836632E-05
  62.6666667  0.00314978132  1.32265919E-05
  62.8  0.00316614078  1.32674633E-05
  62.9333333  0.00316803905  1.32903756E-05
  63.0666667  0.00317187146  1.3257599E-05
  63.2  0.00319889562  1.33351338E-05
  63.3333333  0.00320682496  1.33485523E-05
  63.4666667  0.00322859925  1.33669428E-05
  63.6  0.00322504828  1.33297511E-05
  63.7333333  0.00321774612  1.33132929E-05
  63.8666667  0.00327210602  1.34304864E-05
  64.  0.00327320788  1.3443369E-05
  64.1333333  0.00326800465  1.34017704E-05
  64.2666667  0.00327500924  1.34271363E-05
  64.4  0.00326462601  1.33702543E-05
  64.5333333  0.00331975396  1.35292437E-05
  64.6666667  0.00326834029  1.33367203E-05
  64.8  0.00332342641  1.35073949E-05
  64.9333333  0.00334365675  1.35480408E-05
  65.0666667  0.0033567961  1.35663519E-05
  65.2  0.00337817607  1.36113214E-05
  65.3333333  0.00337681782  1.36023637E-05
  65.4666667  0.00336967617  1.35309653E-05
  65.6  0.00341556547  1.36792269E-05
  65.7333333  0.00342674754  1.3681932E-05
  65.8666667  0.00340278713  1.35700117E-05
  66.  0.00343333421  1.36386815E-05
  66.1333333  0.00343078137  1.36041971E-05
  66.2666667  0.0034098392  1.35454146E-05
  66.4  0.0034601602  1.37035009E-05
  66.5333333  0.00344741106  1.36568659E-05
  66.6666667  0.00345506448  1.36297477E-05
  66.8  0.00348112916  1.36790634E-05
  66.9333333  0.00347288197  1.36394035E-05
  67.0666667  0.00350060634  1.37420661E-05
  67.2  0.00351694769  1.37306543E-05
  67.3333333  0.00350300375  1.36787133E-05
  67.4666667  0.00350258114  1.3688629E-05
  67.6  0.00354540385  1.37551619E-05
  67.7333333  0.00357270003  1.38459409E-05
  67.8666667  0.00357671181  1.38076113E-05
  68.  0.00360712092  1.38972819E-05
  68.1333333  0.00357315643  1.3778077E-05
  68.2666667  0.00358101198  1.37851028E-05
  68.4  0.00362353626  1.38774717E-05
  68.5333333  0.00361553994  1.3835847E-05
  68.6666667  0.00364628034  1.39308568E-05
  68.8  0.00365028104  1.39203402E-05
  68.9333333  0.0036467933  1.38964589E-05
  69.0666667  0.00366780333  1.39475236E-05
  69.2  0.00367617585  1.39782512E-05
  69.3333333  0.00364016407  1.38008034E-05
  69.4666667  0.00370190949  1.39763253E-05
  69.6  0.00370866197  1.39963122E-05
  69.7333333  0.00372035819  1.39844185E-05
  69.8666667  0.00372194299  1.39761288E-05
