  500.  4.30671933E-05  9.86860773E-08
  510.  3.82200465E-05  9.0633641E-08
  520.  3.4012881E-05  8.34283071E-08
  530.  3.03719399E-05  7.68562567E-08
  540.  2.69984357E-05  7.06694688E-08
  550.  2.40791704E-05  6.5059512E-08
  560.  2.12500728E-05  5.94056156E-08
  570.  1.90669016E-05  5.48830937E-08
  580.  1.69152526E-05  5.02145483E-08
  590.  1.51254982E-05  4.62270624E-08
  600.  1.35150086E-05  4.24983767E-08
  610.  1.20729441E-05  3.91018392E-08
  620.  1.07603289E-05  3.5867743E-08
  630.  9.57632356E-06  3.28391371E-08
  640.  8.5798685E-06  3.02239558E-08
  650.  7.6450968E-06  2.7649009E-08
  660.  6.79136145E-06  2.5296331E-08
  670.  6.09404045E-06  2.32515373E-08
  680.  5.45570456E-06  2.13603774E-08
  690.  4.84563727E-06  1.94592347E-08
  700.  4.34246381E-06  1.79011576E-08
  710.  3.88865735E-06  1.64117888E-08
  720.  3.44236482E-06  1.493666E-08
  730.  3.08114206E-06  1.36581894E-08
  740.  2.74638891E-06  1.24710783E-08
  750.  2.43419946E-06  1.13417399E-08
  760.  2.1946069E-06  1.04425044E-08
  770.  1.94253863E-06  9.45952879E-09
  780.  1.73305306E-06  8.62525557E-09
  790.  1.55535107E-06  7.93755104E-09
  800.  1.39038421E-06  7.22228623E-09
  810.  1.23029372E-06  6.56036411E-09
  820.  1.10471044E-06  5.9930546E-09
  830.  9.83182112E-07  5.44747038E-09
  840.  8.71474565E-07  4.93932235E-09
  850.  7.7601099E-07  4.49391696E-09
  860.  6.95000318E-07  4.09775823E-09
  870.  6.1153795E-07  3.68395933E-09
  880.  5.43935931E-07  3.3408928E-09
  890.  4.87642205E-07  3.040607E-09
  900.  4.29121698E-07  2.74797712E-09
  910.  3.79332674E-07  2.48082779E-09
  920.  3.36681837E-07  2.24091692E-09
  930.  3.01733841E-07  2.03908428E-09
  940.  2.65264888E-07  1.83589606E-09
  950.  2.35393595E-07  1.66218663E-09
  960.  2.08027349E-07  1.4875651E-09
  970.  1.83991238E-07  1.34602641E-09
  980.  1.60902037E-07  1.19915669E-09
  990.  1.4096054E-07  1.07241492E-09
  1000.  1.25328005E-07  9.70070528E-10
  1010.  1.10650174E-07  8.69377498E-10
  1020.  9.78815286E-08  7.79749585E-10
  1030.  8.65040587E-08  6.99879708E-10
  1040.  7.60869836E-08  6.27008199E-10
  1050.  6.69718368E-08  5.5824698E-10
  1060.  5.78352037E-08  4.94050377E-10
  1070.  5.13185193E-08  4.44931767E-10
  1080.  4.41040447E-08  3.91387837E-10
  1090.  3.89648696E-08  3.49544159E-10
  1100.  3.38687064E-08  3.09769917E-10
  1110.  2.96099637E-08  2.75208388E-10
  1120.  2.61796565E-08  2.45853776E-10
  1130.  2.29177878E-08  2.18487002E-10
  1140.  1.93401143E-08  1.88133865E-10
  1150.  1.70638547E-08  1.68886173E-10
  1160.  1.45315224E-08  1.46851085E-10
  1170.  1.27532124E-08  1.30327094E-10
  1180.  1.08935681E-08  1.13226928E-10
  1190.  9.67745786E-09  1.01187647E-10
  1200.  8.20063155E-09  8.73116895E-11
  1210.  7.09141562E-09  7.69016169E-11
  1220.  6.07274793E-09  6.68220662E-11
  1230.  5.18979318E-09  5.7885953E-11
  1240.  4.47974507E-09  5.08318609E-11
  1250.  3.91399506E-09  4.47401274E-11
  1260.  3.34356893E-09  3.87139254E-11
  1270.  2.7825001E-09  3.3038465E-11
  1280.  2.38676709E-09  2.86149327E-11
  1290.  2.05932032E-09  2.49793814E-11
  1300.  1.72194574E-09  2.12551579E-11
  1310.  1.46648206E-09  1.82939639E-11
  1320.  1.23920802E-09  1.56447851E-11
  1330.  1.05698797E-09  1.34892551E-11
  1340.  8.57221312E-10  1.12599729E-11
  1350.  7.28984628E-10  9.65217467E-12
  1360.  6.13097417E-10  8.19512851E-12
  1370.  5.14452651E-10  6.97181924E-12
  1380.  4.25522003E-10  5.85592956E-12
  1390.  3.56270609E-10  4.93629013E-12
  1400.  2.97803596E-10  4.16421792E-12
  1410.  2.41969432E-10  3.45619788E-12
  1420.  2.01124288E-10  2.90400119E-12
  1430.  1.64443714E-10  2.40743009E-12
  1440.  1.3533816E-10  2.00636346E-12
  1450.  1.06822194E-10  1.62486453E-12
  1460.  8.62954443E-11  1.33053242E-12
  1470.  7.21887882E-11  1.1191106E-12
  1480.  5.59378975E-11  8.90387313E-13
  1490.  4.64541402E-11  7.34832508E-13
  1500.  3.65382778E-11  5.94320579E-13
  1510.  2.86387393E-11  4.71558902E-13
  1520.  2.31646312E-11  3.84645114E-13
  1530.  1.76307201E-11  2.98926751E-13
  1540.  1.41405223E-11  2.41846172E-13
  1550.  1.09540074E-11  1.92002648E-13
  1560.  8.30931437E-12  1.50190858E-13
  1570.  6.66045743E-12  1.19614569E-13
  1580.  4.95828707E-12  9.13134627E-14
  1590.  3.78098254E-12  7.12937094E-14
  1600.  2.8802802E-12  5.50692536E-14
  1610.  2.08397267E-12  4.11472144E-14
  1620.  1.53378719E-12  3.10675789E-14
  1630.  1.14317208E-12  2.35738909E-14
  1640.  8.62211037E-13  1.8048744E-14
  1650.  6.23175875E-13  1.33994151E-14
  1660.  4.34958081E-13  9.74788478E-15
  1670.  3.02333157E-13  7.00759282E-15
  1680.  2.09514587E-13  5.04063921E-15
  1690.  1.50226063E-13  3.69490223E-15
  1700.  8.97885796E-14  2.41192273E-15
  1710.  6.27069633E-14  1.7255029E-15
  1720.  3.8934518E-14  1.11236712E-15
  1730.  2.41195698E-14  7.42406207E-16
  1740.  1.36232842E-14  4.35252353E-16
  1750.  7.27109676E-15  2.42748352E-16
  1760.  3.6596946E-15  1.23799184E-16
  1770.  1.89707397E-15  6.65905042E-17
  1780.  1.04407543E-15  3.61758767E-17
  1790.  6.62423025E-16  2.41795927E-17
  1800.  5.02367281E-16  1.81076803E-17
  1810.  3.8292687E-16  1.38325682E-17
  1820.  2.98375368E-16  1.05876453E-17
  1830.  2.0081638E-16  7.28816028E-18
  1840.  1.26558001E-16  4.66702299E-18
  1850.  6.00577752E-17  2.48698672E-18
  1860.  2.31695515E-17  1.21580612E-18
  1870.  4.9005275E-18  3.93791531E-19
  1880.  3.76995109E-19  7.59768238E-20
  1890.  5.00559807E-20  4.68574121E-21
  1900.  7.40888175E-20  5.36600398E-21
  1910.  1.3826569E-19  7.6086598E-21
  1920.  3.82058928E-19  1.44842877E-20
  1930.  7.43070545E-19  2.12601874E-20
  1940.  7.48181311E-19  2.01352606E-20
  1950.  2.7904215E-19  1.08362043E-20
  1960.  4.02607378E-20  3.47203422E-21
  1970.  1.20169147E-21  3.36876439E-22
  1980. -2.56575426E-24  2.97654687E-24
  1990.  0.  0.
