  50.  0.70169606  0.000225567522
  55.  0.644747407  0.000245914265
  60.  0.835077055  0.000525970228
  65.  1.17694827  0.000764342794
  70.  1.70464348  0.000987992287
  75.  2.73170215  0.00129393601
  80.  5.36664884  0.00185530488
  85.  19.7393053  0.00357860541
  90.  35.6723086  0.00467557324
  95.  3.22147964  0.00133263215
  100.  1.01335717  0.000893797876
  105.  0.508568014  0.000482087594
  110.  0.309963013  0.000350357198
  115.  0.210935698  0.000274892839
  120.  0.152974613  0.00022642138
  125.  0.116026939  0.0001958349
  130.  0.0910535491  0.000191988945
  135.  0.0734438624  0.000170619517
  140.  0.060110707  0.000150979371
  145.  0.0501869652  0.000135318955
  150.  0.0421139966  0.000121706006
  155.  0.035996094  0.00011093667
  160.  0.0310995995  0.000101997383
  165.  0.0268491814  9.33495408E-05
  170.  0.0233601032  8.58811987E-05
  175.  0.0207159043  8.03561268E-05
  180.  0.0181687171  7.44640184E-05
  185.  0.0160980757  6.93708004E-05
  190.  0.0143823754  6.50036395E-05
  195.  0.0128111712  6.07713788E-05
  200.  0.011512339  5.70575813E-05
  205.  0.0103930826  5.37655948E-05
  210.  0.0094411124  5.11492812E-05
  215.  0.00851822924  4.80922143E-05
  220.  0.00774489937  4.54310487E-05
  225.  0.00705744066  4.32450998E-05
  230.  0.00648805833  4.13250519E-05
  235.  0.00583612311  3.84443967E-05
  240.  0.00539648128  3.71394041E-05
  245.  0.0049496543  3.53579062E-05
  250.  0.00456204664  3.37548711E-05
  255.  0.00423272026  3.21232312E-05
  260.  0.00389259677  3.09110447E-05
  265.  0.0036321101  2.96149228E-05
  270.  0.00336673223  2.83998822E-05
  275.  0.00311274683  2.6970642E-05
  280.  0.00286836311  2.57420952E-05
  285.  0.00268312559  2.47627869E-05
  290.  0.00252473714  2.40985384E-05
  295.  0.00234436205  2.29859728E-05
  300.  0.00218221033  2.21179327E-05
  305.  0.00204082761  2.13111877E-05
  310.  0.00189457769  2.03971387E-05
  315.  0.00181336555  1.99685771E-05
  320.  0.00171267996  1.93640478E-05
  325.  0.00158708469  1.86040476E-05
  330.  0.00148293337  1.78007632E-05
  335.  0.00139439307  1.71632571E-05
  340.  0.0013115361  1.64374724E-05
  345.  0.00123440223  1.60343965E-05
  350.  0.00117803877  1.5468993E-05
  355.  0.00111787358  1.52200671E-05
  360.  0.00105784052  1.47297593E-05
  365.  0.00100062112  1.42877631E-05
  370.  0.000933058532  1.36116369E-05
  375.  0.000905337358  1.34748695E-05
  380.  0.000837724313  1.2748085E-05
  385.  0.00081690489  1.26458508E-05
  390.  0.000765230741  1.22410612E-05
  395.  0.000727248409  1.18466933E-05
  400.  0.000684051882  1.12950162E-05
  405.  0.000671579065  1.13036802E-05
  410.  0.00062541283  1.08351685E-05
  415.  0.000600814268  1.06180094E-05
  420.  0.000575829879  1.04048388E-05
  425.  0.000554140803  1.01600629E-05
  430.  0.000514041642  9.67283653E-06
  435.  0.000482335986  9.22129222E-06
  440.  0.000468273725  9.13960351E-06
  445.  0.000441905539  1.02940065E-05
  450.  0.000432285889  8.79185915E-06
  455.  0.000418431835  8.56286869E-06
  460.  0.000395122993  8.23788835E-06
  465.  0.000367982855  7.96561548E-06
  470.  0.000360367898  7.92675947E-06
  475.  0.000355454588  7.90535962E-06
  480.  0.000324922116  7.36716859E-06
  485.  0.000321388669  7.50951876E-06
  490.  0.000303661314  7.10147982E-06
  495.  0.000288089036  6.81295462E-06
  500.  0.000278368457  6.77103354E-06
  505.  0.000270786829  6.61252874E-06
  510.  0.00026084626  6.48517182E-06
  515.  0.000244412909  6.2312454E-06
  520.  0.000242019833  6.29439021E-06
  525.  0.00022615099  6.03716665E-06
  530.  0.00021875922  5.81897644E-06
  535.  0.000214571006  5.87066243E-06
  540.  0.000201245157  5.60943173E-06
  545.  0.000195673141  5.36627204E-06
  550.  0.000183237596  5.31376643E-06
  555.  0.000180025039  5.2211102E-06
  560.  0.000178073485  5.15150825E-06
  565.  0.000165183216  4.9682697E-06
  570.  0.00016136454  4.94497406E-06
  575.  0.000155566694  4.75955E-06
  580.  0.000147769682  4.61891353E-06
  585.  0.000145592264  4.57888177E-06
  590.  0.000138121814  4.42432189E-06
  595.  0.000131321253  4.37808861E-06
  600.  0.000130556273  4.32300196E-06
  605.  0.000127529975  4.23908307E-06
  610.  0.000122900052  4.16401578E-06
  615.  0.000118974636  4.05828831E-06
  620.  0.000118828562  4.09179355E-06
  625.  0.000108610317  3.83940717E-06
  630.  0.000109089351  3.9450443E-06
  635.  0.000102467036  3.67151499E-06
  640.  0.00010134574  3.82542311E-06
  645.  9.28322377E-05  3.48555712E-06
  650.  9.2394698E-05  3.54119432E-06
  655.  8.93279186E-05  3.52186457E-06
  660.  8.77224569E-05  3.36347107E-06
  665.  8.57696765E-05  3.35519808E-06
  670.  8.7054261E-05  3.47586164E-06
  675.  7.99876113E-05  3.21487725E-06
  680.  7.43628127E-05  3.0749261E-06
  685.  7.28231909E-05  3.01621947E-06
  690.  7.03075094E-05  2.96607151E-06
  695.  7.06763773E-05  2.94252833E-06
  700.  6.33664605E-05  2.76546973E-06
  705.  6.65748519E-05  2.89948949E-06
  710.  6.28499421E-05  2.75791303E-06
  715.  6.4639073E-05  2.84798273E-06
  720.  6.00337526E-05  2.67216195E-06
  725.  5.91302023E-05  2.73652771E-06
  730.  5.7486063E-05  2.66193543E-06
  735.  5.61456313E-05  2.61710301E-06
  740.  5.37161445E-05  2.52578033E-06
  745.  5.35616655E-05  2.57217441E-06
  750.  5.15680556E-05  2.50405806E-06
  755.  5.17179603E-05  2.54771786E-06
  760.  4.7400285E-05  2.39604236E-06
  765.  4.38086579E-05  2.18379988E-06
  770.  4.32763819E-05  2.20775499E-06
  775.  4.37313241E-05  2.24438777E-06
  780.  4.28505618E-05  2.20863907E-06
  785.  4.11653977E-05  2.20618247E-06
  790.  4.15858263E-05  2.22744285E-06
  795.  3.92916702E-05  2.10547333E-06
