  100.  1.02211852  0.00249408494
  100.266667  0.97888145  0.00247248795
  100.533333  0.934660958  0.00245845461
  100.8  0.900536883  0.00245975617
  101.066667  0.864916246  0.00239803183
  101.333333  0.829661629  0.00232965058
  101.6  0.804033408  0.0022801538
  101.866667  0.771889243  0.0022116681
  102.133333  0.747395196  0.00216082726
  102.4  0.719920683  0.00210137879
  102.666667  0.699307973  0.00206254775
  102.933333  0.671826407  0.00200127086
  103.2  0.652955447  0.00196623478
  103.466667  0.627229931  0.00190715767
  103.733333  0.611225936  0.00187554928
  104.  0.589370005  0.00182868885
  104.266667  0.572159583  0.0017853386
  104.533333  0.556220553  0.00174839164
  104.8  0.537156324  0.00170189454
  105.066667  0.524795562  0.00168234114
  105.333333  0.506917928  0.00163409941
  105.6  0.496956957  0.00161642347
  105.866667  0.483439315  0.00158317667
  106.133333  0.470424464  0.00155453076
  106.4  0.457232384  0.0015224145
  106.666667  0.446813153  0.00150239429
  106.933333  0.432773011  0.00146471836
  107.2  0.422463909  0.00144170743
  107.466667  0.412550471  0.00141732165
  107.733333  0.403121005  0.00139651077
  108.  0.392712979  0.00137399805
  108.266667  0.383456579  0.0013502727
  108.533333  0.374627357  0.00132889111
  108.8  0.36644116  0.0013085158
  109.066667  0.357146398  0.00128477934
  109.333333  0.347335322  0.00126187674
  109.6  0.34139709  0.00124551394
  109.866667  0.333857326  0.00122735063
  110.133333  0.326130877  0.00121297203
  110.4  0.319610744  0.00119524421
  110.666667  0.312884609  0.00117443067
  110.933333  0.305846219  0.00115448999
  111.2  0.299653037  0.00114244097
  111.466667  0.293236304  0.00112812702
  111.733333  0.285542674  0.00110662596
  112.  0.282640218  0.00109970769
  112.266667  0.276715875  0.00108764144
  112.533333  0.273024894  0.00107917254
  112.8  0.264975654  0.00105496349
  113.066667  0.26168314  0.00104806201
  113.333333  0.256965475  0.0010349866
  113.6  0.250670394  0.00101823447
  113.866667  0.24909479  0.00101531907
  114.133333  0.241403377  0.000994034748
  114.4  0.238418678  0.000986080112
  114.666667  0.234130583  0.00097739024
  114.933333  0.229443408  0.000963145983
  115.2  0.225243348  0.00095191772
  115.466667  0.223018304  0.000950504827
  115.733333  0.216216584  0.000927062779
  116.  0.212642262  0.000918833722
  116.266667  0.209999563  0.000912348766
  116.533333  0.205037153  0.000898241383
  116.8  0.203378476  0.000894053929
  117.066667  0.199867606  0.000885991904
  117.333333  0.197634247  0.000883242014
  117.6  0.193158419  0.000865993088
  117.866667  0.191101028  0.000861331301
  118.133333  0.188395847  0.000861550166
  118.4  0.185861955  0.000852885971
  118.666667  0.181488782  0.000838169639
  118.933333  0.178826642  0.000830494672
  119.2  0.176383469  0.000827579897
  119.466667  0.174057551  0.000820912837
  119.733333  0.171712499  0.000816253124
  120.  0.168815799  0.000804267491
  120.266667  0.16700386  0.000801014541
  120.533333  0.165048654  0.000797468436
  120.8  0.159766187  0.000777864812
  121.066667  0.158806379  0.000786326424
  121.333333  0.155343732  0.000765426399
  121.6  0.154101494  0.000766268335
  121.866667  0.15198453  0.000760245457
  122.133333  0.151917427  0.000765775068
  122.4  0.148895462  0.000754168546
  122.666667  0.14642207  0.000747432231
  122.933333  0.143946835  0.000739987278
  123.2  0.141405317  0.000732427607
  123.466667  0.140268203  0.000730280341
  123.733333  0.137682044  0.000723234335
  124.  0.136358449  0.000723441238
  124.266667  0.135885808  0.000722736317
  124.533333  0.133849425  0.000720366835
  124.8  0.131015102  0.000708547509
  125.066667  0.128359992  0.000700087146
  125.333333  0.127041001  0.000700710592
  125.6  0.126438332  0.000697681199
  125.866667  0.123539449  0.000686034232
  126.133333  0.121800836  0.000682886778
  126.4  0.120758716  0.000680450542
  126.666667  0.118588698  0.000673925377
  126.933333  0.117964085  0.000673763777
  127.2  0.117128357  0.000675275766
  127.466667  0.113824199  0.000663068148
  127.733333  0.112629144  0.000657510438
  128.  0.112897919  0.000666008207
  128.266667  0.109443707  0.000648020051
  128.533333  0.110339763  0.000661712375
  128.8  0.107905261  0.000649644963
  129.066667  0.106390471  0.000649151883
  129.333333  0.10600776  0.000651699689
  129.6  0.105273308  0.000647331563
  129.866667  0.102846929  0.000641236327
  130.133333  0.102682487  0.000642344338
  130.4  0.10139002  0.000639476563
  130.666667  0.0984763236  0.00063189776
  130.933333  0.0988759778  0.000638398639
  131.2  0.0966941225  0.000623915334
  131.466667  0.0960262128  0.000624649584
  131.733333  0.0956087691  0.000623009896
  132.  0.0943937325  0.000615884694
  132.266667  0.0929113339  0.000607974094
  132.533333  0.0917831441  0.000606581976
  132.8  0.0915173833  0.000604161558
  133.066667  0.088889723  0.00059319216
  133.333333  0.0886727069  0.000594219593
  133.6  0.0872788789  0.000584447117
  133.866667  0.0864078825  0.000580571062
  134.133333  0.0852101629  0.00057430142
  134.4  0.0838270254  0.000570042286
  134.666667  0.083375863  0.000569631056
  134.933333  0.0832937224  0.000569214586
  135.2  0.0824004069  0.000562056982
  135.466667  0.0808975507  0.000558603882
  135.733333  0.0802950135  0.000558731723
  136.  0.0791832064  0.000551317795
  136.266667  0.0785053685  0.000547440942
  136.533333  0.0771973995  0.000540476082
  136.8  0.0770771356  0.000541170377
  137.066667  0.0760598048  0.000538058051
  137.333333  0.0756503677  0.000537534446
  137.6  0.0743732577  0.000529472497
  137.866667  0.073391457  0.000527284277
  138.133333  0.0723902954  0.000520307699
  138.4  0.0728902019  0.000524242194
  138.666667  0.0719334015  0.000520362503
  138.933333  0.0720159612  0.000523714497
  139.2  0.0707121449  0.000514276852
  139.466667  0.0694909688  0.000509823982
  139.733333  0.0684345355  0.000504523325
