  200.  0.011494066  4.61151652E-05
  205.  0.0103893598  4.34029072E-05
  210.  0.00943297265  4.13292102E-05
  215.  0.00850124502  3.88206276E-05
  220.  0.007757639  3.68270808E-05
  225.  0.00708310879  3.49754925E-05
  230.  0.00646251419  3.3266326E-05
  235.  0.00582802215  3.11524847E-05
  240.  0.0053974069  2.99679206E-05
  245.  0.00503370226  2.88802425E-05
  250.  0.00454814929  2.71012206E-05
  255.  0.00423588106  2.60706039E-05
  260.  0.00387728652  2.48052442E-05
  265.  0.00364391578  2.40034291E-05
  270.  0.00335008017  2.28246738E-05
  275.  0.00308157962  2.169541E-05
  280.  0.00287874253  2.08913138E-05
  285.  0.00268480144  2.01139249E-05
  290.  0.0025059836  1.94271605E-05
  295.  0.00235037212  1.88295638E-05
  300.  0.00216981479  1.78054593E-05
  305.  0.00203086601  1.71499038E-05
  310.  0.00191072146  1.65434308E-05
  315.  0.00181534011  1.61841087E-05
  320.  0.00169418384  1.55196746E-05
  325.  0.00160396419  1.51957889E-05
  330.  0.00150072475  1.45511543E-05
  335.  0.00139207921  1.38885401E-05
  340.  0.00132417039  1.34601473E-05
  345.  0.00124739345  1.3020682E-05
  350.  0.00115838587  1.24806471E-05
  355.  0.00111109835  1.22072379E-05
  360.  0.00105992791  1.19287436E-05
  365.  0.00100124387  1.15817298E-05
  370.  0.0009484271  1.11515647E-05
  375.  0.000913580819  1.10265814E-05
  380.  0.000834910729  1.03615234E-05
  385.  0.000825146121  1.03531635E-05
  390.  0.000768230186  1.00376434E-05
  395.  0.000724414551  9.62580278E-06
  400.  0.000673249689  9.15249196E-06
  405.  0.000648591794  8.95576276E-06
  410.  0.000618109638  8.71201841E-06
  415.  0.000595907432  8.52155469E-06
  420.  0.000569026799  8.40819543E-06
  425.  0.00055853905  8.30068744E-06
  430.  0.000521698901  7.98247926E-06
  435.  0.000489278611  7.63124676E-06
  440.  0.00046379086  7.34927061E-06
  445.  0.000445823644  8.2015752E-06
  450.  0.000446284657  7.37070442E-06
  455.  0.000415691922  6.91210233E-06
  460.  0.000390055149  6.76345044E-06
  465.  0.000367711061  6.49773718E-06
  470.  0.000358648131  6.47060353E-06
  475.  0.000357569228  6.42248339E-06
  480.  0.000330947564  6.13313397E-06
  485.  0.000316384277  5.98034909E-06
  490.  0.000305943807  5.82892987E-06
  495.  0.000280488124  5.4508638E-06
  500.  0.000281456182  5.53261015E-06
  505.  0.00026792542  5.36364258E-06
  510.  0.000251001147  5.17073465E-06
  515.  0.000241760317  5.02267145E-06
  520.  0.000240118138  5.07174744E-06
  525.  0.000228626416  4.95705785E-06
  530.  0.000219361205  4.79302899E-06
  535.  0.000214301362  4.80186015E-06
  540.  0.000209220005  4.74511687E-06
  545.  0.000191184516  4.35941518E-06
  550.  0.00018339766  4.34968134E-06
  555.  0.000168450979  4.10874039E-06
  560.  0.000179471146  4.29670283E-06
  565.  0.000164673845  4.04976558E-06
  570.  0.000166356796  4.10951572E-06
  575.  0.000150880717  3.81673022E-06
  580.  0.000149616723  3.83984135E-06
  585.  0.000144110184  3.73750674E-06
  590.  0.000135110015  3.55789717E-06
  595.  0.000134571513  3.64820118E-06
  600.  0.000128746242  3.52326205E-06
  605.  0.000126113095  3.46662224E-06
  610.  0.000123514108  3.4527009E-06
  615.  0.000119420463  3.29243676E-06
  620.  0.00011120791  3.20383757E-06
  625.  0.000107987208  3.15274515E-06
  630.  0.000111473714  3.26271324E-06
  635.  0.000100083476  2.99181498E-06
  640.  0.000102639244  3.14028218E-06
  645.  9.9024867E-05  2.93961009E-06
  650.  9.53433524E-05  2.94500234E-06
  655.  9.12521667E-05  2.89415888E-06
  660.  9.16272215E-05  2.87079036E-06
  665.  8.41688543E-05  2.73275858E-06
  670.  8.59986748E-05  2.76743103E-06
  675.  8.2168112E-05  2.68841503E-06
  680.  7.59903832E-05  2.59371157E-06
  685.  7.98684746E-05  2.65749106E-06
  690.  7.13198392E-05  2.44837174E-06
  695.  6.96834493E-05  2.43677179E-06
  700.  6.51722628E-05  2.35070723E-06
  705.  6.592783E-05  2.37151692E-06
  710.  6.2973702E-05  2.27731368E-06
  715.  6.18157473E-05  2.28963448E-06
  720.  6.03845741E-05  2.22764264E-06
  725.  5.61646711E-05  2.1696242E-06
  730.  5.65295008E-05  2.17912123E-06
  735.  5.38936521E-05  2.08686238E-06
  740.  5.19997588E-05  2.07160616E-06
  745.  5.68118517E-05  2.1925128E-06
  750.  5.18919062E-05  2.06945408E-06
  755.  5.35443535E-05  2.12452488E-06
  760.  5.13891604E-05  2.05354909E-06
  765.  4.46358086E-05  1.85528132E-06
  770.  4.52127384E-05  1.87039099E-06
  775.  4.22406937E-05  1.79311804E-06
  780.  4.35018672E-05  1.84051681E-06
  785.  4.07837283E-05  1.78023502E-06
  790.  4.0318638E-05  1.77318328E-06
  795.  3.85665463E-05  1.73310255E-06
  800.  4.09466797E-05  1.77541346E-06
  805.  3.81669414E-05  1.69978367E-06
  810.  3.75811389E-05  1.71863815E-06
  815.  3.43241925E-05  1.58663076E-06
  820.  3.37515517E-05  1.58283077E-06
  825.  3.23027469E-05  1.56456714E-06
  830.  3.05213677E-05  1.4703639E-06
  835.  3.34111234E-05  1.570695E-06
  840.  3.07271179E-05  1.49087856E-06
  845.  2.98073525E-05  1.44809677E-06
  850.  3.10816834E-05  1.49984219E-06
  855.  2.9465597E-05  1.47387419E-06
  860.  2.68821075E-05  1.38455269E-06
  865.  2.38376796E-05  1.26229383E-06
  870.  2.41227584E-05  1.23536588E-06
  875.  2.66636813E-05  1.36705969E-06
  880.  2.56159367E-05  1.38062641E-06
  885.  2.48460174E-05  1.33342693E-06
  890.  2.46309665E-05  1.30138534E-06
  895.  2.25471016E-05  1.21286787E-06
  900.  2.19030402E-05  1.2147531E-06
  905.  2.09194339E-05  1.19789354E-06
  910.  2.12009466E-05  1.16665551E-06
  915.  2.05050433E-05  1.17699864E-06
  920.  2.20492289E-05  1.23919951E-06
  925.  1.92586633E-05  1.13849281E-06
  930.  1.91563377E-05  1.14338597E-06
  935.  1.99778441E-05  1.13535562E-06
  940.  1.75577769E-05  1.04518361E-06
  945.  1.95487265E-05  1.15568027E-06
