 -0.1  1103.91211  0.0594635985
  0.300666667  179.794123  0.0296357352
  0.701333333  93.1512512  0.0203906129
  1.102  62.4003107  0.0163202726
  1.50266667  46.5442791  0.0139830157
  1.90333333  36.8454404  0.0124453837
  2.304  30.3257975  0.0113459102
  2.70466667  25.6249427  0.0105012985
  3.10533333  22.0691584  0.00982024768
  3.506  19.3024983  0.00925280905
  3.90666667  17.0876153  0.00876948819
  4.30733333  15.2649233  0.00834699496
  4.708  13.7813943  0.00798126532
  5.10866667  12.4906628  0.00764147544
  5.50933333  11.4157495  0.00734646362
  5.91  10.4348136  0.00705577181
  6.31066667  9.60674834  0.00680051675
  6.71133333  8.88823088  0.0065685962
  7.112  8.2517974  0.00635403764
  7.51266667  7.66290174  0.00614271813
  7.91333333  7.14120535  0.00594916688
  8.314  6.6775267  0.00577080604
  8.71466667  6.22946257  0.00558742741
  9.11533333  5.86185086  0.00543815304
  9.516  5.50877813  0.00528610267
  9.91666667  5.17856767  0.00514010867
  10.3173333  4.87814397  0.00500117884
  10.718  4.59609502  0.0048628884
  11.1186667  4.33709889  0.00473780214
  11.5193333  4.09501369  0.00461174074
  11.92  3.88083533  0.00450234901
  12.3206667  3.67593876  0.00439197905
  12.7213333  3.47936939  0.00427848975
  13.122  3.29162359  0.0041717507
  13.5226667  3.12468585  0.00407301706
  13.9233333  2.96523881  0.00397492572
  14.324  2.81863333  0.00388273338
  14.7246667  2.66536371  0.00378291418
  15.1253333  2.53474727  0.00369975207
  15.526  2.39879563  0.00360155974
  15.9266667  2.27425895  0.00351286216
  16.3273333  2.16705848  0.00343651243
  16.728  2.04663041  0.00334320684
  17.1286667  1.94363662  0.00326439606
  17.5293333  1.84429982  0.00318755705
  17.93  1.74138931  0.0031013588
  18.3306667  1.64842748  0.00302127479
  18.7313333  1.55843893  0.00294456119
  19.132  1.47228877  0.00286217376
  19.5326667  1.38517046  0.00277793841
  19.9333333  1.30261639  0.00270026826
  20.334  1.2250017  0.00262281436
  20.7346667  1.14791688  0.00254254573
  21.1353333  1.07351651  0.00246206781
  21.536  0.997590872  0.00237053502
  21.9366667  0.925493963  0.00228534362
  22.3373333  0.852067961  0.0021989327
  22.738  0.777957609  0.00209860775
  23.1386667  0.702379499  0.00198957632
  23.5393333  0.632176212  0.00188002896
  23.94  0.556164752  0.00175357898
  24.3406667  0.480223938  0.00161842532
  24.7413333  0.395780907  0.0014374595
  25.142  0.312135559  0.00123952441
  25.5426667  0.23800189  0.0010202998
  25.9433333  0.186913365  0.000848374931
  26.344  0.153677301  0.000724569894
  26.7446667  0.132752507  0.000643767105
  27.1453333  0.11834589  0.000586722745
  27.546  0.104996716  0.000530843303
  27.9466667  0.095237637  0.00049322657
  28.3473333  0.0867125802  0.000458945402
  28.748  0.0793297462  0.000429361148
  29.1486667  0.0739640781  0.00040784586
  29.5493333  0.0682067305  0.000385664822
  29.95  0.0626803938  0.000360710473
  30.3506667  0.0583654205  0.000341360273
  30.7513333  0.0535347357  0.000316003744
  31.152  0.0496217119  0.00029347336
  31.5526667  0.0461389403  0.000272828915
  31.9533333  0.0429439192  0.000255617393
  32.354  0.0400555489  0.000241192286
  32.7546667  0.0380788522  0.000227889718
  33.1553333  0.0360378142  0.000218692235
  33.556  0.0343760826  0.000211033271
  33.9566667  0.0327244167  0.0002036379
  34.3573333  0.0312722156  0.000192260633
  34.758  0.0301091982  0.000190700093
  35.1586667  0.0288250982  0.000182886822
  35.5593333  0.0278543153  0.000179842336
  35.96  0.026502672  0.000171871408
  36.3606667  0.0253423836  0.000167085588
  36.7613333  0.0247109417  0.000166325861
  37.162  0.0239125688  0.000162831043
  37.5626667  0.0229017959  0.000157129335
  37.9633333  0.0220751346  0.000153117765
  38.364  0.0215136635  0.000150135211
  38.7646667  0.0206198995  0.000147121159
  39.1653333  0.0200731383  0.000145010857
  39.566  0.0194366199  0.000140674212
  39.9666667  0.0184271695  0.000134985157
  40.3673333  0.0181516766  0.000136497697
  40.768  0.0176266275  0.000134679771
  41.1686667  0.0170794083  0.000132016503
  41.5693333  0.0164275334  0.00012596023
  41.97  0.0159220848  0.000126321519
  42.3706667  0.0154944106  0.000126270199
  42.7713333  0.0149804058  0.000121011577
  43.172  0.0148111053  0.000122522885
  43.5726667  0.014247203  0.000120071061
  43.9733333  0.0139013356  0.00011656338
  44.374  0.0134755573  0.000116788328
  44.7746667  0.0129602358  0.000113486029
  45.1753333  0.0127486369  0.000114316077
  45.576  0.0122057692  0.000107878333
  45.9766667  0.0121322789  0.000111163623
  46.3773333  0.0116365334  0.0001072626
  46.778  0.0116272143  0.000109794683
  47.1786667  0.0111391191  0.000104196437
  47.5793333  0.0107736816  0.00010161388
  47.98  0.0106189744  0.000105555939
  48.3806667  0.0103238484  0.000108041133
  48.7813333  0.010029331  9.97174831E-05
  49.182  0.00978798722  9.93651347E-05
  49.5826667  0.00963835826  9.925007E-05
  49.9833333  0.00918254936  9.46080647E-05
  50.384  0.00920777861  9.76601012E-05
  50.7846667  0.00879860622  9.16773977E-05
  51.1853333  0.00844389478  9.14922489E-05
  51.586  0.00858448044  9.37322813E-05
  51.9866667  0.00830084746  8.93538612E-05
  52.3873333  0.00804071742  9.02375406E-05
  52.788  0.00780455369  8.53324927E-05
  53.1886667  0.00770617529  8.74244871E-05
  53.5893333  0.00728114113  8.40028234E-05
  53.99  0.00731441235  8.59568755E-05
  54.3906667  0.00712108223  8.54206208E-05
  54.7913333  0.00696540853  8.36665051E-05
  55.192  0.00674970075  8.09543626E-05
  55.5926667  0.00658116808  8.0072074E-05
  55.9933333  0.00653941969  7.82872108E-05
  56.394  0.00632109456  7.85819397E-05
  56.7946667  0.00617471943  7.88032274E-05
  57.1953333  0.00613737339  7.87483505E-05
  57.596  0.0057105353  7.22561335E-05
  57.9966667  0.00593911394  7.76706267E-05
  58.3973333  0.00575740257  7.79619985E-05
  58.798  0.00570648997  7.60938073E-05
  59.1986667  0.00537766574  7.21730433E-05
  59.5993333  0.00528146502  7.0321747E-05
