  20.  8.20041138  0.00465916538
  20.5  9.21415032  0.00496153251
  21.  9.87698274  0.00513769788
  21.5  10.4816326  0.00529469106
  22.  11.0560822  0.00543387443
  22.5  11.6238176  0.00556892225
  23.  12.2096521  0.00570490146
  23.5  12.8372487  0.00584273718
  24.  13.4943896  0.0059705795
  24.5  14.299508  0.00610492129
  25.  15.1579902  0.0062430359
  25.5  15.4864141  0.00635892251
  26.  15.8330055  0.00648470172
  26.5  16.1681557  0.00660533449
  27.  16.5111555  0.00671971477
  27.5  16.8779489  0.00683815408
  28.  17.2647323  0.00695999517
  28.5  17.6635328  0.00708029621
  29.  18.0854402  0.00719980854
  29.5  18.5289117  0.00732450598
  30.  18.9942371  0.00744836286
  30.5  19.4609485  0.00757313025
  31.  19.9517282  0.00769587908
  31.5  20.4682407  0.00782252468
  32.  21.0020128  0.00794953286
  32.5  21.5610845  0.00808172743
  33.  22.1374337  0.00820963279
  33.5  22.7614848  0.0083491706
  34.  23.3850375  0.00848454479
  34.5  24.0763913  0.00863107319
  35.  24.7727517  0.0087763992
  35.5  25.5251985  0.00892587062
  36.  26.2842695  0.00907399501
  36.5  27.1496867  0.0092428207
  37.  28.0478116  0.0094133635
  37.5  29.0058168  0.0095909217
  38.  30.0507834  0.00977975963
  38.5  31.1707979  0.00998194661
  39.  32.4043112  0.01019665
  39.5  33.7353662  0.0104211817
  40.  35.2175538  0.010669861
  40.5  36.9261248  0.0109506796
  41.  38.8413751  0.0112577008
  41.5  41.0846099  0.0116101941
  42.  43.6907464  0.0120088406
  42.5  46.8307958  0.0124722973
  43.  50.6824091  0.0130217987
  43.5  55.5588414  0.0136894183
  44.  61.7314396  0.0144895884
  44.5  68.8650678  0.0153567975
  45.  71.0193629  0.0156188787
  45.5  51.9056318  0.0133307641
  46.  27.0623271  0.0095182841
  46.5  14.8384414  0.00689060776
  47.  9.34513267  0.00532164509
  47.5  6.48066657  0.00432531126
  48.  4.81563108  0.00366853864
  48.5  3.73896018  0.00320750796
  49.  3.00760257  0.0028907426
  49.5  2.48151948  0.00267431842
  50.  2.09423389  0.00257260357
  50.5  1.7966857  0.00246392722
  51.  1.56410657  0.00222945068
  51.5  1.37208065  0.00203757232
  52.  1.21664397  0.00186834208
  52.5  1.08847288  0.00172729327
  53.  0.981754312  0.00160899143
  53.5  0.891941939  0.00150707707
  54.  0.809926683  0.00141018494
  54.5  0.739648701  0.00132619709
  55.  0.681345216  0.00125508508
  55.5  0.628825592  0.00119009976
  56.  0.582013427  0.00113448797
  56.5  0.541879118  0.0010833646
  57.  0.506061161  0.00103610995
  57.5  0.471204548  0.000992203503
  58.  0.441226856  0.000952151123
  58.5  0.414976088  0.000918557741
  59.  0.390847867  0.000888047252
  59.5  0.368706472  0.000857746679
  60.  0.346985509  0.000828585756
  60.5  0.327347686  0.000803700974
  61.  0.312447191  0.000786251138
  61.5  0.295106996  0.000761013776
  62.  0.280500797  0.000744139542
  62.5  0.267556988  0.000727812769
  63.  0.254482901  0.00071022253
  63.5  0.240596381  0.000687770238
  64.  0.230599781  0.000681579134
  64.5  0.219742623  0.000667984148
  65.  0.211783289  0.000665431869
  65.5  0.201823847  0.000652326588
  66.  0.19401483  0.00063841652
  66.5  0.184754319  0.000618357219
  67.  0.176976004  0.000600687794
  67.5  0.169952496  0.000586745217
  68.  0.163103948  0.000572242895
  68.5  0.159007951  0.000566170097
  69.  0.151162903  0.000544744779
  69.5  0.146088118  0.000535456129
  70.  0.140404513  0.000520565499
  70.5  0.134768659  0.000508509875
  71.  0.129637966  0.000495525306
  71.5  0.126353822  0.000489810185
  72.  0.120916113  0.000476474827
  72.5  0.116530775  0.000463792854
  73.  0.113406063  0.000457931575
  73.5  0.109522717  0.000448048307
  74.  0.105849719  0.00043958794
  74.5  0.101707167  0.000430001175
  75.  0.0981731339  0.000418147295
  75.5  0.0953916184  0.000412088523
  76.  0.0935906793  0.00040856995
  76.5  0.0891078519  0.000394010113
  77.  0.0871865503  0.000391348779
  77.5  0.083333758  0.000379286319
  78.  0.082038746  0.000377495929
  78.5  0.080059896  0.000373210766
  79.  0.0775465225  0.000365303035
  79.5  0.0742281071  0.000354696751
  80.  0.0723424284  0.000350650041
  80.5  0.0708184634  0.000346197136
  81.  0.0683213134  0.000337477437
  81.5  0.0667791684  0.000334541195
  82.  0.0646898484  0.000328453771
  82.5  0.0624409485  0.000319118638
  83.  0.0613520283  0.00031658695
  83.5  0.0596240165  0.000312507037
  84.  0.058110708  0.000308724803
  84.5  0.0568216446  0.000304593049
  85.  0.0544191685  0.000295869398
  85.5  0.0530089112  0.000291376342
  86.  0.0519796559  0.000287467238
  86.5  0.0510462378  0.000285782472
  87.  0.0491840073  0.000278712105
  87.5  0.0489005958  0.000278729906
  88.  0.046982916  0.000272322954
  88.5  0.0458861959  0.000267760384
  89.  0.044533953  0.000264181382
  89.5  0.0439699263  0.000262446839
  90.  0.0423246766  0.000255130664
  90.5  0.0415615194  0.000253301055
  91.  0.0407309883  0.000250661585
  91.5  0.0395254249  0.000245669517
  92.  0.0385578946  0.000242633242
  92.5  0.0370086053  0.000235083711
  93.  0.0367494455  0.000235841013
  93.5  0.0361107575  0.000233731172
  94.  0.0352173443  0.000230518855
  94.5  0.034470499  0.000227968614
