 -2.5  92.2930815  0.0709164222
 -2.46666667  93.7390197  0.0714347231
 -2.43333333  95.4224183  0.0720629426
 -2.4  97.2839455  0.0728071853
 -2.36666667  98.8547489  0.0733158979
 -2.33333333  100.557293  0.0739671297
 -2.3  102.098366  0.0744802374
 -2.26666667  103.840909  0.0750726434
 -2.23333333  105.546308  0.0756527576
 -2.2  107.023578  0.0760493524
 -2.16666667  108.835925  0.0766798739
 -2.13333333  110.419577  0.0771400136
 -2.1  112.023461  0.0775945972
 -2.06666667  113.658178  0.0780706391
 -2.03333333  115.375  0.0785350752
 -2.  117.067768  0.0790168499
 -1.96666667  118.86399  0.0795052283
 -1.93333333  120.354575  0.079843024
 -1.9  121.920843  0.0802115655
 -1.86666667  123.67431  0.0806398906
 -1.83333333  125.288331  0.0810134401
 -1.8  127.048116  0.0814102071
 -1.76666667  128.682294  0.081759104
 -1.73333333  130.269168  0.0820282084
 -1.7  131.896434  0.0823599656
 -1.66666667  133.528448  0.0826377776
 -1.63333333  135.233977  0.0829424663
 -1.6  136.862354  0.0832268219
 -1.56666667  138.26231  0.0833972683
 -1.53333333  139.923533  0.0836914318
 -1.5  141.357318  0.0838327939
 -1.46666667  143.169631  0.084162333
 -1.43333333  144.711502  0.084365077
 -1.4  146.402912  0.0845859099
 -1.36666667  147.781578  0.0847175484
 -1.33333333  149.231028  0.0848200328
 -1.3  150.852709  0.085029558
 -1.26666667  152.243513  0.0851152057
 -1.23333333  153.891173  0.0853394167
 -1.2  155.376912  0.0854610662
 -1.16666667  156.840589  0.0855712417
 -1.13333333  158.186014  0.0856755729
 -1.1  159.935326  0.0859611658
 -1.06666667  161.153023  0.0859350179
 -1.03333333  162.274548  0.085926323
 -1.  163.758502  0.0861033852
 -0.966666667  165.105773  0.0861963336
 -0.933333333  166.485951  0.0863155464
 -0.9  167.630081  0.0863432812
 -0.866666667  169.164254  0.0865126608
 -0.833333333  170.310281  0.0865820757
 -0.8  171.428495  0.086625238
 -0.766666667  172.580247  0.0866658612
 -0.733333333  173.917244  0.0868398635
 -0.7  175.052358  0.0869502324
 -0.666666667  176.196568  0.0870334418
 -0.633333333  177.173913  0.0870864001
 -0.6  178.359164  0.087252702
 -0.566666667  179.2941  0.0873221733
 -0.533333333  180.401901  0.0874377102
 -0.5  181.425641  0.0875712626
 -0.466666667  182.364096  0.0876917337
 -0.433333333  183.006352  0.0877151841
 -0.4  183.773322  0.0877653091
 -0.366666667  184.510896  0.087898355
 -0.333333333  184.92085  0.087845752
 -0.3  185.163298  0.0878074304
 -0.266666667  185.717883  0.0879053031
 -0.233333333  185.945855  0.0878541768
 -0.2  186.452769  0.0879703648
 -0.166666667  186.440325  0.0878639289
 -0.133333333  186.717416  0.0879094229
 -0.1  186.778384  0.0878837934
 -0.0666666667  186.947317  0.0879232058
 -0.0333333333  186.895152  0.0878448753
 -9.41900637E-19  187.048761  0.0879162047
  0.0333333333  187.098837  0.0879606068
  0.0666666667  186.783284  0.0878692432
  0.1  186.696042  0.0878540372
  0.133333333  186.441742  0.0878849772
  0.166666667  186.334455  0.087895266
  0.2  185.931989  0.0878324506
  0.233333333  185.600241  0.0878401558
  0.266666667  185.297151  0.0878453087
  0.3  184.920405  0.0878708911
  0.333333333  184.520799  0.0878914733
  0.366666667  183.817694  0.087805004
  0.4  183.21319  0.0877796116
  0.433333333  182.356201  0.0876636321
  0.466666667  181.333321  0.0875377126
  0.5  180.529197  0.0875142006
  0.533333333  179.431429  0.0873541679
  0.566666667  178.588411  0.0873311532
  0.6  177.193126  0.0870995029
  0.633333333  176.126236  0.0870294107
  0.666666667  175.020111  0.086924903
  0.7  173.900685  0.0868528489
  0.733333333  172.810166  0.0867942484
  0.766666667  171.654617  0.0867043335
  0.8  170.265897  0.0865445945
  0.833333333  169.139235  0.0865589542
  0.866666667  167.83782  0.0864180151
  0.9  166.613657  0.0863720651
  0.933333333  165.354099  0.0862639967
  0.966666667  163.803761  0.0861011441
  1.  162.424143  0.0860051007
  1.03333333  161.095082  0.0859390775
  1.06666667  159.771377  0.0858353303
  1.1  158.33313  0.0857153623
  1.13333333  156.929162  0.0856475241
  1.16666667  155.525978  0.0855485759
  1.2  153.962071  0.0853627561
  1.23333333  152.436292  0.0851552122
  1.26666667  150.966163  0.0850647333
  1.3  149.497939  0.0849411434
  1.33333333  147.724085  0.0846404799
  1.36666667  146.382322  0.0845721199
  1.4  144.698673  0.084284749
  1.43333333  143.157152  0.0841698571
  1.46666667  141.642439  0.0839521925
  1.5  139.891888  0.0836297939
  1.53333333  138.325968  0.0834575057
  1.56666667  136.770492  0.0832248777
  1.6  135.160531  0.0829225216
  1.63333333  133.555858  0.0826489779
  1.66666667  131.986927  0.0823802245
  1.7  130.232723  0.0820215874
  1.73333333  128.6958  0.0817423242
  1.76666667  126.826973  0.0812754778
  1.8  125.354131  0.0810202822
  1.83333333  123.743964  0.0806791004
  1.86666667  122.168519  0.0803333216
  1.9  120.398738  0.0798627806
  1.93333333  118.742902  0.0794375395
  1.96666667  117.111501  0.0790630322
  2.  115.30237  0.0785333219
  2.03333333  113.778535  0.0781189839
  2.06666667  112.097452  0.0776289038
  2.1  110.420144  0.0771385167
  2.13333333  108.776394  0.0766220214
  2.16666667  106.902713  0.0759984756
  2.2  105.474768  0.075607112
  2.23333333  103.770861  0.0750327089
  2.26666667  102.061246  0.0744691646
  2.3  100.498501  0.0739016947
  2.33333333  98.7814875  0.0733221834
  2.36666667  97.1181011  0.0727256063
  2.4  95.5365112  0.0721691479
  2.43333333  93.9983841  0.0715783952
  2.46666667  92.2808518  0.0709118806
