  50.  1.44630005  0.000236063938
  55.  1.34020291  0.000257498511
  60.  1.72359681  0.000535802375
  65.  2.40657519  0.000774157204
  70.  3.45886169  0.00099949767
  75.  5.51077202  0.00130948175
  80.  10.7595265  0.00187754346
  85.  39.3448177  0.0036025571
  90.  70.6597584  0.00465284541
  95.  6.25674688  0.00131292427
  100.  1.93515424  0.000868348902
  105.  0.959354295  0.000567310549
  110.  0.579301025  0.000401831775
  115.  0.39091388  0.000308738753
  120.  0.281713556  0.000250082158
  125.  0.213000914  0.00021437079
  130.  0.166313182  0.000208240162
  135.  0.13325535  0.000183229047
  140.  0.108978247  0.000161231431
  145.  0.0906300172  0.000143744537
  150.  0.0759574051  0.000128896587
  155.  0.0644957228  0.000116558298
  160.  0.0554656674  0.000106361812
  165.  0.0479326808  9.75260658E-05
  170.  0.0415701724  8.91269669E-05
  175.  0.0366480119  8.29137092E-05
  180.  0.0321183691  7.66211277E-05
  185.  0.0285644766  7.15867385E-05
  190.  0.0254042125  6.70095102E-05
  195.  0.0225049799  6.21858045E-05
  200.  0.0201842286  5.82532928E-05
  205.  0.0182054146  5.50294345E-05
  210.  0.01644974  5.19382753E-05
  215.  0.0148291075  4.88331047E-05
  220.  0.0135322634  4.63818993E-05
  225.  0.0123050304  4.38362565E-05
  230.  0.0112178926  4.17348404E-05
  235.  0.0101489215  3.93852993E-05
  240.  0.00934525063  3.73452509E-05
  245.  0.00860142284  3.56758001E-05
  250.  0.00784583327  3.38013482E-05
  255.  0.00727436256  3.23560738E-05
  260.  0.00671465384  3.09545781E-05
  265.  0.00624394535  2.98178441E-05
  270.  0.00571162368  2.81925051E-05
  275.  0.0052548253  2.67337632E-05
  280.  0.00493202237  2.58770649E-05
  285.  0.00457590371  2.48176103E-05
  290.  0.00430373606  2.40998787E-05
  295.  0.00400702475  2.31754571E-05
  300.  0.00368888583  2.18408848E-05
  305.  0.00347532262  2.11566015E-05
  310.  0.00323647033  2.03055426E-05
  315.  0.0030575623  1.97261659E-05
  320.  0.00285728217  1.89669872E-05
  325.  0.00271914121  1.86387813E-05
  330.  0.0025263383  1.77618503E-05
  335.  0.00235716151  1.70286683E-05
  340.  0.00221931488  1.63798703E-05
  345.  0.00209535202  1.58825061E-05
  350.  0.00195588321  1.53109236E-05
  355.  0.00187596165  1.49018309E-05
  360.  0.00176859806  1.44437626E-05
  365.  0.00166226093  1.3965367E-05
  370.  0.00158361542  1.35708764E-05
  375.  0.00151638029  1.33185987E-05
  380.  0.00140171753  1.2627557E-05
  385.  0.00137513521  1.25598307E-05
  390.  0.00127981306  1.21036571E-05
  395.  0.00122196759  1.17299074E-05
  400.  0.00113291044  1.11606119E-05
  405.  0.00109167497  1.09310704E-05
  410.  0.00103497846  1.05951797E-05
  415.  0.00099951316  1.040393E-05
  420.  0.000942484601  1.00962297E-05
  425.  0.000925429713  1.00352553E-05
  430.  0.000856740109  9.52034274E-06
  435.  0.000810534988  9.22554133E-06
  440.  0.000772793085  8.89271229E-06
  445.  0.000740932903  9.5587733E-06
  450.  0.000724438093  8.7772113E-06
  455.  0.000680014821  8.28824593E-06
  460.  0.000643858661  8.08768162E-06
  465.  0.000603265634  7.79237279E-06
  470.  0.000596877655  7.77255002E-06
  475.  0.000578937878  7.62190826E-06
  480.  0.000544097128  7.3787437E-06
  485.  0.000518305908  7.13462201E-06
  490.  0.00050122532  6.94852917E-06
  495.  0.000470418899  6.67567327E-06
  500.  0.000460490824  6.6380057E-06
  505.  0.000437310671  6.43043167E-06
  510.  0.00041652561  6.21254306E-06
  515.  0.000399007099  6.00276698E-06
  520.  0.000395661552  6.11501494E-06
  525.  0.000374314467  5.96205772E-06
  530.  0.000354127237  5.6682602E-06
  535.  0.000344179243  5.66677536E-06
  540.  0.000334451135  5.54913654E-06
  545.  0.000314349655  5.22525501E-06
  550.  0.000298213435  5.17073707E-06
  555.  0.000287167589  5.01886208E-06
  560.  0.000290372569  5.14029858E-06
  565.  0.000267109106  4.78331742E-06
  570.  0.000270054919  4.89849712E-06
  575.  0.000250431797  4.64108597E-06
  580.  0.000243549608  4.59393873E-06
  585.  0.0002354117  4.46903589E-06
  590.  0.000224356688  4.31794178E-06
  595.  0.000219443472  4.3422304E-06
  600.  0.000206256821  4.1738487E-06
  605.  0.000205873037  4.12547524E-06
  610.  0.000200261016  4.10584637E-06
  615.  0.000191735948  3.91269865E-06
  620.  0.000182882751  3.86450713E-06
  625.  0.000173749476  3.69948218E-06
  630.  0.000179610531  3.86025094E-06
  635.  0.000167548483  3.64802891E-06
  640.  0.000163992671  3.6942607E-06
  645.  0.000156983241  3.46838978E-06
  650.  0.000151499549  3.46462598E-06
  655.  0.000147234462  3.43663635E-06
  660.  0.000141964565  3.33210708E-06
  665.  0.000132504833  3.20870563E-06
  670.  0.00013444669  3.2036787E-06
  675.  0.000129477249  3.16237736E-06
  680.  0.000122241751  3.03177166E-06
  685.  0.000125201237  3.11976644E-06
  690.  0.000115340442  2.92165492E-06
  695.  0.000113374031  2.92429834E-06
  700.  0.000106302622  2.80526789E-06
  705.  0.000103729459  2.77436827E-06
  710.  9.94274522E-05  2.69443179E-06
  715.  9.78693309E-05  2.66641895E-06
  720.  9.44880332E-05  2.60273013E-06
  725.  9.41156959E-05  2.61183964E-06
  730.  9.15244202E-05  2.57539997E-06
  735.  8.72058365E-05  2.4753986E-06
  740.  8.28303494E-05  2.42175599E-06
  745.  8.91765465E-05  2.58161208E-06
  750.  8.24408681E-05  2.45583508E-06
  755.  8.103582E-05  2.43273249E-06
  760.  7.98128775E-05  2.37039023E-06
  765.  7.45815496E-05  2.24839689E-06
  770.  7.24882262E-05  2.21329563E-06
  775.  6.77814984E-05  2.10956227E-06
  780.  6.95493755E-05  2.17940523E-06
  785.  6.63820783E-05  2.11808844E-06
  790.  6.36099684E-05  2.07034587E-06
  795.  6.31306929E-05  2.06525131E-06
