  500.  0.000295829078  1.71810015E-06
  510.  0.000271219645  1.62532108E-06
  520.  0.00025137332  1.55436007E-06
  530.  0.000231530803  1.47823031E-06
  540.  0.000214107732  1.40803938E-06
  550.  0.00019952395  1.3507166E-06
  560.  0.000185066529  1.28870774E-06
  570.  0.000170884874  1.22787543E-06
  580.  0.000163232668  1.19336086E-06
  590.  0.000148534058  1.12452084E-06
  600.  0.00014261159  1.09901257E-06
  610.  0.000129500541  1.03500739E-06
  620.  0.000123974701  1.01370826E-06
  630.  0.000114805428  9.59514649E-07
  640.  0.000108747968  9.30563298E-07
  650.  0.000101910065  8.94703789E-07
  660.  9.41160949E-05  8.47825197E-07
  670.  8.99420034E-05  8.27200059E-07
  680.  8.41738595E-05  7.90733325E-07
  690.  7.73663274E-05  7.49676891E-07
  700.  7.48448266E-05  7.35953895E-07
  710.  7.00563279E-05  7.07636772E-07
  720.  6.63229263E-05  6.84924347E-07
  730.  6.19905336E-05  6.57382915E-07
  740.  6.02527743E-05  6.41635155E-07
  750.  5.56300585E-05  6.10928843E-07
  760.  5.14386636E-05  5.82674488E-07
  770.  4.90548758E-05  5.66081184E-07
  780.  4.59394483E-05  5.43165944E-07
  790.  4.45966022E-05  5.30359885E-07
  800.  4.25705456E-05  5.18892668E-07
  810.  3.97703368E-05  4.94354376E-07
  820.  3.84093567E-05  4.84972379E-07
  830.  3.56519505E-05  4.60549256E-07
  840.  3.47439947E-05  4.53533839E-07
  850.  3.22377646E-05  4.3298619E-07
  860.  3.1583464E-05  4.28377742E-07
  870.  2.95748929E-05  4.11524878E-07
  880.  2.81349025E-05  3.96657575E-07
  890.  2.67398344E-05  3.83851782E-07
  900.  2.54656377E-05  3.72647147E-07
  910.  2.34467853E-05  3.52614396E-07
  920.  2.31149496E-05  3.51398127E-07
  930.  2.17640461E-05  3.36265511E-07
  940.  2.10300996E-05  3.30873896E-07
  950.  2.06642167E-05  3.25382337E-07
  960.  1.87456699E-05  3.0550964E-07
  970.  1.80346836E-05  3.00075714E-07
  980.  1.74013119E-05  2.91226436E-07
  990.  1.59806245E-05  2.77352823E-07
  1000.  1.61852065E-05  2.77352289E-07
  1010.  1.50426675E-05  2.69306343E-07
  1020.  1.4456613E-05  2.60752493E-07
  1030.  1.3856289E-05  2.52380351E-07
  1040.  1.31968244E-05  2.44838061E-07
  1050.  1.23980169E-05  2.35660142E-07
  1060.  1.19981424E-05  2.30437624E-07
  1070.  1.11792796E-05  2.1785727E-07
  1080.  1.09211779E-05  2.16108203E-07
  1090.  1.09452182E-05  2.15951718E-07
  1100.  9.97528558E-06  2.03939573E-07
  1110.  9.52093731E-06  1.98850638E-07
  1120.  9.47969715E-06  1.96365975E-07
  1130.  8.68258437E-06  1.86172933E-07
  1140.  8.59357771E-06  1.83524764E-07
  1150.  8.25433855E-06  1.8043651E-07
  1160.  7.85638446E-06  1.73933645E-07
  1170.  7.75162508E-06  1.70904931E-07
  1180.  7.0926522E-06  1.62153618E-07
  1190.  6.79141664E-06  1.57786688E-07
  1200.  6.92587445E-06  1.59866037E-07
  1210.  6.48771897E-06  1.54354981E-07
  1220.  6.2551368E-06  1.49993894E-07
  1230.  5.84493192E-06  1.44071604E-07
  1240.  5.75031441E-06  1.42651376E-07
  1250.  5.63850565E-06  1.39486316E-07
  1260.  5.52191284E-06  1.37581041E-07
  1270.  5.13390271E-06  1.30438897E-07
  1280.  5.02236587E-06  1.28137846E-07
  1290.  4.70573378E-06  1.24111589E-07
  1300.  4.32600117E-06  1.16858506E-07
  1310.  4.54279768E-06  1.21213185E-07
  1320.  4.61265901E-06  1.21328443E-07
  1330.  4.29036547E-06  1.15957846E-07
  1340.  3.90104588E-06  1.08859879E-07
  1350.  3.86542175E-06  1.07546978E-07
  1360.  3.66796453E-06  1.05183948E-07
  1370.  3.4624201E-06  1.01461381E-07
  1380.  3.45586963E-06  9.99243603E-08
  1390.  3.30062226E-06  9.64618586E-08
  1400.  3.20206563E-06  9.49204923E-08
  1410.  3.04463592E-06  9.21192844E-08
  1420.  2.79599296E-06  8.84886678E-08
  1430.  2.88983736E-06  8.87908645E-08
  1440.  2.66256225E-06  8.5019627E-08
  1450.  2.66310184E-06  8.35657065E-08
  1460.  2.51475481E-06  8.12060101E-08
  1470.  2.57101956E-06  8.2262152E-08
  1480.  2.34991701E-06  7.80992858E-08
  1490.  2.39368902E-06  7.82140104E-08
  1500.  2.23624985E-06  7.4276759E-08
  1510.  2.02933831E-06  7.10621758E-08
  1520.  2.0084817E-06  6.98196902E-08
  1530.  2.1027984E-06  7.13326947E-08
  1540.  1.90602272E-06  6.69344401E-08
  1550.  1.89547014E-06  6.70393049E-08
  1560.  1.75499452E-06  6.40874186E-08
  1570.  1.90490685E-06  6.69204642E-08
  1580.  1.6535235E-06  6.11384064E-08
  1590.  1.65316222E-06  6.1128959E-08
  1600.  1.58900152E-06  5.95564422E-08
  1610.  1.526139E-06  5.80166005E-08
  1620.  1.46232364E-06  5.55707005E-08
  1630.  1.4379585E-06  5.50545054E-08
  1640.  1.41833538E-06  5.50514987E-08
  1650.  1.4854121E-06  5.61228365E-08
  1660.  1.27544185E-06  5.09418008E-08
  1670.  1.30894952E-06  5.20626596E-08
  1680.  1.27865589E-06  5.12553054E-08
  1690.  1.16653941E-06  4.80501259E-08
  1700.  1.17167651E-06  4.78408313E-08
  1710.  1.11242078E-06  4.62664996E-08
  1720.  1.03079824E-06  4.43239978E-08
  1730.  9.81387414E-07  4.21143598E-08
  1740.  9.29035422E-07  4.09049664E-08
  1750.  1.07213891E-06  4.44292345E-08
  1760.  1.022456E-06  4.42144658E-08
  1770.  9.32596566E-07  4.02173843E-08
  1780.  8.42237719E-07  3.92373715E-08
  1790.  8.15023727E-07  3.72145485E-08
  1800.  8.63506011E-07  3.80459903E-08
  1810.  8.58376872E-07  3.83754713E-08
  1820.  8.22569212E-07  3.76376794E-08
  1830.  7.99627141E-07  3.66876017E-08
  1840.  7.84537075E-07  3.60503636E-08
  1850.  6.76884565E-07  3.34425571E-08
  1860.  7.54580248E-07  3.51524528E-08
  1870.  6.9469256E-07  3.38551253E-08
  1880.  7.33795876E-07  3.44555091E-08
  1890.  5.8986534E-07  2.92807399E-08
  1900.  6.30371997E-07  3.12760421E-08
  1910.  6.64548671E-07  3.19334493E-08
  1920.  5.45866481E-07  2.86224274E-08
  1930.  5.91209232E-07  2.9555739E-08
  1940.  5.53951434E-07  2.80818437E-08
  1950.  4.89572678E-07  2.6141208E-08
  1960.  5.5822155E-07  2.86155885E-08
  1970.  5.46484849E-07  2.72591518E-08
  1980.  4.97293539E-07  2.6248131E-08
  1990.  4.93894483E-07  2.60444972E-08
