  100.  1.2046333  0.0020057827
  100.266667  1.15244559  0.00193913656
  100.533333  1.10112396  0.00187504163
  100.8  1.05293281  0.00181234854
  101.066667  1.00869639  0.0017548701
  101.333333  0.970407873  0.00170391798
  101.6  0.930857552  0.00165116445
  101.866667  0.894680388  0.00160172289
  102.133333  0.861657318  0.00155651276
  102.4  0.82912148  0.00151128674
  102.666667  0.79934154  0.00146933855
  102.933333  0.771866943  0.00143061134
  103.2  0.747070262  0.00139503642
  103.466667  0.719746727  0.00135666573
  103.733333  0.697446667  0.00132267943
  104.  0.671881001  0.00128687912
  104.266667  0.652354539  0.00125770036
  104.533333  0.631460045  0.00122677974
  104.8  0.612994699  0.0011984319
  105.066667  0.595835231  0.00117255077
  105.333333  0.576059947  0.00114318599
  105.6  0.560037737  0.00111855018
  105.866667  0.544506852  0.00109379242
  106.133333  0.529956234  0.00107166807
  106.4  0.512804831  0.00104579115
  106.666667  0.50165405  0.00102764161
  106.933333  0.486081271  0.00100366629
  107.2  0.473850974  0.000984307282
  107.466667  0.460521871  0.00096383153
  107.733333  0.450022081  0.000945713574
  108.  0.437808966  0.000926594722
  108.266667  0.428428424  0.000910909137
  108.533333  0.417970927  0.000894415904
  108.8  0.40794862  0.000877768327
  109.066667  0.398035875  0.000861812077
  109.333333  0.38715658  0.000844272339
  109.6  0.378586148  0.000829721006
  109.866667  0.37111568  0.000816787184
  110.133333  0.362641095  0.000803114587
  110.4  0.354150352  0.000789181267
  110.666667  0.346003868  0.000775429028
  110.933333  0.338884251  0.00076320307
  111.2  0.331371516  0.000750492093
  111.466667  0.324006721  0.000738346847
  111.733333  0.317123605  0.000726959652
  112.  0.312255587  0.00071757944
  112.266667  0.305433372  0.000705783135
  112.533333  0.299056556  0.000695157182
  112.8  0.291771806  0.000683059677
  113.066667  0.286795571  0.00067346843
  113.333333  0.281958214  0.000665119598
  113.6  0.275103477  0.000653594882
  113.866667  0.270099217  0.000644751248
  114.133333  0.26548785  0.000636689293
  114.4  0.260045982  0.000627001353
  114.666667  0.256787617  0.000621200134
  114.933333  0.252201361  0.00061224004
  115.2  0.246009854  0.000601736592
  115.466667  0.242351273  0.000594919108
  115.733333  0.237231722  0.000586375407
  116.  0.233547169  0.000579174982
  116.266667  0.229286099  0.000571462457
  116.533333  0.225301741  0.00056414041
  116.8  0.220474094  0.000556208509
  117.066667  0.218441463  0.000552014904
  117.333333  0.214410074  0.000543988519
  117.6  0.210623903  0.0005382459
  117.866667  0.207288311  0.000531338825
  118.133333  0.203762891  0.000524131643
  118.4  0.200870899  0.000519251583
  118.666667  0.197085683  0.000512234774
  118.933333  0.193447777  0.00050589788
  119.2  0.191207962  0.000501475071
  119.466667  0.187800619  0.000494713164
  119.733333  0.18549062  0.000490889744
  120.  0.182033237  0.000484428153
  120.266667  0.179381267  0.000478777455
  120.533333  0.176504249  0.000473741083
  120.8  0.174034449  0.000469001189
  121.066667  0.170929149  0.000462991917
  121.333333  0.168347462  0.000457979369
  121.6  0.166674527  0.000454802657
  121.866667  0.163640819  0.000448825188
  122.133333  0.16093071  0.000443542986
  122.4  0.159376169  0.000440790818
  122.666667  0.156539062  0.000435228378
  122.933333  0.154616046  0.000431351936
  123.2  0.152547008  0.000427217102
  123.466667  0.149816448  0.000421957097
  123.733333  0.147567332  0.000417661608
  124.  0.146107932  0.000414130022
  124.266667  0.14367015  0.00041004245
  124.533333  0.141576921  0.000405362129
  124.8  0.14057044  0.00040359434
  125.066667  0.138124867  0.00039895358
  125.333333  0.136074024  0.000394307823
  125.6  0.135077114  0.000392234246
  125.866667  0.132768932  0.000387934359
  126.133333  0.131118283  0.000384520642
  126.4  0.128842517  0.00037979041
  126.666667  0.128318663  0.000378604501
  126.933333  0.125952905  0.000373920912
  127.2  0.123987911  0.000370336005
  127.466667  0.122530218  0.000366867793
  127.733333  0.121417182  0.000364757019
  128.  0.119581606  0.000361030834
  128.266667  0.118241053  0.000358469267
  128.533333  0.117221221  0.00035612635
  128.8  0.115101316  0.000351652727
  129.066667  0.114028053  0.000349621844
  129.333333  0.112236367  0.000345454379
  129.6  0.110738459  0.000342826253
  129.866667  0.109609823  0.000339871331
  130.133333  0.108479536  0.000337618293
  130.4  0.107202057  0.000334824276
  130.666667  0.106254581  0.000332948741
  130.933333  0.104442106  0.000329195619
  131.2  0.103229952  0.000326720862
  131.466667  0.102023412  0.00032420262
  131.733333  0.101081496  0.000322011183
  132.  0.0996622614  0.000319149655
  132.266667  0.0984913569  0.000316397723
  132.533333  0.0970096152  0.000313248912
  132.8  0.0968745985  0.000313083878
  133.066667  0.0948958047  0.000309081766
  133.333333  0.0941163782  0.000306954527
  133.6  0.0929533504  0.000304538619
  133.866667  0.0918787006  0.000302223838
  134.133333  0.0910672374  0.000300432599
  134.4  0.0901832753  0.000298316146
  134.666667  0.0890126782  0.000295691835
  134.933333  0.0885045879  0.000294271525
  135.2  0.087468048  0.000292470325
  135.466667  0.0861331689  0.000289532411
  135.733333  0.0854704727  0.000287569159
  136.  0.0841005406  0.00028474245
  136.266667  0.0834283307  0.000283101244
  136.533333  0.0825067484  0.000280937018
  136.8  0.0812682043  0.000278468398
  137.066667  0.080552009  0.000276806112
  137.333333  0.0799695673  0.000275654253
  137.6  0.0788638352  0.000272607887
  137.866667  0.0785781896  0.000271976638
  138.133333  0.0772101058  0.000269120044
  138.4  0.0769032832  0.000268628249
  138.666667  0.0758374698  0.000266003784
  138.933333  0.0748884872  0.000263553811
  139.2  0.0737379926  0.000261436045
  139.466667  0.0733565079  0.000260418372
  139.733333  0.0727842224  0.000258968488
