  20.  8.20791062  0.00472484224
  20.5  8.64162301  0.00486166262
  21.  9.08337087  0.0049967998
  21.5  9.53534268  0.00512916004
  22.  10.0195859  0.00526843083
  22.5  10.5118417  0.0054036453
  23.  11.0371262  0.0055393939
  23.5  11.6000429  0.00567722653
  24.  12.227497  0.00581633628
  24.5  13.0293772  0.00595516004
  25.  13.9404116  0.00610212448
  25.5  14.1795897  0.00622442223
  26.  14.4395711  0.00634890379
  26.5  14.7247941  0.0064729299
  27.  15.0534955  0.00660495919
  27.5  15.3985043  0.00673708168
  28.  15.7531306  0.00686506969
  28.5  16.1238495  0.00699407877
  29.  16.5224142  0.0071239916
  29.5  16.9283185  0.00725375772
  30.  17.3674176  0.0073889566
  30.5  17.8503161  0.00753080779
  31.  18.326207  0.00766557521
  31.5  18.8210962  0.00780369885
  32.  19.3458026  0.0079450523
  32.5  19.9000746  0.0080911968
  33.  20.492002  0.00824167087
  33.5  21.0943058  0.00839088729
  34.  21.7541059  0.00855230555
  34.5  22.4221018  0.00870996914
  35.  23.1276663  0.00887229622
  35.5  23.8843093  0.00904365239
  36.  24.7047748  0.00922518949
  36.5  25.5564742  0.00940754705
  37.  26.4921254  0.00960492066
  37.5  27.4813793  0.00981006889
  38.  28.5628379  0.0100282702
  38.5  29.7378784  0.0102615386
  39.  31.0659337  0.0105191129
  39.5  32.4836522  0.010787698
  40.  34.0963576  0.0110861304
  40.5  35.9466161  0.0114233644
  41.  38.0692522  0.0117993031
  41.5  40.5686385  0.0122311184
  42.  43.5254537  0.0127287928
  42.5  47.173732  0.0133190181
  43.  51.8144427  0.0140393493
  43.5  57.8549741  0.014924417
  44.  65.9752582  0.0160378523
  44.5  76.6023006  0.0173794028
  45.  83.5128154  0.0181944019
  45.5  63.4514912  0.0157477857
  46.  32.7479664  0.011032696
  46.5  17.4942838  0.00774085364
  47.  10.7573417  0.00578200475
  47.5  7.34635025  0.004538178
  48.  5.37438506  0.00368509598
  48.5  4.14295591  0.00307457396
  49.  3.3011868  0.00261320407
  49.5  2.70624343  0.00225887136
  50.  2.2677076  0.00197965323
  50.5  1.93089907  0.0017533449
  51.  1.66844782  0.00156852676
  51.5  1.46202754  0.00141724638
  52.  1.28907608  0.00128719359
  52.5  1.15065061  0.00117923187
  53.  1.03357283  0.00108594824
  53.5  0.9320452  0.00100384777
  54.  0.848520182  0.000934230824
  54.5  0.774596565  0.000871667508
  55.  0.710411084  0.000816827534
  55.5  0.653796238  0.000767585511
  56.  0.606143928  0.000725027767
  56.5  0.560829704  0.000684398917
  57.  0.522834532  0.000649997409
  57.5  0.487572881  0.000617322699
  58.  0.455397948  0.000587339478
  58.5  0.427833447  0.00056165016
  59.  0.402046686  0.000536436046
  59.5  0.378209547  0.000513821043
  60.  0.356496632  0.000492655254
  60.5  0.336783336  0.000473067503
  61.  0.318651416  0.000455051624
  61.5  0.301635514  0.000437801464
  62.  0.286396327  0.000422075194
  62.5  0.27236383  0.000407673399
  63.  0.259353847  0.000393989227
  63.5  0.24649296  0.000380631333
  64.  0.235404526  0.000368898397
  64.5  0.224299629  0.000356890241
  65.  0.214790342  0.000346260811
  65.5  0.205223391  0.000336014324
  66.  0.196194075  0.000326012477
  66.5  0.1877704  0.000316693041
  67.  0.180419608  0.000308177567
  67.5  0.173600735  0.000300301808
  68.  0.165811441  0.000291270548
  68.5  0.159619153  0.000283982062
  69.  0.153480691  0.000276863214
  69.5  0.147214312  0.000269470289
  70.  0.141802941  0.000262642506
  70.5  0.136884951  0.000256937353
  71.  0.13174274  0.000250489511
  71.5  0.126886806  0.000244442277
  72.  0.122877482  0.000239386878
  72.5  0.11872919  0.000234230164
  73.  0.113630799  0.000227668139
  73.5  0.110450447  0.000223699681
  74.  0.106973779  0.00021889169
  74.5  0.103320589  0.000214257508
  75.  0.0998069272  0.000209428787
  75.5  0.0964400143  0.000205110624
  76.  0.0932938221  0.000200593682
  76.5  0.090766522  0.000197262716
  77.  0.0875917605  0.000192925549
  77.5  0.0850792055  0.00018930038
  78.  0.082312445  0.000185409193
  78.5  0.0799791294  0.000182034553
  79.  0.0773824965  0.000178293498
  79.5  0.0755366017  0.000175573389
  80.  0.0730290696  0.000171943883
  80.5  0.0706432767  0.000168523151
  81.  0.0690617991  0.000166046907
  81.5  0.0667638185  0.000162654304
  82.  0.0647906672  0.000159504027
  82.5  0.0631251142  0.000156935492
  83.  0.0616882508  0.000154718238
  83.5  0.0599451894  0.00015203653
  84.  0.058283418  0.000149521674
  84.5  0.0566054827  0.0001466134
  85.  0.0552084951  0.000144471827
  85.5  0.0536249459  0.00014179091
  86.  0.0523740054  0.00013997793
  86.5  0.0510900625  0.000137698239
  87.  0.0496846969  0.000135363511
  87.5  0.0483597217  0.000133269852
  88.  0.0469512135  0.000130751839
  88.5  0.0459859477  0.000129042428
  89.  0.0449903401  0.000127477505
  89.5  0.0436463033  0.000125066219
  90.  0.0424683564  0.000122894206
  90.5  0.041490572  0.000121336283
  91.  0.040485495  0.000119485825
  91.5  0.0394390726  0.000117569893
  92.  0.0386433646  0.000116042301
  92.5  0.0375805724  0.000114080441
  93.  0.0369237087  0.000112929742
  93.5  0.035895519  0.000110900976
  94.  0.0350688295  0.000109342142
  94.5  0.0343603283  0.000108142008
