  50.  0.722509433  0.000171094074
  55.  0.631371007  0.000165302202
  60.  0.582258526  0.000168057921
  65.  0.592993286  0.000185176413
  70.  0.702737233  0.000230076965
  75.  1.04427383  0.00034276127
  80.  2.27401913  0.000674237223
  85.  14.1913956  0.00223394456
  90.  45.5648592  0.00410794631
  95.  3.85681481  0.00105065836
  100.  1.09767071  0.000457133066
  105.  0.519216984  0.000268034323
  110.  0.303077322  0.000181729074
  115.  0.199057937  0.000134419288
  120.  0.141099  0.000105379894
  125.  0.104999259  8.56941911E-05
  130.  0.0809673039  7.16575028E-05
  135.  0.064237953  6.12250507E-05
  140.  0.0518745349  5.30530611E-05
  145.  0.0427514725  4.6634715E-05
  150.  0.0356384164  4.14111233E-05
  155.  0.0301387482  3.71386941E-05
  160.  0.0257001233  3.34839813E-05
  165.  0.0220647689  3.03679299E-05
  170.  0.0191475894  2.77328058E-05
  175.  0.0166996699  2.54425786E-05
  180.  0.0146126198  2.33937351E-05
  185.  0.0128709892  2.16067827E-05
  190.  0.0114438347  2.00676549E-05
  195.  0.0101272883  1.85642581E-05
  200.  0.00908862524  1.73808427E-05
  205.  0.00813252602  1.62314632E-05
  210.  0.00733782157  1.52429653E-05
  215.  0.00659840092  1.4277893E-05
  220.  0.00597422019  1.34257419E-05
  225.  0.0054442879  1.26900412E-05
  230.  0.00491660539  1.19258043E-05
  235.  0.00449760862  1.12874422E-05
  240.  0.0041103314  1.06905863E-05
  245.  0.003762386  1.01136631E-05
  250.  0.00343438563  9.57959963E-06
  255.  0.00316360964  9.10500255E-06
  260.  0.00290594175  8.63563041E-06
  265.  0.00270496587  8.27696218E-06
  270.  0.0024856966  7.8709566E-06
  275.  0.00230258495  7.50729305E-06
  280.  0.00213275408  7.17433212E-06
  285.  0.0019816522  6.86103057E-06
  290.  0.00184453773  6.56292026E-06
  295.  0.00171471885  6.28575681E-06
  300.  0.00159148929  6.00678784E-06
  305.  0.00150043158  5.79353616E-06
  310.  0.00139869041  5.55403048E-06
  315.  0.00132418502  5.37171278E-06
  320.  0.00122499648  5.123378E-06
  325.  0.00113862295  4.90370282E-06
  330.  0.00107554824  4.73387561E-06
  335.  0.00100717292  4.54602696E-06
  340.  0.000945195439  4.37579488E-06
  345.  0.000898728545  4.2541943E-06
  350.  0.000841279282  4.09156127E-06
  355.  0.00079028897  3.92203635E-06
  360.  0.000744459375  3.78480089E-06
  365.  0.000696866294  3.63245394E-06
  370.  0.000661100239  3.52168491E-06
  375.  0.000629787765  3.41526218E-06
  380.  0.00059403001  3.28860297E-06
  385.  0.000560042964  3.19178482E-06
  390.  0.000535118618  3.09868917E-06
  395.  0.000507163217  2.99514865E-06
  400.  0.00048286681  2.91287994E-06
  405.  0.000456983077  2.81444391E-06
  410.  0.00043726927  2.74064679E-06
  415.  0.000406686423  2.61864183E-06
  420.  0.000390569202  2.56047597E-06
  425.  0.000374375745  2.49167126E-06
  430.  0.000356723645  2.41631113E-06
  435.  0.000337364145  2.33248171E-06
  440.  0.000326905796  2.30713257E-06
  445.  0.000307947514  2.22101926E-06
  450.  0.000293702403  2.15297443E-06
  455.  0.000278740224  2.08151615E-06
  460.  0.000266348431  2.02679868E-06
  465.  0.000252846496  1.96090572E-06
  470.  0.000242793609  1.91243469E-06
  475.  0.000234043261  1.87134593E-06
  480.  0.00022535236  1.82604178E-06
  485.  0.000214157854  1.76748355E-06
  490.  0.000206687062  1.73726424E-06
  495.  0.000193149071  1.66113149E-06
  500.  0.000184822949  1.61459958E-06
  505.  0.000178408622  1.58421277E-06
  510.  0.000173853116  1.56407193E-06
  515.  0.000165651679  1.51088743E-06
  520.  0.00016144652  1.49409921E-06
  525.  0.000151094318  1.43031059E-06
  530.  0.000144892728  1.39379466E-06
  535.  0.000142281654  1.37813231E-06
  540.  0.000136381083  1.34614347E-06
  545.  0.000129545208  1.30888421E-06
  550.  0.000123359232  1.25918767E-06
  555.  0.000119782667  1.23756015E-06
  560.  0.000117780467  1.23218258E-06
  565.  0.000112677926  1.19212131E-06
  570.  0.000107927064  1.16716542E-06
  575.  0.00010189838  1.12427548E-06
  580.  0.000100173872  1.11391261E-06
  585.  9.80712321E-05  1.10106496E-06
  590.  9.43227177E-05  1.07121713E-06
  595.  8.91160225E-05  1.03125945E-06
  600.  8.60058881E-05  1.00725578E-06
  605.  8.49456176E-05  1.00302712E-06
  610.  7.86045435E-05  9.54973707E-07
  615.  7.70064848E-05  9.45042522E-07
  620.  7.52891048E-05  9.31436791E-07
  625.  7.38061803E-05  9.19431699E-07
  630.  6.94579845E-05  8.87451437E-07
  635.  6.6382526E-05  8.63201754E-07
  640.  6.43303446E-05  8.42725054E-07
  645.  6.30030841E-05  8.36515631E-07
  650.  6.25144174E-05  8.32062036E-07
  655.  5.84634415E-05  7.95789231E-07
  660.  5.7854079E-05  7.92546293E-07
  665.  5.50551492E-05  7.71821865E-07
  670.  5.37324621E-05  7.54781419E-07
  675.  5.27122188E-05  7.38809663E-07
  680.  4.87130496E-05  7.12414813E-07
  685.  4.76760442E-05  7.05719295E-07
  690.  4.75932511E-05  7.04932524E-07
  695.  4.56080235E-05  6.8188263E-07
  700.  4.39021014E-05  6.64843195E-07
  705.  4.37790428E-05  6.68806874E-07
  710.  4.1450829E-05  6.40125672E-07
  715.  4.12362126E-05  6.3963907E-07
  720.  3.85605522E-05  6.17918439E-07
  725.  3.70382933E-05  6.02893445E-07
  730.  3.52360608E-05  5.81727768E-07
  735.  3.54223E-05  5.78666006E-07
  740.  3.40659484E-05  5.68362164E-07
  745.  3.33805572E-05  5.61449141E-07
  750.  3.23512617E-05  5.45752472E-07
  755.  3.11423871E-05  5.40593845E-07
  760.  3.04799668E-05  5.30349436E-07
  765.  2.88508117E-05  5.07910901E-07
  770.  2.84957789E-05  5.10700751E-07
  775.  2.83163395E-05  5.06527586E-07
  780.  2.750597E-05  4.97051205E-07
  785.  2.74756924E-05  4.95354766E-07
  790.  2.54569499E-05  4.71220757E-07
  795.  2.57322324E-05  4.71912984E-07
