  500.  0.000236467841  1.08920856E-06
  510.  0.000217229096  1.03639981E-06
  520.  0.00020253409  9.99182192E-07
  530.  0.000186478571  9.51003212E-07
  540.  0.000171607368  8.99115174E-07
  550.  0.000159299599  8.68672503E-07
  560.  0.000146992499  8.21200851E-07
  570.  0.00013741162  7.94403675E-07
  580.  0.000127211317  7.56546608E-07
  590.  0.000118316613  7.24849921E-07
  600.  0.000108793057  6.83719888E-07
  610.  0.000101753061  6.60131118E-07
  620.  9.58162405E-05  6.34826684E-07
  630.  8.89681518E-05  6.0810203E-07
  640.  8.24129747E-05  5.73740341E-07
  650.  7.78142047E-05  5.64890842E-07
  660.  7.16567986E-05  5.26686481E-07
  670.  6.79707398E-05  5.1725158E-07
  680.  6.36107658E-05  5.01667734E-07
  690.  6.01117297E-05  4.81030459E-07
  700.  5.64635743E-05  4.58962462E-07
  710.  5.30625933E-05  4.43113308E-07
  720.  4.88404513E-05  4.18774589E-07
  730.  4.65892457E-05  4.07022607E-07
  740.  4.38549739E-05  3.93832099E-07
  750.  4.22593439E-05  3.90049406E-07
  760.  3.91914104E-05  3.69741026E-07
  770.  3.68755761E-05  3.58635354E-07
  780.  3.43239564E-05  3.34762754E-07
  790.  3.30676274E-05  3.34267219E-07
  800.  3.06134508E-05  3.18507055E-07
  810.  2.87012925E-05  2.9863699E-07
  820.  2.75496891E-05  2.94409885E-07
  830.  2.61771841E-05  2.88357226E-07
  840.  2.47448176E-05  2.7680829E-07
  850.  2.34437448E-05  2.67340434E-07
  860.  2.23148667E-05  2.60339526E-07
  870.  2.09557341E-05  2.48949368E-07
  880.  2.03503295E-05  2.46340363E-07
  890.  1.87034189E-05  2.33324909E-07
  900.  1.8127665E-05  2.32204378E-07
  910.  1.70416384E-05  2.17803476E-07
  920.  1.62106945E-05  2.13046457E-07
  930.  1.52949529E-05  2.0596805E-07
  940.  1.45221183E-05  1.96822386E-07
  950.  1.39086074E-05  1.90842452E-07
  960.  1.33430112E-05  1.87042616E-07
  970.  1.2574489E-05  1.7897618E-07
  980.  1.21370165E-05  1.76859478E-07
  990.  1.13680945E-05  1.67810279E-07
  1000.  1.09175497E-05  1.64158628E-07
  1010.  1.03248625E-05  1.60195955E-07
  1020.  1.0140079E-05  1.5878084E-07
  1030.  9.33290152E-06  1.47425174E-07
  1040.  9.02190563E-06  1.48582013E-07
  1050.  8.61784142E-06  1.41381236E-07
  1060.  8.13279122E-06  1.35464659E-07
  1070.  7.90970018E-06  1.342771E-07
  1080.  7.57038803E-06  1.34160365E-07
  1090.  7.25622993E-06  1.29951607E-07
  1100.  6.85020419E-06  1.23101011E-07
  1110.  6.52397204E-06  1.19974219E-07
  1120.  6.30649141E-06  1.1841205E-07
  1130.  5.97464913E-06  1.1326531E-07
  1140.  5.79048707E-06  1.11853535E-07
  1150.  5.60478734E-06  1.07302122E-07
  1160.  5.38333754E-06  1.06698867E-07
  1170.  5.17793206E-06  1.02899424E-07
  1180.  4.78603851E-06  9.88460209E-08
  1190.  4.64779988E-06  9.73920031E-08
  1200.  4.38164496E-06  9.35126038E-08
  1210.  4.2967358E-06  9.23988147E-08
  1220.  4.18277561E-06  9.35621775E-08
  1230.  3.92261931E-06  8.57736079E-08
  1240.  3.80067701E-06  8.69499265E-08
  1250.  3.52725518E-06  7.86499539E-08
  1260.  3.35113805E-06  7.72389458E-08
  1270.  3.24577283E-06  7.49710214E-08
  1280.  3.19977422E-06  7.65955049E-08
  1290.  3.01496619E-06  7.44338198E-08
  1300.  3.00665327E-06  7.57510676E-08
  1310.  2.72276894E-06  6.83347596E-08
  1320.  2.79027994E-06  6.96443096E-08
  1330.  2.64250572E-06  6.73969351E-08
  1340.  2.57215131E-06  6.75809745E-08
  1350.  2.42727786E-06  6.39659814E-08
  1360.  2.33700651E-06  6.17246923E-08
  1370.  2.19581444E-06  5.87924109E-08
  1380.  2.13716908E-06  5.72731214E-08
  1390.  2.06017055E-06  5.71798673E-08
  1400.  1.96670995E-06  5.58650525E-08
  1410.  1.92825475E-06  5.68702392E-08
  1420.  1.88097119E-06  5.5995691E-08
  1430.  1.78457159E-06  5.2131453E-08
  1440.  1.75005938E-06  5.27494398E-08
  1450.  1.71816119E-06  5.33838209E-08
  1460.  1.55795698E-06  4.63570614E-08
  1470.  1.54623018E-06  4.89868324E-08
  1480.  1.59794834E-06  4.98376662E-08
  1490.  1.41901079E-06  4.45135652E-08
  1500.  1.38194437E-06  4.5094136E-08
  1510.  1.34832204E-06  4.34773197E-08
  1520.  1.34618313E-06  4.60135686E-08
  1530.  1.27913833E-06  4.1693554E-08
  1540.  1.19047718E-06  3.99358734E-08
  1550.  1.21201824E-06  4.23457892E-08
  1560.  1.23121132E-06  4.29398209E-08
  1570.  1.08469886E-06  3.68975545E-08
  1580.  1.06481141E-06  3.77024277E-08
  1590.  1.00008386E-06  3.56397846E-08
  1600.  9.69807156E-07  3.60779321E-08
  1610.  9.15870018E-07  3.43399844E-08
  1620.  9.37451284E-07  3.53636266E-08
  1630.  8.96230791E-07  3.3599661E-08
  1640.  8.61199435E-07  3.13625057E-08
  1650.  9.11652762E-07  3.51778515E-08
  1660.  8.12684657E-07  3.23828955E-08
  1670.  7.55106638E-07  3.00761256E-08
  1680.  7.59959156E-07  3.09364953E-08
  1690.  8.16140966E-07  3.24071229E-08
  1700.  7.13626016E-07  2.84825591E-08
  1710.  7.03367336E-07  2.93727605E-08
  1720.  6.57554039E-07  2.60223891E-08
  1730.  6.44683253E-07  2.87124776E-08
  1740.  6.62924789E-07  2.87297689E-08
  1750.  5.94475413E-07  2.56064084E-08
  1760.  6.19132664E-07  2.70246867E-08
  1770.  5.86485723E-07  2.52815489E-08
  1780.  5.45308986E-07  2.4014567E-08
  1790.  5.42013952E-07  2.52410561E-08
  1800.  5.48276118E-07  2.44021501E-08
  1810.  5.07595231E-07  2.39223418E-08
  1820.  5.00731335E-07  2.32717044E-08
  1830.  4.85374575E-07  2.27815482E-08
  1840.  4.462811E-07  2.01954499E-08
  1850.  4.78773694E-07  2.32585791E-08
  1860.  4.17990605E-07  2.10042941E-08
  1870.  4.49369995E-07  2.23626701E-08
  1880.  3.90901395E-07  1.90836772E-08
  1890.  3.70760635E-07  1.91147287E-08
  1900.  3.82385878E-07  1.90230915E-08
  1910.  3.80101033E-07  1.97708009E-08
  1920.  3.57866655E-07  1.97980952E-08
  1930.  3.56922825E-07  2.01020949E-08
  1940.  3.52051403E-07  1.83081799E-08
  1950.  3.42101241E-07  1.85822293E-08
  1960.  2.99984386E-07  1.61463353E-08
  1970.  3.18259233E-07  1.70342744E-08
  1980.  3.13273817E-07  1.7809074E-08
  1990.  3.07265671E-07  1.66627122E-08
