 -0.1  9.42286384  0.0015048773
  0.300666667  9.23870296  0.00155339095
  0.701333333  6.58577011  0.00131685512
  1.102  4.61401936  0.00109973841
  1.50266667  3.24156679  0.000917756577
  1.90333333  2.30676867  0.000770677812
  2.304  1.67037206  0.000654418453
  2.70466667  1.23085989  0.000561130066
  3.10533333  0.921673531  0.000486627478
  3.506  0.702369791  0.000426761429
  3.90666667  0.544294523  0.000377881273
  4.30733333  0.427927233  0.00033784803
  4.708  0.340923343  0.000303761486
  5.10866667  0.276370435  0.000275091758
  5.50933333  0.227521176  0.000252671182
  5.91  0.189817069  0.000232571429
  6.31066667  0.160353021  0.000215648255
  6.71133333  0.137128879  0.000200143015
  7.112  0.118702677  0.000187800925
  7.51266667  0.104290855  0.00017829061
  7.91333333  0.0918560735  0.000167677728
  8.314  0.0815301754  0.000159169646
  8.71466667  0.0728326639  0.000151234471
  9.11533333  0.065543724  0.000144215489
  9.516  0.0595506093  0.000138444904
  9.91666667  0.0542555095  0.000133201707
  10.3173333  0.0497686571  0.000128552223
  10.718  0.0453561404  0.000122673891
  11.1186667  0.0417669293  0.000118513628
  11.5193333  0.0385253655  0.00011391869
  11.92  0.035565534  0.000109641564
  12.3206667  0.0332229449  0.000106996249
  12.7213333  0.0309453726  0.000103698505
  13.122  0.0288627248  0.000100403748
  13.5226667  0.0270459753  9.74069379E-05
  13.9233333  0.0253299202  9.49318173E-05
  14.324  0.0237941097  9.19361094E-05
  14.7246667  0.0224046123  9.01337197E-05
  15.1253333  0.0211258434  8.7213685E-05
  15.526  0.0199139836  8.48395087E-05
  15.9266667  0.0188011293  8.25963889E-05
  16.3273333  0.0178835882  8.12387289E-05
  16.728  0.0169381247  7.93318907E-05
  17.1286667  0.0159428829  7.68596001E-05
  17.5293333  0.0151015243  7.47760065E-05
  17.93  0.014305277  7.23172114E-05
  18.3306667  0.0136997815  7.11829769E-05
  18.7313333  0.0130253827  6.93953509E-05
  19.132  0.0123720951  6.73641229E-05
  19.5326667  0.0117598822  6.59960314E-05
  19.9333333  0.01144263  6.63930834E-05
  20.334  0.0108044271  6.31965097E-05
  20.7346667  0.01039178  6.26707926E-05
  21.1353333  0.0099369139  6.13286242E-05
  21.536  0.00959677712  6.04244396E-05
  21.9366667  0.00903203565  5.77900763E-05
  22.3373333  0.00875547762  5.70087086E-05
  22.738  0.00840016185  5.64471669E-05
  23.1386667  0.00814813421  5.56736327E-05
  23.5393333  0.00777137231  5.40347452E-05
  23.94  0.00750153525  5.32574398E-05
  24.3406667  0.00721971468  5.22461493E-05
  24.7413333  0.0069007336  5.09137327E-05
  25.142  0.00671149123  5.03465299E-05
  25.5426667  0.00643722134  4.94807412E-05
  25.9433333  0.00628007827  4.8607874E-05
  26.344  0.00603620013  4.82802421E-05
  26.7446667  0.0057536559  4.59315527E-05
  27.1453333  0.00555014661  4.51721897E-05
  27.546  0.00536712961  4.50570871E-05
  27.9466667  0.00526145387  4.48328161E-05
  28.3473333  0.00505919495  4.32363907E-05
  28.748  0.00487795848  4.27615122E-05
  29.1486667  0.0046592451  4.13015322E-05
  29.5493333  0.00462552022  4.14677555E-05
  29.95  0.00445062585  4.12166962E-05
  30.3506667  0.00429485114  4.02555142E-05
  30.7513333  0.0041378861  3.87032758E-05
  31.152  0.00397473914  3.88396016E-05
  31.5526667  0.00388371068  3.72468545E-05
  31.9533333  0.00383477532  3.82237699E-05
  32.354  0.00370358068  3.75311257E-05
  32.7546667  0.00360815936  3.67759225E-05
  33.1553333  0.00346758642  3.59646115E-05
  33.556  0.00333226891  3.48196189E-05
  33.9566667  0.00325353982  3.4796639E-05
  34.3573333  0.00317508071  3.36285828E-05
  34.758  0.00308256998  3.33062247E-05
  35.1586667  0.00303968541  3.34975681E-05
  35.5593333  0.00293502278  3.29866765E-05
  35.96  0.00279750438  3.15893327E-05
  36.3606667  0.00283170059  3.32662715E-05
  36.7613333  0.00270581362  3.20477496E-05
  37.162  0.0025841468  3.07957384E-05
  37.5626667  0.00251825778  3.05042649E-05
  37.9633333  0.00245989289  2.99563754E-05
  38.364  0.00242431593  3.01606998E-05
  38.7646667  0.00239880667  3.02117166E-05
  39.1653333  0.00232658096  2.9042184E-05
  39.566  0.00226867823  2.94537308E-05
  39.9666667  0.00221373041  3.08034714E-05
  40.3673333  0.00211526496  2.73404155E-05
  40.768  0.00217511446  2.94488864E-05
  41.1686667  0.0020080787  2.69111229E-05
  41.5693333  0.002004185  2.68456586E-05
  41.97  0.00195955266  2.69859947E-05
  42.3706667  0.00187112255  2.62022013E-05
  42.7713333  0.00183707744  2.60085374E-05
  43.172  0.00180552538  2.57933569E-05
  43.5726667  0.00175135012  2.44726776E-05
  43.9733333  0.00171245954  2.49335442E-05
  44.374  0.00165740854  2.42750342E-05
  44.7746667  0.00164569755  2.45446695E-05
  45.1753333  0.00162926128  2.42616995E-05
  45.576  0.00157905185  2.38966593E-05
  45.9766667  0.00158209092  2.43697426E-05
  46.3773333  0.00149406879  2.31692868E-05
  46.778  0.00145908354  2.30599718E-05
  47.1786667  0.00144138123  2.27917339E-05
  47.5793333  0.00140070018  2.24269156E-05
  47.98  0.00135936981  2.26341454E-05
  48.3806667  0.0013618633  2.22956156E-05
  48.7813333  0.00132704679  2.1641716E-05
  49.182  0.00125067292  2.09641224E-05
  49.5826667  0.0012474189  2.11775401E-05
  49.9833333  0.00126865805  2.20698037E-05
  50.384  0.00122136722  2.09401268E-05
  50.7846667  0.0011597207  1.98800922E-05
  51.1853333  0.00114220141  2.0354874E-05
  51.586  0.00113061009  1.91958359E-05
  51.9866667  0.00111138215  2.00304985E-05
  52.3873333  0.00108485415  1.98594884E-05
  52.788  0.00107242499  2.04491082E-05
  53.1886667  0.00100197883  1.85522516E-05
  53.5893333  0.00101801773  1.82799422E-05
  53.99  0.00100073517  1.88379342E-05
  54.3906667  0.000976109152  1.79018073E-05
  54.7913333  0.000949625891  1.83498288E-05
  55.192  0.00094647723  1.8413677E-05
  55.5926667  0.000953085281  1.9704117E-05
  55.9933333  0.000910260547  1.78414497E-05
  56.394  0.000895402335  1.77993973E-05
  56.7946667  0.000896350494  1.79981266E-05
  57.1953333  0.000855735254  1.70862101E-05
  57.596  0.000859242191  1.74969845E-05
  57.9966667  0.000845748679  1.7313172E-05
  58.3973333  0.000825588444  1.71848704E-05
  58.798  0.000846166859  1.85496774E-05
  59.1986667  0.000793557562  1.79267581E-05
  59.5993333  0.000770129521  1.64473825E-05
