  50.  0.540761892  0.000678800975
  50.1333333  0.549539357  0.000683831654
  50.2666667  0.558018507  0.000687870566
  50.4  0.567207055  0.000690810824
  50.5333333  0.577541757  0.000696722992
  50.6666667  0.588501986  0.000702332394
  50.8  0.601515454  0.000709314533
  50.9333333  0.612876619  0.000714055668
  51.0666667  0.625254831  0.000718772637
  51.2  0.639839171  0.000726168161
  51.3333333  0.654526502  0.000733299044
  51.4666667  0.670546723  0.000739935519
  51.6  0.688035016  0.000748068634
  51.7333333  0.707347163  0.000757314921
  51.8666667  0.728013774  0.000765744396
  52.  0.750335848  0.000776113537
  52.1333333  0.773644965  0.000786843018
  52.2666667  0.800418313  0.000797660873
  52.4  0.831570878  0.000810361001
  52.5333333  0.855424284  0.000820043313
  52.6666667  0.862165479  0.000821737594
  52.8  0.866104832  0.000822178293
  52.9333333  0.863953041  0.000818041537
  53.0666667  0.860897765  0.000815877893
  53.2  0.85370426  0.000810311567
  53.3333333  0.843869868  0.000803918607
  53.4666667  0.834560718  0.000798343339
  53.6  0.821034568  0.000790211714
  53.7333333  0.807347045  0.000781394128
  53.8666667  0.794086083  0.000773612258
  54.  0.77939584  0.000764353742
  54.1333333  0.764454191  0.000755005178
  54.2666667  0.749295069  0.000747295885
  54.4  0.734791718  0.000738988651
  54.5333333  0.718201138  0.00072876025
  54.6666667  0.702692191  0.000719616661
  54.8  0.688379137  0.000710773652
  54.9333333  0.675736911  0.000703946051
  55.0666667  0.659672001  0.000693743918
  55.2  0.646034422  0.000686234881
  55.3333333  0.632112142  0.000677358369
  55.4666667  0.618249  0.000668910604
  55.6  0.607493909  0.000663232006
  55.7333333  0.593449303  0.000653622808
  55.8666667  0.582027963  0.00064751835
  56.  0.56957926  0.000638930835
  56.1333333  0.558841798  0.00063285511
  56.2666667  0.546068959  0.000624070935
  56.4  0.536425475  0.000617441983
  56.5333333  0.524958729  0.000610080927
  56.6666667  0.515326336  0.000604676528
  56.8  0.505351877  0.000597920819
  56.9333333  0.494716425  0.000591284983
  57.0666667  0.487081722  0.000586946777
  57.2  0.476616357  0.000580016267
  57.3333333  0.467859409  0.000572542946
  57.4666667  0.459694104  0.000567827681
  57.6  0.451311079  0.000561713988
  57.7333333  0.441645642  0.000554747852
  57.8666667  0.435059133  0.000551854667
  58.  0.427580826  0.000546767921
  58.1333333  0.419846352  0.000541163356
  58.2666667  0.411392614  0.000534832425
  58.4  0.405266348  0.000530677614
  58.5333333  0.398176702  0.000524840416
  58.6666667  0.39159833  0.000520501123
  58.8  0.384577852  0.000515794289
  58.9333333  0.378283544  0.000510792533
  59.0666667  0.372425833  0.000506774873
  59.2  0.366443122  0.000502857611
  59.3333333  0.36062207  0.00049802465
  59.4666667  0.35496529  0.000493815874
  59.6  0.348982797  0.000490342521
  59.7333333  0.344427399  0.000488040624
  59.8666667  0.338742809  0.000483078952
  60.  0.332575534  0.00047802624
  60.1333333  0.327577822  0.000473423644
  60.2666667  0.322972416  0.000472117342
  60.4  0.318556178  0.000469066144
  60.5333333  0.312646303  0.000463659933
  60.6666667  0.307115802  0.000457817076
  60.8  0.303097574  0.000454689006
  60.9333333  0.298866907  0.000452384205
  61.0666667  0.294661184  0.000449107495
  61.2  0.289937322  0.000445483177
  61.3333333  0.28650485  0.000443446821
  61.4666667  0.281912161  0.000440052676
  61.6  0.27839229  0.000436711166
  61.7333333  0.274010304  0.000434179236
  61.8666667  0.270541998  0.000429870689
  62.  0.266811229  0.000429478572
  62.1333333  0.263272679  0.000425423749
  62.2666667  0.26026049  0.000423333033
  62.4  0.256119088  0.000418920534
  62.5333333  0.252640351  0.00041776843
  62.6666667  0.248662899  0.000413755577
  62.8  0.245532814  0.00041081718
  62.9333333  0.242178363  0.000408525112
  63.0666667  0.238389194  0.000403609666
  63.2  0.235982661  0.000404117917
  63.3333333  0.233590996  0.000403873441
  63.4666667  0.230026677  0.000399828355
  63.6  0.227309132  0.000397960351
  63.7333333  0.223998396  0.000394802628
  63.8666667  0.221906423  0.000394014703
  64.  0.218226607  0.000389510033
  64.1333333  0.214721634  0.000385483542
  64.2666667  0.213358596  0.000386606154
  64.4  0.21061654  0.000384131895
  64.5333333  0.207696236  0.000380912806
  64.6666667  0.205496302  0.000381183
  64.8  0.202733021  0.000377658113
  64.9333333  0.200385843  0.000376340391
  65.0666667  0.198238862  0.00037437542
  65.2  0.195829939  0.000373582414
  65.3333333  0.192392679  0.000368879875
  65.4666667  0.19135139  0.000370356416
  65.6  0.188865769  0.000367126982
  65.7333333  0.18562627  0.000362895505
  65.8666667  0.1841004  0.000362020769
  66.  0.182033189  0.000360543797
  66.1333333  0.180125899  0.000358277293
  66.2666667  0.177370059  0.000354432344
  66.4  0.175848285  0.000353047772
  66.5333333  0.174150556  0.000351624692
  66.6666667  0.171960139  0.000349806193
  66.8  0.170344607  0.00034822184
  66.9333333  0.167958898  0.000344826961
  67.0666667  0.165798105  0.000342418165
  67.2  0.164231443  0.000339328224
  67.3333333  0.162317857  0.00033945041
  67.4666667  0.161011061  0.000338174053
  67.6  0.158858465  0.000333979614
  67.7333333  0.157391305  0.000332218122
  67.8666667  0.154950403  0.000330030236
  68.  0.153565865  0.000327141279
  68.1333333  0.151714635  0.000325105441
  68.2666667  0.150186958  0.00032314534
  68.4  0.148943086  0.000322845239
  68.5333333  0.146798358  0.000319761767
  68.6666667  0.145019132  0.000316314932
  68.8  0.1445736  0.000316781275
  68.9333333  0.14259513  0.000313928045
  69.0666667  0.140945248  0.000311332215
  69.2  0.139434387  0.000309892923
  69.3333333  0.137885511  0.000306986674
  69.4666667  0.136888581  0.000306892915
  69.6  0.135057116  0.00030482625
  69.7333333  0.133523511  0.00030230273
  69.8666667  0.132667196  0.000301219733
