  500.  0.000288549481  2.70634079E-06
  510.  0.00026165789  2.53144222E-06
  520.  0.000245618075  2.47252065E-06
  530.  0.000227264902  2.38080796E-06
  540.  0.000210862929  2.27300553E-06
  550.  0.00018836333  2.09783637E-06
  560.  0.000180228144  2.06854324E-06
  570.  0.000167369717  1.97230854E-06
  580.  0.000155731455  1.89444622E-06
  590.  0.000142384198  1.79364884E-06
  600.  0.000134456354  1.71497642E-06
  610.  0.000126693012  1.66267258E-06
  620.  0.000116694745  1.587463E-06
  630.  0.000111552516  1.5581514E-06
  640.  0.000105337617  1.50893673E-06
  650.  9.86058046E-05  1.44612886E-06
  660.  9.15913016E-05  1.37761208E-06
  670.  8.74239028E-05  1.33839125E-06
  680.  8.19504341E-05  1.29143468E-06
  690.  7.45408858E-05  1.21262048E-06
  700.  6.94305868E-05  1.16026075E-06
  710.  6.60398627E-05  1.13175673E-06
  720.  6.17874348E-05  1.08803599E-06
  730.  5.88982745E-05  1.06558733E-06
  740.  5.71629231E-05  1.0569983E-06
  750.  5.42269827E-05  1.02213497E-06
  760.  5.06443845E-05  9.76452764E-07
  770.  4.63873671E-05  9.09580959E-07
  780.  4.45688318E-05  8.97288893E-07
  790.  4.19379096E-05  8.71703082E-07
  800.  4.07065151E-05  8.53493993E-07
  810.  3.74136264E-05  8.00474485E-07
  820.  3.51523277E-05  7.88958194E-07
  830.  3.34706614E-05  7.53038359E-07
  840.  3.20112175E-05  7.21881635E-07
  850.  3.16645756E-05  7.41457675E-07
  860.  2.75144038E-05  6.64271924E-07
  870.  2.681783E-05  6.41500652E-07
  880.  2.61390921E-05  6.60656517E-07
  890.  2.48948354E-05  6.2049025E-07
  900.  2.31959346E-05  6.09198788E-07
  910.  2.21390663E-05  5.81117611E-07
  920.  2.14698877E-05  5.77454995E-07
  930.  2.05074245E-05  5.69611715E-07
  940.  1.92864137E-05  5.42937151E-07
  950.  1.86483808E-05  5.34625903E-07
  960.  1.74836909E-05  5.18506066E-07
  970.  1.64522231E-05  4.87580345E-07
  980.  1.6215191E-05  4.82311598E-07
  990.  1.46529883E-05  4.45747331E-07
  1000.  1.42101478E-05  4.42618568E-07
  1010.  1.40451906E-05  4.52937647E-07
  1020.  1.2950428E-05  4.25868341E-07
  1030.  1.25118028E-05  4.10284632E-07
  1040.  1.11188405E-05  3.7026849E-07
  1050.  1.24952212E-05  4.12323944E-07
  1060.  1.14051046E-05  3.9078177E-07
  1070.  1.04662317E-05  3.79614364E-07
  1080.  9.89787817E-06  3.53288073E-07
  1090.  9.97593848E-06  3.62326556E-07
  1100.  9.47577006E-06  3.44157233E-07
  1110.  9.26330593E-06  3.41142309E-07
  1120.  8.65845223E-06  3.21029001E-07
  1130.  8.29705813E-06  3.20933634E-07
  1140.  7.75409557E-06  3.11725817E-07
  1150.  7.18519754E-06  2.93110891E-07
  1160.  6.71775083E-06  2.86765163E-07
  1170.  6.75376334E-06  2.83919005E-07
  1180.  6.6712907E-06  2.78431189E-07
  1190.  6.00764555E-06  2.47269572E-07
  1200.  6.22518812E-06  2.66065725E-07
  1210.  5.75513692E-06  2.58058869E-07
  1220.  5.48823393E-06  2.39965451E-07
  1230.  5.41038034E-06  2.44938614E-07
  1240.  5.49651033E-06  2.47727027E-07
  1250.  5.34333001E-06  2.50952688E-07
  1260.  4.75314529E-06  2.20925368E-07
  1270.  4.60303426E-06  2.10057527E-07
  1280.  4.66260578E-06  2.26579671E-07
  1290.  4.58375362E-06  2.31878581E-07
  1300.  4.36724907E-06  2.1235E-07
  1310.  3.96789952E-06  2.02784383E-07
  1320.  3.99591841E-06  2.02289851E-07
  1330.  3.52317187E-06  1.79434484E-07
  1340.  3.30784493E-06  1.77979644E-07
  1350.  3.15375462E-06  1.64688673E-07
  1360.  3.5080065E-06  1.89024102E-07
  1370.  2.96267602E-06  1.60034796E-07
  1380.  2.5327091E-06  1.37661959E-07
  1390.  2.88437165E-06  1.65110221E-07
  1400.  2.72140263E-06  1.52859775E-07
  1410.  2.61040593E-06  1.49732852E-07
  1420.  2.56581902E-06  1.47717292E-07
  1430.  2.67691894E-06  1.55143043E-07
  1440.  2.45655896E-06  1.47977978E-07
  1450.  2.30190873E-06  1.40113667E-07
  1460.  2.21426936E-06  1.38060446E-07
  1470.  2.43838671E-06  1.48521566E-07
  1480.  2.10041662E-06  1.25751523E-07
  1490.  2.34224256E-06  1.45173486E-07
  1500.  2.06101146E-06  1.3126197E-07
  1510.  1.7982182E-06  1.20038773E-07
  1520.  1.76126237E-06  1.13384629E-07
  1530.  1.88283944E-06  1.30810132E-07
  1540.  1.85107801E-06  1.21836386E-07
  1550.  1.72193411E-06  1.1545831E-07
  1560.  1.71978792E-06  1.15473409E-07
  1570.  1.48238917E-06  1.04835004E-07
  1580.  1.52600506E-06  1.01352172E-07
  1590.  1.40718542E-06  1.01624161E-07
  1600.  1.37611303E-06  9.65052946E-08
  1610.  1.40745768E-06  1.00916789E-07
  1620.  1.32110638E-06  1.00916091E-07
  1630.  1.2608657E-06  9.07595068E-08
  1640.  1.22708623E-06  9.44893886E-08
  1650.  1.23523285E-06  9.58809925E-08
  1660.  1.11526128E-06  8.36748522E-08
  1670.  1.07918138E-06  8.72898422E-08
  1680.  1.02704914E-06  7.52893418E-08
  1690.  1.12115814E-06  8.94315339E-08
  1700.  8.95910705E-07  7.23923196E-08
  1710.  1.0163955E-06  8.25475267E-08
  1720.  8.54480282E-07  6.94396569E-08
  1730.  8.63043102E-07  7.49731374E-08
  1740.  8.3445646E-07  7.16278384E-08
  1750.  7.99289526E-07  6.77896728E-08
  1760.  7.83681909E-07  6.78232168E-08
  1770.  9.56571714E-07  8.18684715E-08
  1780.  6.96744449E-07  6.41080511E-08
  1790.  7.29880407E-07  6.44968668E-08
  1800.  7.16457701E-07  6.11650702E-08
  1810.  7.14552304E-07  6.62327021E-08
  1820.  6.56495819E-07  5.76194624E-08
  1830.  8.11187389E-07  7.52757777E-08
  1840.  6.1774838E-07  6.15151953E-08
  1850.  6.10179025E-07  5.78944528E-08
  1860.  5.00350331E-07  4.75540551E-08
  1870.  6.88427346E-07  6.69480568E-08
  1880.  5.33555093E-07  4.87769533E-08
  1890.  5.08277451E-07  4.77038413E-08
  1900.  5.17553187E-07  4.90154204E-08
  1910.  4.72586937E-07  4.39975285E-08
  1920.  5.67225908E-07  5.91696124E-08
  1930.  4.50414786E-07  4.46538414E-08
  1940.  4.8899637E-07  5.06020686E-08
  1950.  5.26948823E-07  5.02999897E-08
  1960.  4.80030116E-07  4.96116814E-08
  1970.  4.67604956E-07  4.61851062E-08
  1980.  4.35692352E-07  4.23043667E-08
  1990.  3.72219058E-07  3.96312662E-08
