  50.  0.78301845  0.000229369751
  55.  0.715195853  0.000239784962
  60.  0.788963372  0.000345938365
  65.  0.966455232  0.000452833454
  70.  1.29810885  0.000574056867
  75.  2.01448326  0.000767389097
  80.  4.03028162  0.00119589332
  85.  17.5503784  0.00292625984
  90.  41.1883937  0.00479650673
  95.  3.51777397  0.00123683011
  100.  1.03159924  0.000638618673
  105.  0.495575021  0.000321785299
  110.  0.292647989  0.000227475822
  115.  0.193818237  0.000174055296
  120.  0.1381399  0.000140913656
  125.  0.103092636  0.000119501282
  130.  0.0798986806  0.000111825545
  135.  0.0635060022  9.78350546E-05
  140.  0.0515251842  8.60657527E-05
  145.  0.0426411107  7.69140106E-05
  150.  0.0356130512  6.86910768E-05
  155.  0.0301459933  6.2165631E-05
  160.  0.0256413773  5.61821016E-05
  165.  0.0221537652  5.19522668E-05
  170.  0.0191325437  4.70058805E-05
  175.  0.016738045  4.3519387E-05
  180.  0.0146792805  4.01557083E-05
  185.  0.0130002076  3.75643752E-05
  190.  0.0115016364  3.50062953E-05
  195.  0.0102239382  3.25316469E-05
  200.  0.00918018603  3.06239973E-05
  205.  0.00822819781  2.87286812E-05
  210.  0.00736373978  2.69091839E-05
  215.  0.00663215494  2.53063246E-05
  220.  0.00603298808  2.407346E-05
  225.  0.00545377688  2.24779379E-05
  230.  0.00498176242  2.1410466E-05
  235.  0.00452730272  2.08349055E-05
  240.  0.00416122281  1.92288243E-05
  245.  0.00378827049  1.81154584E-05
  250.  0.00348232702  1.73416741E-05
  255.  0.00320030864  1.64379352E-05
  260.  0.00296291547  1.59066429E-05
  265.  0.00273960242  1.52792759E-05
  270.  0.00250471091  1.41882062E-05
  275.  0.00230479904  1.3492884E-05
  280.  0.00215500989  1.30460636E-05
  285.  0.00199580027  1.25355639E-05
  290.  0.00185020444  1.19546067E-05
  295.  0.00173230276  1.15141266E-05
  300.  0.00160443178  1.0890129E-05
  305.  0.0015031689  1.05367292E-05
  310.  0.00140119785  1.01060317E-05
  315.  0.00132304758  9.84118706E-06
  320.  0.00120812869  9.21279268E-06
  325.  0.00115695513  9.13196195E-06
  330.  0.00106833958  8.59163473E-06
  335.  0.00100749032  8.30041268E-06
  340.  0.000947107904  8.01849805E-06
  345.  0.000898807014  7.82301489E-06
  350.  0.000839679474  7.5932834E-06
  355.  0.000801532463  7.30466262E-06
  360.  0.000747283816  7.06926038E-06
  365.  0.000702763271  6.76127469E-06
  370.  0.00066576879  6.59249843E-06
  375.  0.000634888016  6.4555502E-06
  380.  0.000594554911  6.13332021E-06
  385.  0.000569574401  6.03506664E-06
  390.  0.000533316245  5.73641742E-06
  395.  0.000507254564  5.62740953E-06
  400.  0.000479192552  5.40970948E-06
  405.  0.000462244152  5.36688384E-06
  410.  0.000430119491  5.01745385E-06
  415.  0.000414124879  5.05490855E-06
  420.  0.000393109814  4.82379757E-06
  425.  0.000379894431  4.82430541E-06
  430.  0.000351595886  4.45787668E-06
  435.  0.000336410702  4.38711317E-06
  440.  0.000322291313  4.26025215E-06
  445.  0.000307299634  4.17496002E-06
  450.  0.000291521638  4.04708346E-06
  455.  0.000277331103  3.88830417E-06
  460.  0.000262341975  3.74813522E-06
  465.  0.000252295833  3.65961245E-06
  470.  0.000246820255  3.63672814E-06
  475.  0.000233757973  3.58750206E-06
  480.  0.000218719118  3.42227513E-06
  485.  0.00021526584  3.37486604E-06
  490.  0.000201781511  3.17930932E-06
  495.  0.000199290217  3.27019899E-06
  500.  0.000186923248  3.18371064E-06
  505.  0.000179374331  3.09950006E-06
  510.  0.000173192046  2.91219547E-06
  515.  0.00016622193  2.88277026E-06
  520.  0.000159621289  2.90551697E-06
  525.  0.000150940047  2.80592732E-06
  530.  0.000143712642  2.58236685E-06
  535.  0.000140028103  2.62847892E-06
  540.  0.000130641348  2.42688912E-06
  545.  0.000127858548  2.43711214E-06
  550.  0.00012279328  2.39284558E-06
  555.  0.00012241287  2.46329927E-06
  560.  0.000112104952  2.34379532E-06
  565.  0.000109732542  2.21037582E-06
  570.  0.000106010758  2.2020822E-06
  575.  0.000103370906  2.2775136E-06
  580.  9.87042424E-05  2.11455887E-06
  585.  9.50244512E-05  2.01809954E-06
  590.  9.2692269E-05  2.03173386E-06
  595.  8.79797919E-05  2.00427576E-06
  600.  8.32730531E-05  1.942991E-06
  605.  8.28380685E-05  1.9233013E-06
  610.  8.13564917E-05  1.90373628E-06
  615.  7.71150975E-05  1.86694852E-06
  620.  7.28201148E-05  1.785194E-06
  625.  7.00478196E-05  1.71408422E-06
  630.  6.83651202E-05  1.71577951E-06
  635.  6.62133904E-05  1.70515205E-06
  640.  6.45446932E-05  1.67079113E-06
  645.  6.16571529E-05  1.55049053E-06
  650.  5.97820602E-05  1.54657852E-06
  655.  5.8174334E-05  1.55981025E-06
  660.  5.50046236E-05  1.47622565E-06
  665.  5.23102034E-05  1.40061154E-06
  670.  5.31019427E-05  1.44070928E-06
  675.  4.98936045E-05  1.4126231E-06
  680.  4.78693653E-05  1.29703324E-06
  685.  4.6543125E-05  1.3362704E-06
  690.  4.67925797E-05  1.36734522E-06
  695.  4.4564116E-05  1.31723419E-06
  700.  4.17670578E-05  1.22904186E-06
  705.  3.9851505E-05  1.15515455E-06
  710.  4.04012035E-05  1.2451618E-06
  715.  3.76355257E-05  1.13948899E-06
  720.  3.71967173E-05  1.13950909E-06
  725.  3.72406329E-05  1.18082938E-06
  730.  3.68207754E-05  1.18632998E-06
  735.  3.52429084E-05  1.12633943E-06
  740.  3.2831254E-05  1.04678818E-06
  745.  3.18587713E-05  1.1014196E-06
  750.  3.19952605E-05  1.0949988E-06
  755.  3.07349475E-05  1.0957842E-06
  760.  3.03523152E-05  1.0505852E-06
  765.  2.92640639E-05  1.01396497E-06
  770.  2.72438784E-05  9.29558415E-07
  775.  2.70604508E-05  9.35257541E-07
  780.  2.72984851E-05  9.94174144E-07
  785.  2.56036698E-05  9.35718559E-07
  790.  2.63108218E-05  9.82471117E-07
  795.  2.49865015E-05  9.32234243E-07
