  200.  0.00913577475  2.47220556E-05
  205.  0.00820540381  2.37373034E-05
  210.  0.00735420832  2.17801723E-05
  215.  0.00663723469  2.05683331E-05
  220.  0.00603618428  1.95296426E-05
  225.  0.00547329039  1.826734E-05
  230.  0.00496848738  1.73889808E-05
  235.  0.00451244481  1.67692248E-05
  240.  0.00414192513  1.54729479E-05
  245.  0.00375508298  1.45912495E-05
  250.  0.00346997867  1.41049076E-05
  255.  0.00318616846  1.32708524E-05
  260.  0.00296462517  1.28441994E-05
  265.  0.002723506  1.23776963E-05
  270.  0.00248682377  1.14745176E-05
  275.  0.00229589179  1.08644061E-05
  280.  0.00215305137  1.0593791E-05
  285.  0.00198276425  1.00640286E-05
  290.  0.00186958379  9.84852712E-06
  295.  0.00173010172  9.28898939E-06
  300.  0.00160480437  8.8124789E-06
  305.  0.00151104509  8.6003159E-06
  310.  0.00139256459  8.16673572E-06
  315.  0.00130965078  7.85382573E-06
  320.  0.00121598804  7.58314911E-06
  325.  0.00115770861  7.44180388E-06
  330.  0.00107458743  7.01451891E-06
  335.  0.00101056308  6.8005205E-06
  340.  0.000941749069  6.50845209E-06
  345.  0.000892053149  6.309089E-06
  350.  0.000835693289  6.14104141E-06
  355.  0.000802168028  5.94227844E-06
  360.  0.000745026576  5.70104662E-06
  365.  0.000697616251  5.46050007E-06
  370.  0.000666759265  5.37330357E-06
  375.  0.000632685516  5.19517644E-06
  380.  0.000594606872  5.01851325E-06
  385.  0.000572643845  4.94721773E-06
  390.  0.000535157325  4.68133286E-06
  395.  0.000514674841  4.6051076E-06
  400.  0.000480953682  4.42187907E-06
  405.  0.000462124399  4.37813971E-06
  410.  0.000435491515  4.20060589E-06
  415.  0.000417506669  4.12050063E-06
  420.  0.000393760089  3.92524821E-06
  425.  0.00038032169  3.90079363E-06
  430.  0.000353454224  3.66843835E-06
  435.  0.000336998125  3.59406782E-06
  440.  0.000322264839  3.48734264E-06
  445.  0.000305312351  3.37812265E-06
  450.  0.000291307724  3.32058185E-06
  455.  0.00027870357  3.20198352E-06
  460.  0.000265090876  3.07895868E-06
  465.  0.000250850104  3.06035337E-06
  470.  0.000246409361  2.99038181E-06
  475.  0.000232442282  2.87128965E-06
  480.  0.000220855112  2.82142143E-06
  485.  0.000212759484  2.70853007E-06
  490.  0.000204959721  2.64650907E-06
  495.  0.000196795137  2.63792094E-06
  500.  0.000185971444  2.55469075E-06
  505.  0.000178648752  2.48738929E-06
  510.  0.000173719662  2.41930605E-06
  515.  0.000164616197  2.30599746E-06
  520.  0.00016108444  2.38852659E-06
  525.  0.000151508579  2.29235417E-06
  530.  0.000142547088  2.09129902E-06
  535.  0.000137595618  2.08253377E-06
  540.  0.000131798522  2.00314036E-06
  545.  0.000129419153  1.99327401E-06
  550.  0.0001220951  1.95087492E-06
  555.  0.000122046407  1.99197233E-06
  560.  0.000115124939  1.99240273E-06
  565.  0.000107566524  1.76977465E-06
  570.  0.000108094644  1.86116024E-06
  575.  0.000103921025  1.88883087E-06
  580.  9.85722393E-05  1.79661601E-06
  585.  9.63097107E-05  1.70458463E-06
  590.  9.34123469E-05  1.69776174E-06
  595.  8.80692901E-05  1.63673291E-06
  600.  8.2727514E-05  1.56532345E-06
  605.  8.18894158E-05  1.53632599E-06
  610.  7.96059455E-05  1.52549834E-06
  615.  7.67199027E-05  1.47457588E-06
  620.  7.4032212E-05  1.47254284E-06
  625.  6.96374981E-05  1.36814215E-06
  630.  7.05756701E-05  1.437859E-06
  635.  6.86158858E-05  1.41875731E-06
  640.  6.44478132E-05  1.35299681E-06
  645.  6.14024079E-05  1.29422859E-06
  650.  5.94865337E-05  1.29281056E-06
  655.  5.86378923E-05  1.28020686E-06
  660.  5.40075767E-05  1.18404148E-06
  665.  5.18870678E-05  1.17413794E-06
  670.  5.12295679E-05  1.12286175E-06
  675.  4.97814617E-05  1.16833725E-06
  680.  4.85941257E-05  1.08773418E-06
  685.  4.74225436E-05  1.14305259E-06
  690.  4.6609381E-05  1.11668862E-06
  695.  4.53809996E-05  1.10968896E-06
  700.  4.29623125E-05  1.06320838E-06
  705.  4.03567596E-05  1.00235201E-06
  710.  3.92031778E-05  9.92188552E-07
  715.  3.8226578E-05  9.72360504E-07
  720.  3.6100375E-05  9.38735066E-07
  725.  3.89377014E-05  1.03352184E-06
  730.  3.70958274E-05  9.69771385E-07
  735.  3.48471E-05  9.37761893E-07
  740.  3.31107871E-05  8.80462425E-07
  745.  3.29977864E-05  9.30936731E-07
  750.  3.17492261E-05  9.08076292E-07
  755.  2.99329236E-05  8.5409726E-07
  760.  3.03020948E-05  8.44842573E-07
  765.  3.02580542E-05  8.68256265E-07
  770.  2.79437014E-05  7.9970821E-07
  775.  2.64545031E-05  7.58184995E-07
  780.  2.73748734E-05  8.23096019E-07
  785.  2.66919774E-05  8.07158186E-07
  790.  2.49282782E-05  7.51443556E-07
  795.  2.54953605E-05  7.90038328E-07
  800.  2.58905613E-05  8.06018371E-07
  805.  2.46070023E-05  7.48851371E-07
  810.  2.17292692E-05  7.04267973E-07
  815.  2.21310855E-05  7.11568777E-07
  820.  2.20883166E-05  7.27683603E-07
  825.  1.91905046E-05  6.40413391E-07
  830.  2.10617025E-05  7.24251204E-07
  835.  1.85900673E-05  6.43155785E-07
  840.  1.90819086E-05  6.61198118E-07
  845.  1.78005626E-05  6.21430986E-07
  850.  1.66111307E-05  5.47785987E-07
  855.  1.71168593E-05  6.03666557E-07
  860.  1.73391322E-05  6.20305305E-07
  865.  1.60714693E-05  5.90667737E-07
  870.  1.56613866E-05  5.66971514E-07
  875.  1.60578981E-05  5.83253458E-07
  880.  1.53683799E-05  5.5103672E-07
  885.  1.51621382E-05  5.66959219E-07
  890.  1.47525819E-05  5.76521168E-07
  895.  1.48664117E-05  5.52663197E-07
  900.  1.39889474E-05  5.18684589E-07
  905.  1.38135801E-05  5.06894318E-07
  910.  1.30903143E-05  5.16994311E-07
  915.  1.25396402E-05  5.09136903E-07
  920.  1.21507293E-05  4.69626131E-07
  925.  1.17257163E-05  4.77769687E-07
  930.  1.21874067E-05  5.01382944E-07
  935.  1.13155709E-05  4.79283625E-07
  940.  1.09267477E-05  4.27043763E-07
  945.  1.00047843E-05  4.07843363E-07
