  100.  1.13290803  0.00198514773
  100.266667  1.08382304  0.00194497584
  100.533333  1.03643507  0.00191061746
  100.8  0.997228688  0.00188581943
  101.066667  0.955323964  0.00183089821
  101.333333  0.917243937  0.00177763011
  101.6  0.88338154  0.00172961384
  101.866667  0.849251322  0.00168025062
  102.133333  0.821190748  0.00163830934
  102.4  0.791733327  0.00159611181
  102.666667  0.766124682  0.00155717388
  102.933333  0.737596631  0.00151509581
  103.2  0.713910983  0.00148181998
  103.466667  0.687778171  0.0014421209
  103.733333  0.666439021  0.00140685794
  104.  0.643494436  0.00137301603
  104.266667  0.626064442  0.00134388696
  104.533333  0.608334254  0.00131599884
  104.8  0.588181192  0.00128070698
  105.066667  0.571153648  0.00125941131
  105.333333  0.55354073  0.00122564077
  105.6  0.539935356  0.00120774853
  105.866667  0.526065399  0.00118225922
  106.133333  0.51132063  0.0011598914
  106.4  0.49640057  0.00113467347
  106.666667  0.483075313  0.00111401864
  106.933333  0.470257315  0.00109282579
  107.2  0.458624392  0.00107287111
  107.466667  0.446212159  0.00105200084
  107.733333  0.437291786  0.00103917093
  108.  0.424647956  0.00101751147
  108.266667  0.414066346  0.000997097766
  108.533333  0.404744184  0.000983203034
  108.8  0.395909072  0.000965177569
  109.066667  0.385405585  0.000949726906
  109.333333  0.375358998  0.000933548579
  109.6  0.368502605  0.000919120752
  109.866667  0.359726637  0.000904323571
  110.133333  0.351588898  0.000891794193
  110.4  0.34414171  0.000879152646
  110.666667  0.337478812  0.000863196506
  110.933333  0.330783765  0.000851581879
  111.2  0.322527889  0.000837990659
  111.466667  0.3154968  0.00082540115
  111.733333  0.308455952  0.000812529673
  112.  0.30385161  0.000804045438
  112.266667  0.297639243  0.00079521555
  112.533333  0.292582067  0.000786635985
  112.8  0.28479832  0.000771892428
  113.066667  0.280183118  0.000762764389
  113.333333  0.276332531  0.000756760673
  113.6  0.268267639  0.000742506603
  113.866667  0.266012797  0.000737496121
  114.133333  0.258960605  0.000723227355
  114.4  0.255835715  0.000717324882
  114.666667  0.249764538  0.000707395227
  114.933333  0.245348532  0.000697644994
  115.2  0.24173246  0.000692220062
  115.466667  0.23794545  0.000687856081
  115.733333  0.231335767  0.000670421553
  116.  0.228048225  0.000667259763
  116.266667  0.224626142  0.000659910371
  116.533333  0.219881564  0.000651060168
  116.8  0.217490881  0.000647195659
  117.066667  0.214215241  0.000642303176
  117.333333  0.210386667  0.000636016089
  117.6  0.206447387  0.000625011199
  117.866667  0.204559179  0.000623894487
  118.133333  0.200330339  0.00061714672
  118.4  0.197484549  0.000611874874
  118.666667  0.194168259  0.000604924602
  118.933333  0.191195338  0.000597828828
  119.2  0.187807227  0.000593288413
  119.466667  0.185539027  0.000589224055
  119.733333  0.182820882  0.000583695393
  120.  0.179722773  0.000578543
  120.266667  0.177448767  0.000572524014
  120.533333  0.175324459  0.000571096956
  120.8  0.170404263  0.0005571268
  121.066667  0.168146716  0.000557520602
  121.333333  0.165749203  0.000548975326
  121.6  0.16350705  0.000543907448
  121.866667  0.161789728  0.000540082783
  122.133333  0.16067818  0.000541165893
  122.4  0.158287249  0.000537645038
  122.666667  0.155471014  0.000531542632
  122.933333  0.152742433  0.000525999373
  123.2  0.150149503  0.000519113388
  123.466667  0.149056806  0.00051812514
  123.733333  0.146217034  0.000514570444
  124.  0.144481039  0.000511022511
  124.266667  0.143783703  0.000511285698
  124.533333  0.141127088  0.000506421591
  124.8  0.138357891  0.000497989292
  125.066667  0.136389688  0.000494334022
  125.333333  0.134757427  0.000494225856
  125.6  0.134040548  0.000491281037
  125.866667  0.130977736  0.000483069111
  126.133333  0.129399569  0.000481751628
  126.4  0.127988941  0.000479211261
  126.666667  0.126010711  0.000475188408
  126.933333  0.124906768  0.00047283132
  127.2  0.12399292  0.000471530857
  127.466667  0.120646569  0.000463630753
  127.733333  0.119894537  0.00046244806
  128.  0.119214775  0.000465316015
  128.266667  0.116900365  0.00045659538
  128.533333  0.116368762  0.000459906484
  128.8  0.11436461  0.000452560651
  129.066667  0.112825925  0.000452677577
  129.333333  0.111546422  0.000449816307
  129.6  0.111135681  0.000449741459
  129.866667  0.108512991  0.000443733789
  130.133333  0.108718263  0.000446570983
  130.4  0.106910727  0.000442247069
  130.666667  0.104678177  0.000438120771
  130.933333  0.104298041  0.000440133615
  131.2  0.102737564  0.000432272905
  131.466667  0.101416678  0.000431990539
  131.733333  0.101348335  0.000432232952
  132.  0.0995683868  0.000422477053
  132.266667  0.0981832436  0.000418294425
  132.533333  0.0973780229  0.000420688184
  132.8  0.0963890138  0.000417833185
  133.066667  0.0947201322  0.000412044196
  133.333333  0.0933551066  0.000408399779
  133.6  0.0925800845  0.000404715694
  133.866667  0.0913750191  0.000402521258
  134.133333  0.0902616624  0.000397287359
  134.4  0.0888791023  0.00039566912
  134.666667  0.0879511324  0.000392563562
  134.933333  0.0879877751  0.00039232725
  135.2  0.0869504119  0.00038871034
  135.466667  0.0855673524  0.00038542883
  135.733333  0.085014576  0.000384692953
  136.  0.0836054016  0.00038006741
  136.266667  0.0830207303  0.000379423319
  136.533333  0.0817452415  0.00037442817
  136.8  0.0816641753  0.000375331228
  137.066667  0.0802094926  0.00037041548
  137.333333  0.0796712085  0.000369568398
  137.6  0.0784827274  0.00036417827
  137.866667  0.0775739158  0.000363643898
  138.133333  0.0768497656  0.000360239299
  138.4  0.0768444982  0.000362039591
  138.666667  0.0757941995  0.000359212477
  138.933333  0.0753863342  0.000359439622
  139.2  0.0744165578  0.000355603955
  139.466667  0.0731498217  0.00035105595
  139.733333  0.0725152863  0.000347110728
