  50.  0.738480509  0.000155916575
  55.  0.66359076  0.00016270448
  60.  0.732487684  0.00024284823
  65.  0.907347599  0.000323437576
  70.  1.23459028  0.00041118643
  75.  1.94652099  0.000549325903
  80.  3.95842091  0.000854159289
  85.  17.590776  0.00211276378
  90.  42.033576  0.0035251614
  95.  3.73080179  0.000941476705
  100.  1.13095448  0.000503676789
  105.  0.557229166  0.000318461976
  110.  0.33593857  0.000224397453
  115.  0.226608326  0.000171962493
  120.  0.163443946  0.000138982486
  125.  0.123652556  0.000118096565
  130.  0.0967876614  0.00011106448
  135.  0.077766764  9.77276963E-05
  140.  0.063634875  8.6152549E-05
  145.  0.0529930739  7.70282232E-05
  150.  0.0445236942  6.9191801E-05
  155.  0.03790214  6.27229525E-05
  160.  0.0326951035  5.75469834E-05
  165.  0.0281854895  5.26127257E-05
  170.  0.0245814376  4.83966422E-05
  175.  0.0216851424  4.50688389E-05
  180.  0.0190636243  4.18462019E-05
  185.  0.016944964  3.90612228E-05
  190.  0.0150865362  3.66640402E-05
  195.  0.013423959  3.40688442E-05
  200.  0.0120499072  3.20147993E-05
  205.  0.0108686949  3.00809431E-05
  210.  0.00985557805  2.86276597E-05
  215.  0.008883233  2.70015304E-05
  220.  0.00810064817  2.55367611E-05
  225.  0.00738853538  2.42427492E-05
  230.  0.00674090914  2.31291404E-05
  235.  0.00612839353  2.166921E-05
  240.  0.00563458273  2.07285352E-05
  245.  0.00523261257  2.00232684E-05
  250.  0.00475986511  1.88107885E-05
  255.  0.00442470693  1.80964756E-05
  260.  0.00406033567  1.72975665E-05
  265.  0.00379320037  1.66560265E-05
  270.  0.00349889398  1.58239426E-05
  275.  0.0032320007  1.50730089E-05
  280.  0.00301572551  1.45609178E-05
  285.  0.00280629717  1.399943E-05
  290.  0.0026187778  1.34425438E-05
  295.  0.00244439826  1.30130842E-05
  300.  0.00227615867  1.23223066E-05
  305.  0.0021326996  1.19520983E-05
  310.  0.00199826286  1.15214839E-05
  315.  0.00188903735  1.12000662E-05
  320.  0.00177246286  1.07741021E-05
  325.  0.0016643195  1.05101167E-05
  330.  0.00157551166  1.01582431E-05
  335.  0.00146325505  9.70780454E-06
  340.  0.00138620236  9.36906938E-06
  345.  0.00130884065  9.09661727E-06
  350.  0.00121609582  8.64709833E-06
  355.  0.00116487447  8.50201702E-06
  360.  0.00110335305  8.23360684E-06
  365.  0.00104832533  8.04110394E-06
  370.  0.000994827873  7.80577924E-06
  375.  0.000946016318  7.63749716E-06
  380.  0.000878081332  7.22725537E-06
  385.  0.000853755372  7.15785689E-06
  390.  0.000804418334  6.99872901E-06
  395.  0.000752140528  6.66544897E-06
  400.  0.000713962713  6.42439847E-06
  405.  0.000683995886  6.26810949E-06
  410.  0.000648501071  6.07379973E-06
  415.  0.000625667017  5.9236742E-06
  420.  0.00059379607  5.83484399E-06
  425.  0.000578565215  5.79759407E-06
  430.  0.000541496982  5.51767447E-06
  435.  0.000512515757  5.3016632E-06
  440.  0.000488465908  5.10723818E-06
  445.  0.0004696904  5.77183061E-06
  450.  0.000459520194  5.10243766E-06
  455.  0.000431875726  4.78877111E-06
  460.  0.00040965625  4.72667706E-06
  465.  0.000389942333  4.57186553E-06
  470.  0.000373987226  4.5051946E-06
  475.  0.000369200503  4.48529433E-06
  480.  0.000345971911  4.23699926E-06
  485.  0.000331354025  4.19731782E-06
  490.  0.000319284974  4.05987709E-06
  495.  0.000299160779  3.83593673E-06
  500.  0.000295014756  3.90134185E-06
  505.  0.000282084206  3.75189026E-06
  510.  0.000266990974  3.63565543E-06
  515.  0.000256324806  3.52346855E-06
  520.  0.000251572631  3.54575859E-06
  525.  0.000239663519  3.44688975E-06
  530.  0.00022981874  3.35536438E-06
  535.  0.000224711064  3.37854002E-06
  540.  0.000219438087  3.35172383E-06
  545.  0.000202287771  3.07118515E-06
  550.  0.000194311366  3.05380701E-06
  555.  0.000182415293  2.87714163E-06
  560.  0.000186789786  3.01460164E-06
  565.  0.000173666501  2.83331467E-06
  570.  0.000173930118  2.88282865E-06
  575.  0.000160809317  2.69245462E-06
  580.  0.000159451267  2.74013199E-06
  585.  0.000152011643  2.6167519E-06
  590.  0.000143225237  2.48078361E-06
  595.  0.000141543159  2.59122053E-06
  600.  0.000136409228  2.44126137E-06
  605.  0.000132503479  2.40932049E-06
  610.  0.000128526892  2.40954274E-06
  615.  0.000124859131  2.29173065E-06
  620.  0.000117851198  2.25042843E-06
  625.  0.000115538293  2.23958286E-06
  630.  0.000115435918  2.27228931E-06
  635.  0.000107669114  2.13261539E-06
  640.  0.000106897992  2.21057032E-06
  645.  0.000103777242  2.0544933E-06
  650.  0.00010079803  2.06453198E-06
  655.  9.6413579E-05  2.02555316E-06
  660.  9.48988121E-05  2.02497146E-06
  665.  8.82837911E-05  1.86835582E-06
  670.  8.9468136E-05  1.92319593E-06
  675.  8.53796696E-05  1.86184974E-06
  680.  8.11139176E-05  1.80899842E-06
  685.  8.27869507E-05  1.84356747E-06
  690.  7.56265648E-05  1.74015161E-06
  695.  7.34552068E-05  1.68928028E-06
  700.  7.00533773E-05  1.63876462E-06
  705.  6.88077963E-05  1.64294617E-06
  710.  6.6923507E-05  1.6023197E-06
  715.  6.51562184E-05  1.5987702E-06
  720.  6.31725328E-05  1.54323004E-06
  725.  6.04023367E-05  1.53418759E-06
  730.  6.03561736E-05  1.54383086E-06
  735.  5.74403755E-05  1.46918102E-06
  740.  5.61444596E-05  1.45807648E-06
  745.  5.81813867E-05  1.53068471E-06
  750.  5.42982539E-05  1.44129753E-06
  755.  5.41557114E-05  1.44972479E-06
  760.  5.33452369E-05  1.44096649E-06
  765.  4.7943532E-05  1.3181261E-06
  770.  4.77654459E-05  1.31466998E-06
  775.  4.50092883E-05  1.25737569E-06
  780.  4.53314394E-05  1.28064911E-06
  785.  4.38062241E-05  1.25715867E-06
  790.  4.28440485E-05  1.23703344E-06
  795.  4.10317707E-05  1.22850067E-06
