  100.  0.278990346  0.0005031701
  100.266667  0.282672971  0.000505336365
  100.533333  0.286849582  0.000507787226
  100.8  0.292177851  0.00051186542
  101.066667  0.296724768  0.000514724881
  101.333333  0.302530338  0.000518969208
  101.6  0.307708283  0.000521869416
  101.866667  0.313935534  0.000526193025
  102.133333  0.320349892  0.000530008278
  102.4  0.328107126  0.000535900011
  102.666667  0.335295674  0.000540360095
  102.933333  0.344620133  0.000546396141
  103.2  0.353756672  0.000551893381
  103.466667  0.365881246  0.000560361519
  103.733333  0.378312949  0.000568360709
  104.  0.392711704  0.000576277942
  104.266667  0.411911928  0.000588222051
  104.533333  0.439448778  0.00060512295
  104.8  0.495292823  0.00063844119
  105.066667  0.522973202  0.000653050303
  105.333333  0.509537724  0.00064463289
  105.6  0.495289198  0.000634930872
  105.866667  0.480885263  0.000623714674
  106.133333  0.469898514  0.000617526669
  106.4  0.45581297  0.000606546009
  106.666667  0.445462416  0.000599305838
  106.933333  0.432838814  0.000589685174
  107.2  0.422767442  0.000582816393
  107.466667  0.411834546  0.000575206216
  107.733333  0.400948133  0.000566303531
  108.  0.392291534  0.00056014891
  108.266667  0.38258863  0.000552161795
  108.533333  0.373726372  0.000545714721
  108.8  0.36558673  0.000539222423
  109.066667  0.357298807  0.000532362742
  109.333333  0.348299538  0.000524919383
  109.6  0.341505615  0.000520088849
  109.866667  0.333486484  0.000513057273
  110.133333  0.326215233  0.000507481763
  110.4  0.320459037  0.000502510068
  110.666667  0.312894993  0.000495895408
  110.933333  0.306450014  0.00049090681
  111.2  0.300307452  0.000485851283
  111.466667  0.294078476  0.000480274079
  111.733333  0.28709422  0.000473382629
  112.  0.281292139  0.000468299066
  112.266667  0.276536324  0.00046485374
  112.533333  0.271262295  0.000459921156
  112.8  0.267248794  0.000457147754
  113.066667  0.261510402  0.000451308193
  113.333333  0.256300885  0.000447594952
  113.6  0.250637733  0.000441445107
  113.866667  0.24615633  0.000437351622
  114.133333  0.242163968  0.000433774015
  114.4  0.237780973  0.000430468619
  114.666667  0.23432248  0.000427197268
  114.933333  0.23022406  0.000423680292
  115.2  0.225621317  0.00041884841
  115.466667  0.221929627  0.000416543125
  115.733333  0.218039577  0.000412038258
  116.  0.214482574  0.000409166899
  116.266667  0.210403721  0.000404424191
  116.533333  0.206983272  0.000401534658
  116.8  0.20383078  0.00039795648
  117.066667  0.200738935  0.000395775514
  117.333333  0.196499464  0.000389863365
  117.6  0.193010968  0.000387418299
  117.866667  0.1909006  0.000386195574
  118.133333  0.187236214  0.000381645972
  118.4  0.184345467  0.000379708624
  118.666667  0.182071191  0.000377140575
  118.933333  0.178746301  0.000373681955
  119.2  0.176961816  0.000373130857
  119.466667  0.173766404  0.000369757811
  119.733333  0.171039028  0.000366220441
  120.  0.167987116  0.000362491506
  120.266667  0.165828636  0.00036057596
  120.533333  0.162887666  0.000358182441
  120.8  0.160510879  0.000355150096
  121.066667  0.158828777  0.000353848058
  121.333333  0.156099656  0.000350420655
  121.6  0.154182839  0.000349364751
  121.866667  0.152011788  0.000347021851
  122.133333  0.149628269  0.000343562178
  122.4  0.147503702  0.000341787122
  122.666667  0.145360883  0.000340341462
  122.933333  0.143515329  0.000338112848
  123.2  0.141890339  0.000336867442
  123.466667  0.139540982  0.000334158381
  123.733333  0.138115718  0.000332827466
  124.  0.136326909  0.000332184306
  124.266667  0.134220971  0.000329022361
  124.533333  0.132367298  0.000326630473
  124.8  0.130583118  0.000325172127
  125.066667  0.128456441  0.000323251314
  125.333333  0.127118606  0.00032109404
  125.6  0.125824111  0.000320462762
  125.866667  0.123760034  0.000317696338
  126.133333  0.122127696  0.000317170162
  126.4  0.120138214  0.000313467467
  126.666667  0.119723046  0.000314703107
  126.933333  0.118284009  0.000313911901
  127.2  0.115846419  0.000309481246
  127.466667  0.114941039  0.000309216401
  127.733333  0.113393693  0.000307877168
  128.  0.112196635  0.000307163264
  128.266667  0.110783136  0.000306134451
  128.533333  0.109383048  0.000304625569
  128.8  0.107758512  0.000302030985
  129.066667  0.106684506  0.000301766523
  129.333333  0.10585435  0.000301934787
  129.6  0.103995501  0.000300089811
  129.866667  0.102746386  0.000298986755
  130.133333  0.101706037  0.000298476319
  130.4  0.100825097  0.000298040095
  130.666667  0.0993586177  0.000297128009
  130.933333  0.0982869591  0.000296273392
  131.2  0.0970020854  0.000293429315
  131.466667  0.0960900326  0.000292206897
  131.733333  0.0950349468  0.000290914529
  132.  0.0939536452  0.000288490923
  132.266667  0.0932756009  0.000287807402
  132.533333  0.0920508471  0.000285318161
  132.8  0.090472445  0.000282203119
  133.066667  0.0897228768  0.000280544293
  133.333333  0.0889305346  0.000279203489
  133.6  0.0880168988  0.000277693459
  133.866667  0.0865110881  0.00027410995
  134.133333  0.0857359368  0.00027259429
  134.4  0.0843620693  0.000270595201
  134.666667  0.0832012949  0.000267168693
  134.933333  0.0824684282  0.000266838711
  135.2  0.0823885018  0.000267438874
  135.466667  0.0817363865  0.000267074553
  135.733333  0.0799983217  0.000261824324
  136.  0.0793867358  0.000260926114
  136.266667  0.0789033452  0.000260858124
  136.533333  0.0777999226  0.000258543531
  136.8  0.0771391687  0.000257320419
  137.066667  0.0761681223  0.000254687471
  137.333333  0.0755750035  0.000254144234
  137.6  0.074432938  0.000250956772
  137.866667  0.0742694603  0.00025194886
  138.133333  0.0730688556  0.000249701744
  138.4  0.0724622459  0.00024811579
  138.666667  0.0714525063  0.000246105113
  138.933333  0.0712796179  0.000246600727
  139.2  0.070312318  0.000243774216
  139.466667  0.0694239185  0.000242257689
  139.733333  0.06909935  0.000241245632
