  500.  0.000277751632  1.87970038E-06
  510.  0.000253741696  1.78375366E-06
  520.  0.00023442489  1.70239784E-06
  530.  0.000215584042  1.61078377E-06
  540.  0.000202042429  1.5489465E-06
  550.  0.000184403793  1.46547158E-06
  560.  0.000171987696  1.40534167E-06
  570.  0.000161659755  1.36006555E-06
  580.  0.000147665724  1.28093292E-06
  590.  0.000136954514  1.22501914E-06
  600.  0.000130582373  1.20055006E-06
  610.  0.000121102075  1.13969473E-06
  620.  0.000113161247  1.09533052E-06
  630.  0.00010529703  1.05126204E-06
  640.  9.74766742E-05  1.00111298E-06
  650.  9.07210126E-05  9.58795152E-07
  660.  8.69549736E-05  9.27821113E-07
  670.  8.12600611E-05  8.94418308E-07
  680.  7.52819808E-05  8.45642737E-07
  690.  7.08209974E-05  8.28403736E-07
  700.  6.58192056E-05  7.85184993E-07
  710.  6.33419016E-05  7.64031998E-07
  720.  6.06466349E-05  7.50091136E-07
  730.  5.66455619E-05  7.15392639E-07
  740.  5.40497321E-05  6.94618991E-07
  750.  4.99284282E-05  6.62471891E-07
  760.  4.67269283E-05  6.3534484E-07
  770.  4.39324418E-05  6.13258662E-07
  780.  4.12196887E-05  5.88682953E-07
  790.  3.89171812E-05  5.68902469E-07
  800.  3.80157557E-05  5.65112357E-07
  810.  3.65287275E-05  5.45872278E-07
  820.  3.40784041E-05  5.22393847E-07
  830.  3.21530709E-05  4.99994637E-07
  840.  3.05706192E-05  4.86457521E-07
  850.  2.88033943E-05  4.67191551E-07
  860.  2.68692472E-05  4.45667948E-07
  870.  2.56549865E-05  4.39415329E-07
  880.  2.44485886E-05  4.25627505E-07
  890.  2.28208621E-05  4.02249718E-07
  900.  2.24090767E-05  4.00440176E-07
  910.  2.13796966E-05  3.8898769E-07
  920.  2.0114882E-05  3.76016927E-07
  930.  1.84144672E-05  3.59326536E-07
  940.  1.7748566E-05  3.45320928E-07
  950.  1.71131466E-05  3.37845974E-07
  960.  1.67483965E-05  3.35935778E-07
  970.  1.51085818E-05  3.11235741E-07
  980.  1.51273441E-05  3.11947235E-07
  990.  1.42381296E-05  3.00325288E-07
  1000.  1.34937134E-05  2.90247709E-07
  1010.  1.32666287E-05  2.85032978E-07
  1020.  1.21878449E-05  2.73240485E-07
  1030.  1.18241369E-05  2.6743747E-07
  1040.  1.16547717E-05  2.67512263E-07
  1050.  1.06825323E-05  2.52900219E-07
  1060.  9.92060001E-06  2.32200468E-07
  1070.  1.01166337E-05  2.43180612E-07
  1080.  9.42853805E-06  2.31488435E-07
  1090.  9.74075592E-06  2.39629475E-07
  1100.  8.66261679E-06  2.16230328E-07
  1110.  8.70634432E-06  2.21604551E-07
  1120.  8.33948276E-06  2.13302655E-07
  1130.  7.5434516E-06  1.98264192E-07
  1140.  7.25794321E-06  1.95775544E-07
  1150.  7.08138338E-06  1.96327814E-07
  1160.  6.58043504E-06  1.8529306E-07
  1170.  6.31150099E-06  1.77122825E-07
  1180.  6.10195316E-06  1.7550637E-07
  1190.  6.05981971E-06  1.74238338E-07
  1200.  5.72268442E-06  1.67196307E-07
  1210.  5.43437591E-06  1.61599449E-07
  1220.  5.07426547E-06  1.56620402E-07
  1230.  5.17535207E-06  1.56265981E-07
  1240.  4.93829798E-06  1.51278213E-07
  1250.  4.73050296E-06  1.46168102E-07
  1260.  4.30583746E-06  1.40626511E-07
  1270.  4.32186733E-06  1.37981325E-07
  1280.  4.29022004E-06  1.38042551E-07
  1290.  3.9745889E-06  1.31825733E-07
  1300.  3.75588517E-06  1.27223543E-07
  1310.  3.6857975E-06  1.27337819E-07
  1320.  3.593211E-06  1.22473772E-07
  1330.  3.47694236E-06  1.21013636E-07
  1340.  3.12070522E-06  1.12558227E-07
  1350.  3.20426341E-06  1.14115073E-07
  1360.  3.12766653E-06  1.1296224E-07
  1370.  3.01912942E-06  1.1010332E-07
  1380.  2.63232472E-06  1.00182145E-07
  1390.  2.77914544E-06  1.03756078E-07
  1400.  2.55464545E-06  9.75170368E-08
  1410.  2.69348595E-06  1.01319814E-07
  1420.  2.4479511E-06  9.59966786E-08
  1430.  2.34532045E-06  9.24052471E-08
  1440.  2.21323856E-06  9.12777107E-08
  1450.  2.38171632E-06  9.23325981E-08
  1460.  2.10808143E-06  8.67816277E-08
  1470.  2.0620078E-06  8.30722347E-08
  1480.  2.14957353E-06  8.53835454E-08
  1490.  1.88816942E-06  8.02896201E-08
  1500.  1.85727942E-06  8.04364417E-08
  1510.  1.81770052E-06  7.87709365E-08
  1520.  1.63989105E-06  7.21075875E-08
  1530.  1.70913051E-06  7.57293836E-08
  1540.  1.67717773E-06  7.15760074E-08
  1550.  1.52485628E-06  7.07029038E-08
  1560.  1.63452084E-06  7.25119451E-08
  1570.  1.48134515E-06  6.65758467E-08
  1580.  1.35664085E-06  6.45313142E-08
  1590.  1.32309984E-06  6.35727338E-08
  1600.  1.37256928E-06  6.51499502E-08
  1610.  1.29235938E-06  6.05444425E-08
  1620.  1.25027775E-06  6.02410187E-08
  1630.  1.20721775E-06  5.87480494E-08
  1640.  1.12454135E-06  5.55609131E-08
  1650.  1.02571908E-06  5.33445647E-08
  1660.  1.13051609E-06  5.65677395E-08
  1670.  1.06772502E-06  5.37305415E-08
  1680.  1.03527268E-06  5.31945371E-08
  1690.  9.92510158E-07  5.13238403E-08
  1700.  8.86886336E-07  4.80901704E-08
  1710.  9.0441805E-07  4.93319698E-08
  1720.  9.289826E-07  5.13082249E-08
  1730.  7.71561052E-07  4.38417624E-08
  1740.  8.44511623E-07  4.75857643E-08
  1750.  7.72803648E-07  4.44930286E-08
  1760.  7.83998343E-07  4.44827785E-08
  1770.  7.29849145E-07  4.25634951E-08
  1780.  6.39196314E-07  3.8419997E-08
  1790.  6.6040392E-07  3.9482995E-08
  1800.  6.20702543E-07  3.82158281E-08
  1810.  6.12763768E-07  3.81447611E-08
  1820.  5.82168167E-07  3.69442512E-08
  1830.  6.51601299E-07  3.90992703E-08
  1840.  6.60208431E-07  3.87262316E-08
  1850.  6.29203864E-07  3.67571959E-08
  1860.  5.25407675E-07  3.29552379E-08
  1870.  5.89116119E-07  3.53449826E-08
  1880.  5.58641716E-07  3.50561971E-08
  1890.  5.26718087E-07  3.28591467E-08
  1900.  5.08566367E-07  3.22103616E-08
  1910.  4.38538704E-07  2.95480623E-08
  1920.  3.97898757E-07  2.8831192E-08
  1930.  4.55868557E-07  3.0320976E-08
  1940.  4.4185175E-07  2.97114488E-08
  1950.  4.11183286E-07  2.83887871E-08
  1960.  4.55988554E-07  2.99566733E-08
  1970.  4.26400585E-07  2.89260474E-08
  1980.  3.68914805E-07  2.63359967E-08
  1990.  3.95238769E-07  2.69012416E-08
