  50.  0.562216297  0.00101107021
  50.1333333  0.568061216  0.00101212847
  50.2666667  0.577856728  0.00102012535
  50.4  0.58774288  0.00102926815
  50.5333333  0.594745695  0.00103153863
  50.6666667  0.607153717  0.00104018103
  50.8  0.617017603  0.00104756386
  50.9333333  0.629014755  0.00105490855
  51.0666667  0.641168571  0.00106251624
  51.2  0.653996223  0.00106986694
  51.3333333  0.668739911  0.0010812634
  51.4666667  0.685477828  0.00109218969
  51.6  0.703802136  0.0011043139
  51.7333333  0.723340947  0.0011161334
  51.8666667  0.743119162  0.00112620738
  52.  0.772002087  0.00114525608
  52.1333333  0.801238323  0.00116063597
  52.2666667  0.842105796  0.00118094063
  52.4  0.912193597  0.00121345445
  52.5333333  0.947608524  0.00122686945
  52.6666667  0.938822706  0.00122561803
  52.8  0.92122422  0.00121590088
  52.9333333  0.902033327  0.00120414141
  53.0666667  0.882955996  0.00119015657
  53.2  0.864730981  0.00117992415
  53.3333333  0.847730957  0.00116838655
  53.4666667  0.825897369  0.00115185055
  53.6  0.809344884  0.00113952296
  53.7333333  0.791055185  0.00112641388
  53.8666667  0.772709407  0.00111282714
  54.  0.756993115  0.00109983916
  54.1333333  0.739789161  0.00108708945
  54.2666667  0.725027916  0.00107659679
  54.4  0.7108457  0.00106598218
  54.5333333  0.696647919  0.00105397173
  54.6666667  0.680556983  0.00104198041
  54.8  0.664287734  0.00102574337
  54.9333333  0.652072156  0.00101742074
  55.0666667  0.637727383  0.00100419049
  55.2  0.629236454  0.00100033692
  55.3333333  0.616599049  0.000988863164
  55.4666667  0.602474301  0.00097549136
  55.6  0.58894774  0.000962652265
  55.7333333  0.578947564  0.000955780369
  55.8666667  0.566821057  0.000945178198
  56.  0.557427119  0.000937293064
  56.1333333  0.545591432  0.000924365732
  56.2666667  0.535527913  0.000916523698
  56.4  0.527407117  0.000909917133
  56.5333333  0.516913593  0.000899976033
  56.6666667  0.508680652  0.000894777341
  56.8  0.49735243  0.000880152182
  56.9333333  0.489488435  0.000874460189
  57.0666667  0.482069511  0.000869109629
  57.2  0.473452236  0.000862235793
  57.3333333  0.465845415  0.000854134443
  57.4666667  0.45738478  0.000845229516
  57.6  0.448734853  0.000837330287
  57.7333333  0.442518243  0.000833362434
  57.8666667  0.434487276  0.000825237427
  58.  0.42579556  0.000814632143
  58.1333333  0.42068001  0.000811211076
  58.2666667  0.41319903  0.000802516417
  58.4  0.406898051  0.000796095696
  58.5333333  0.399385683  0.000790480817
  58.6666667  0.39268769  0.000782028887
  58.8  0.388090291  0.000780067191
  58.9333333  0.381014687  0.000771766438
  59.0666667  0.374950405  0.000764376716
  59.2  0.369261978  0.000760025757
  59.3333333  0.363517635  0.000753841117
  59.4666667  0.35859811  0.000749218681
  59.6  0.352517301  0.000743014568
  59.7333333  0.348105874  0.000738752176
  59.8666667  0.342287132  0.000732198712
  60.  0.338248803  0.000729479931
  60.1333333  0.332324829  0.000721470551
  60.2666667  0.327487938  0.000717505274
  60.4  0.321819137  0.000710943049
  60.5333333  0.317943539  0.000706722949
  60.6666667  0.313829545  0.000703299451
  60.8  0.309263007  0.000697955514
  60.9333333  0.306037649  0.000695118762
  61.0666667  0.300666996  0.00068904093
  61.2  0.296156279  0.000684186866
  61.3333333  0.291779076  0.000679777289
  61.4666667  0.28811068  0.000676312875
  61.6  0.284086214  0.000671539401
  61.7333333  0.28146536  0.000671068849
  61.8666667  0.277646259  0.000665596728
  62.  0.272931979  0.000661293729
  62.1333333  0.270366777  0.000658875428
  62.2666667  0.266728946  0.00065426407
  62.4  0.262489336  0.000649218688
  62.5333333  0.258528651  0.000645368668
  62.6666667  0.256819095  0.00064586008
  62.8  0.252522831  0.000637974341
  62.9333333  0.249719969  0.000636424201
  63.0666667  0.245767479  0.000631213981
  63.2  0.244159701  0.000633578077
  63.3333333  0.240468701  0.000627865232
  63.4666667  0.236954196  0.000624645096
  63.6  0.234184926  0.000621753957
  63.7333333  0.231978917  0.000619427959
  63.8666667  0.228306543  0.000612560185
  64.  0.225872069  0.000613417866
  64.1333333  0.221987982  0.000609200863
  64.2666667  0.220117089  0.000606639244
  64.4  0.217705628  0.000605703766
  64.5333333  0.215307134  0.000603452527
  64.6666667  0.212278621  0.000600720961
  64.8  0.209601078  0.000598679995
  64.9333333  0.208008009  0.00059810283
  65.0666667  0.205486011  0.000595675319
  65.2  0.202361284  0.000593690485
  65.3333333  0.200297752  0.000595137144
  65.4666667  0.197695986  0.000594034618
  65.6  0.197132062  0.000595237029
  65.7333333  0.194729088  0.000590352258
  65.8666667  0.191892702  0.000585816261
  66.  0.188236185  0.00057660554
  66.1333333  0.187677432  0.000577963871
  66.2666667  0.185605947  0.000573999717
  66.4  0.184312011  0.000571520506
  66.5333333  0.181264572  0.000563466538
  66.6666667  0.179464751  0.000563031665
  66.8  0.176825283  0.000556831156
  66.9333333  0.17559343  0.000554903059
  67.0666667  0.174548816  0.000553466955
  67.2  0.170966954  0.000543526561
  67.3333333  0.169100545  0.000541622033
  67.4666667  0.168559958  0.000544358799
  67.6  0.165443286  0.000535121414
  67.7333333  0.164147451  0.000532765696
  67.8666667  0.161945019  0.0005290203
  68.  0.161067923  0.000528343395
  68.1333333  0.159020972  0.000522981437
  68.2666667  0.158264037  0.000524881719
  68.4  0.156770025  0.000521889858
  68.5333333  0.154706498  0.000515108261
  68.6666667  0.152637395  0.000512282851
  68.8  0.151586652  0.000510721842
  68.9333333  0.149659265  0.000505488232
  69.0666667  0.148201924  0.000502795851
  69.2  0.147076228  0.000501376606
  69.3333333  0.145408019  0.000498524267
  69.4666667  0.143755135  0.000494433624
  69.6  0.14276533  0.000492959193
  69.7333333  0.141423161  0.000491359749
  69.8666667  0.139815421  0.000485160815
