  40.  4.9384701E-05  5.88184743E-07
  41.  7.21849184E-05  7.25717098E-07
  42.  8.75809653E-05  8.0311798E-07
  43.  0.000101305991  8.66490909E-07
  44.  0.000116368764  9.31018686E-07
  45.  0.000130962093  9.90609868E-07
  46.  0.000144595061  1.03977031E-06
  47.  0.000160864308  1.09781597E-06
  48.  0.000176999066  1.15127319E-06
  49.  0.000188046912  1.18152378E-06
  50.  0.000205843466  1.2393098E-06
  51.  0.000220884251  1.27975199E-06
  52.  0.000235164897  1.32132078E-06
  53.  0.000249880208  1.35893991E-06
  54.  0.000264654939  1.39796779E-06
  55.  0.000284676273  1.45284572E-06
  56.  0.000298482472  1.49013285E-06
  57.  0.0003124596  1.51058998E-06
  58.  0.000332710496  1.56497034E-06
  59.  0.000344393225  1.58575883E-06
  60.  0.000363846526  1.63104654E-06
  61.  0.000385040296  1.68114484E-06
  62.  0.000398047299  1.70275023E-06
  63.  0.000414128764  1.73416832E-06
  64.  0.000434546117  1.77751565E-06
  65.  0.000447681084  1.79750042E-06
  66.  0.000465839609  1.83478069E-06
  67.  0.000482467956  1.86490365E-06
  68.  0.000499621875  1.89640621E-06
  69.  0.000517881135  1.9275105E-06
  70.  0.000531043018  1.94484546E-06
  71.  0.000551203138  1.98746118E-06
  72.  0.000571338603  2.02003287E-06
  73.  0.000587968427  2.0448378E-06
  74.  0.000600976839  2.06269229E-06
  75.  0.000616418578  2.08460826E-06
  76.  0.0006385763  2.12289112E-06
  77.  0.000653361781  2.14166147E-06
  78.  0.000674441472  2.17255772E-06
  79.  0.000693514149  2.20102298E-06
  80.  0.00070387863  2.2098488E-06
  81.  0.00072293798  2.23787909E-06
  82.  0.000743485566  2.26787343E-06
  83.  0.000764006895  2.2940462E-06
  84.  0.00078052096  2.31624628E-06
  85.  0.000797482412  2.33607504E-06
  86.  0.000811516533  2.35008906E-06
  87.  0.000833846076  2.3830181E-06
  88.  0.000853504087  2.40539017E-06
  89.  0.000872980147  2.44007064E-06
  90.  0.000890662958  2.45465378E-06
  91.  0.000907056885  2.47219593E-06
  92.  0.00092202162  2.48699866E-06
  93.  0.000938755993  2.5018468E-06
  94.  0.000955566545  2.51881916E-06
  95.  0.000976066953  2.54369126E-06
  96.  0.000994426688  2.56455428E-06
  97.  0.00101022691  2.57841929E-06
  98.  0.00103553836  2.61143415E-06
  99.  0.00104724148  2.61889849E-06
  100.  0.00106369941  2.63512508E-06
  101.  0.00108696921  2.66156508E-06
  102.  0.00110205871  2.67229771E-06
  103.  0.00111716132  2.68514563E-06
  104.  0.00113813398  2.70336245E-06
  105.  0.00115762759  2.72552689E-06
  106.  0.00117339587  2.73690768E-06
  107.  0.00118689191  2.7425052E-06
  108.  0.00120835079  2.76623383E-06
  109.  0.00122459187  2.77778273E-06
  110.  0.00124658213  2.80076798E-06
  111.  0.00126422278  2.81480736E-06
  112.  0.00127846164  2.82085286E-06
  113.  0.00130125372  2.84769327E-06
  114.  0.00132021088  2.86253329E-06
  115.  0.00133447289  2.86854066E-06
  116.  0.00135347816  2.88289923E-06
  117.  0.00136773642  2.89391589E-06
  118.  0.00138766434  2.90982871E-06
  119.  0.00140165779  2.91319131E-06
  120.  0.00142799713  2.93936232E-06
  121.  0.00144324345  2.95342461E-06
  122.  0.00145968933  2.96352024E-06
  123.  0.00147902406  2.9750312E-06
  124.  0.00149796268  2.99102252E-06
  125.  0.00151644473  3.00585513E-06
  126.  0.00152851404  3.00587318E-06
  127.  0.00155359688  3.02841364E-06
  128.  0.00156736127  3.03252012E-06
  129.  0.00158904707  3.05179363E-06
  130.  0.00160305459  3.05345794E-06
  131.  0.00163031518  3.07992329E-06
  132.  0.00164654059  3.08542846E-06
  133.  0.00165782093  3.08627701E-06
  134.  0.00168246535  3.10377492E-06
  135.  0.00169718848  3.1104784E-06
  136.  0.00171677617  3.12012615E-06
  137.  0.00174386859  3.14803529E-06
  138.  0.00176125919  3.15482898E-06
  139.  0.00178122391  3.16339096E-06
  140.  0.00180175071  3.17547198E-06
  141.  0.00182077364  3.18215877E-06
  142.  0.00184375317  3.19899541E-06
  143.  0.00185614977  3.199219E-06
  144.  0.00187823238  3.20973433E-06
  145.  0.00189830561  3.22252932E-06
  146.  0.00192532649  3.23746547E-06
  147.  0.00194785014  3.25257802E-06
  148.  0.00197127274  3.26330358E-06
  149.  0.00198804423  3.26407245E-06
  150.  0.00201064713  3.27342656E-06
  151.  0.00203416293  3.28771258E-06
  152.  0.00206126049  3.30456488E-06
  153.  0.00207987267  3.30420756E-06
  154.  0.00210825011  3.32261977E-06
  155.  0.00212976194  3.32760103E-06
  156.  0.00215919107  3.34551577E-06
  157.  0.0021863629  3.35542275E-06
  158.  0.00220667164  3.35604251E-06
  159.  0.00224630314  3.38137597E-06
  160.  0.00227298428  3.39055727E-06
  161.  0.00230584791  3.40397533E-06
  162.  0.00232882709  3.40835034E-06
  163.  0.00237020465  3.43067564E-06
  164.  0.00240290193  3.43862204E-06
  165.  0.00243583406  3.44841484E-06
  166.  0.00247161359  3.45954232E-06
  167.  0.00250595965  3.4646874E-06
  168.  0.00255410622  3.48972172E-06
  169.  0.00259195797  3.49700476E-06
  170.  0.00264746901  3.52065976E-06
  171.  0.00270340912  3.54158441E-06
  172.  0.00276227394  3.55828223E-06
  173.  0.00282800158  3.58564737E-06
  174.  0.00290560487  3.6121602E-06
  175.  0.00297514571  3.62554524E-06
  176.  0.00307790152  3.66052329E-06
  177.  0.00320333163  3.70817162E-06
  178.  0.00336218793  3.76026074E-06
  179.  0.00365284703  3.8696738E-06
  180.  0.00400306259  3.99302108E-06
  181.  0.003900771  3.93153376E-06
  182.  0.00380420335  3.87600457E-06
  183.  0.00371220875  3.8213728E-06
  184.  0.00362641255  3.7738549E-06
  185.  0.00352950316  3.71124282E-06
  186.  0.00344810503  3.66549067E-06
  187.  0.00335684466  3.60689704E-06
  188.  0.00328183137  3.5622074E-06
  189.  0.0032023979  3.50902728E-06
