  200.  0.00320544649  1.67742213E-06
  205.  0.00286022485  1.57127817E-06
  210.  0.00256210128  1.4748424E-06
  215.  0.00229847318  1.38401463E-06
  220.  0.0020723333  1.30444451E-06
  225.  0.00186955995  1.22894252E-06
  230.  0.00168809262  1.15671615E-06
  235.  0.00152955667  1.09254756E-06
  240.  0.00138877089  1.03193171E-06
  245.  0.00126338678  9.7631925E-07
  250.  0.00114836838  9.22248768E-07
  255.  0.00104801771  8.73358687E-07
  260.  0.000956641483  8.27119929E-07
  265.  0.00087453465  7.84638258E-07
  270.  0.000801020722  7.44209932E-07
  275.  0.000734910486  7.06017041E-07
  280.  0.000674986668  6.70599056E-07
  285.  0.000619440189  6.37390701E-07
  290.  0.000570391444  6.05967177E-07
  295.  0.000525564797  5.7621925E-07
  300.  0.00048411578  5.48716438E-07
  305.  0.00044619882  5.21098225E-07
  310.  0.000412548896  4.96971905E-07
  315.  0.000381376799  4.7350135E-07
  320.  0.000352610064  4.51361661E-07
  325.  0.000326396618  4.29620621E-07
  330.  0.000302192085  4.09640319E-07
  335.  0.000280020963  3.90969916E-07
  340.  0.000260377235  3.73940436E-07
  345.  0.000241216753  3.56807822E-07
  350.  0.00022352946  3.39606343E-07
  355.  0.000207984596  3.24725003E-07
  360.  0.000193718966  3.10055167E-07
  365.  0.000179824754  2.95670188E-07
  370.  0.000167591021  2.82650699E-07
  375.  0.000156152365  2.69907986E-07
  380.  0.000145807267  2.58163277E-07
  385.  0.000136379105  2.47626306E-07
  390.  0.000126849006  2.35792373E-07
  395.  0.00011855791  2.25876952E-07
  400.  0.000110688993  2.15643685E-07
  405.  0.000103713845  2.06918554E-07
  410.  9.64154471E-05  1.96729423E-07
  415.  9.03001364E-05  1.884165E-07
  420.  8.44896147E-05  1.80266463E-07
  425.  7.92767468E-05  1.73071706E-07
  430.  7.40717247E-05  1.65101368E-07
  435.  6.92959009E-05  1.57668775E-07
  440.  6.50809104E-05  1.51282687E-07
  445.  6.06962567E-05  1.44521013E-07
  450.  5.68467181E-05  1.37821784E-07
  455.  5.32612611E-05  1.32257899E-07
  460.  5.00557488E-05  1.26872934E-07
  465.  4.69788429E-05  1.21478908E-07
  470.  4.41770875E-05  1.1649591E-07
  475.  4.14568311E-05  1.11327255E-07
  480.  3.87287716E-05  1.06317088E-07
  485.  3.65065957E-05  1.02017562E-07
  490.  3.43012503E-05  9.78068822E-08
  495.  3.22517306E-05  9.35825006E-08
  500.  3.02634174E-05  8.96856275E-08
  505.  2.86182308E-05  8.63000471E-08
  510.  2.67333162E-05  8.22324365E-08
  515.  2.50504939E-05  7.83146159E-08
  520.  2.35734745E-05  7.52986753E-08
  525.  2.19979583E-05  7.15085521E-08
  530.  2.07765575E-05  6.87521112E-08
  535.  1.96303928E-05  6.60304177E-08
  540.  1.85546239E-05  6.33879927E-08
  545.  1.73824842E-05  6.06563734E-08
  550.  1.62922973E-05  5.77579066E-08
  555.  1.5342212E-05  5.53519246E-08
  560.  1.44172401E-05  5.31265981E-08
  565.  1.36092724E-05  5.08254312E-08
  570.  1.27813089E-05  4.85877174E-08
  575.  1.20899213E-05  4.66898667E-08
  580.  1.13434308E-05  4.45435886E-08
  585.  1.07131675E-05  4.27481225E-08
  590.  9.9867022E-06  4.04223744E-08
  595.  9.5001817E-06  3.93184012E-08
  600.  8.97434992E-06  3.76291058E-08
  605.  8.38908921E-06  3.57346047E-08
  610.  7.98007179E-06  3.44932936E-08
  615.  7.44541929E-06  3.2756654E-08
  620.  7.03325701E-06  3.1413158E-08
  625.  6.59921171E-06  2.99189672E-08
  630.  6.26934456E-06  2.88183578E-08
  635.  5.92364867E-06  2.76858159E-08
  640.  5.57550031E-06  2.64540822E-08
  645.  5.21064718E-06  2.50451644E-08
  650.  4.93125836E-06  2.41809212E-08
  655.  4.61782607E-06  2.29234851E-08
  660.  4.3464546E-06  2.19671887E-08
  665.  4.11918389E-06  2.11351369E-08
  670.  3.88657166E-06  2.01765552E-08
  675.  3.64695044E-06  1.91609634E-08
  680.  3.46582482E-06  1.8476794E-08
  685.  3.23635472E-06  1.75137294E-08
  690.  3.04600607E-06  1.67772899E-08
  695.  2.87810775E-06  1.60269101E-08
  700.  2.70090833E-06  1.52511399E-08
  705.  2.52552938E-06  1.45078689E-08
  710.  2.41797746E-06  1.40146349E-08
  715.  2.29404841E-06  1.34506084E-08
  720.  2.14219882E-06  1.27624682E-08
  725.  2.00825466E-06  1.21688847E-08
  730.  1.89518279E-06  1.16324792E-08
  735.  1.78145973E-06  1.11033375E-08
  740.  1.67860879E-06  1.06053206E-08
  745.  1.5914312E-06  1.01818636E-08
  750.  1.49025988E-06  9.65739229E-09
  755.  1.4207927E-06  9.29075694E-09
  760.  1.33765612E-06  8.89238479E-09
  765.  1.26350261E-06  8.46340398E-09
  770.  1.18277147E-06  8.04289821E-09
  775.  1.11836022E-06  7.72444673E-09
  780.  1.04310787E-06  7.31326553E-09
  785.  9.8797245E-07  7.00019336E-09
  790.  9.2996481E-07  6.65413649E-09
  795.  8.73297375E-07  6.31959626E-09
  800.  8.25237325E-07  6.07517513E-09
  805.  7.82529381E-07  5.80897251E-09
  810.  7.28477141E-07  5.50408381E-09
  815.  6.89680675E-07  5.24269955E-09
  820.  6.44089592E-07  4.96799583E-09
  825.  6.05470987E-07  4.73165449E-09
  830.  5.68762453E-07  4.51157735E-09
  835.  5.42875377E-07  4.32348127E-09
  840.  5.09616833E-07  4.10936513E-09
  845.  4.79299812E-07  3.94204684E-09
  850.  4.5019429E-07  3.73731108E-09
  855.  4.19367287E-07  3.5236028E-09
  860.  3.98270238E-07  3.37525247E-09
  865.  3.76091398E-07  3.20748422E-09
  870.  3.49487536E-07  3.03869909E-09
  875.  3.33038524E-07  2.91904042E-09
  880.  3.13977895E-07  2.78830964E-09
  885.  2.9287479E-07  2.62000838E-09
  890.  2.71824629E-07  2.47276683E-09
  895.  2.5427826E-07  2.3511215E-09
  900.  2.43270874E-07  2.2683025E-09
  905.  2.285858E-07  2.13682972E-09
  910.  2.11770002E-07  2.01530795E-09
  915.  1.99967004E-07  1.92031123E-09
  920.  1.90079911E-07  1.84199575E-09
  925.  1.77553198E-07  1.747736E-09
  930.  1.64714124E-07  1.6445413E-09
  935.  1.54961999E-07  1.56330196E-09
  940.  1.4355209E-07  1.47302778E-09
  945.  1.37157228E-07  1.40996705E-09
