 -2.5  0.0276314113  6.70725099E-05
 -2.46666667  0.0293742864  6.92854825E-05
 -2.43333333  0.0311747653  7.1435995E-05
 -2.4  0.0329087052  7.34840633E-05
 -2.36666667  0.0349951954  7.59071084E-05
 -2.33333333  0.0370798461  7.8298867E-05
 -2.3  0.0392137659  8.07166825E-05
 -2.26666667  0.0413031959  8.29149359E-05
 -2.23333333  0.0436398434  8.51991445E-05
 -2.2  0.045834202  8.7504678E-05
 -2.16666667  0.0481749075  8.97168087E-05
 -2.13333333  0.0505695395  9.19705949E-05
 -2.1  0.0530181892  9.4370353E-05
 -2.06666667  0.0554537753  9.65371846E-05
 -2.03333333  0.0582678551  9.91166644E-05
 -2.  0.0606711031  0.000101103054
 -1.96666667  0.0635047296  0.000103532387
 -1.93333333  0.0662647171  0.000105879688
 -1.9  0.0690048587  0.000108083684
 -1.86666667  0.0715208647  0.000109873488
 -1.83333333  0.0747502368  0.000112468643
 -1.8  0.0773326127  0.000114420517
 -1.76666667  0.0803268383  0.000116529784
 -1.73333333  0.0830752939  0.00011858787
 -1.7  0.085852992  0.000120433721
 -1.66666667  0.0889416179  0.000122613257
 -1.63333333  0.0917256279  0.000124428395
 -1.6  0.0949503182  0.000126623003
 -1.56666667  0.0975596203  0.000128221949
 -1.53333333  0.100671767  0.000130275164
 -1.5  0.103247054  0.000131792235
 -1.46666667  0.106108661  0.000133297775
 -1.43333333  0.108751505  0.000134853387
 -1.4  0.111366653  0.000136173931
 -1.36666667  0.114230174  0.000137847165
 -1.33333333  0.116966963  0.000139182402
 -1.3  0.119356353  0.000140283919
 -1.26666667  0.121747866  0.000141489061
 -1.23333333  0.124205715  0.000142626953
 -1.2  0.126486507  0.000143584505
 -1.16666667  0.128510204  0.000144401892
 -1.13333333  0.130649773  0.000145203654
 -1.1  0.132779883  0.000145921113
 -1.06666667  0.134911181  0.00014690979
 -1.03333333  0.136930035  0.00014759764
 -1.  0.138662674  0.000148187291
 -0.966666667  0.140007638  0.000148274494
 -0.933333333  0.141707534  0.000148829039
 -0.9  0.142720658  0.000148780046
 -0.866666667  0.143820625  0.000148771496
 -0.833333333  0.144913345  0.000148889493
 -0.8  0.146042193  0.000148856594
 -0.766666667  0.14657741  0.000148612238
 -0.733333333  0.147629847  0.000148769213
 -0.7  0.147737175  0.000148036276
 -0.666666667  0.147973864  0.000147627979
 -0.633333333  0.148356493  0.000147381669
 -0.6  0.148432397  0.000146682528
 -0.566666667  0.14837578  0.000146032577
 -0.533333333  0.148492607  0.000145619763
 -0.5  0.148004804  0.000144787983
 -0.466666667  0.147423516  0.000143807217
 -0.433333333  0.146951421  0.00014302131
 -0.4  0.146145047  0.000142054023
 -0.366666667  0.145151427  0.000140807052
 -0.333333333  0.144116508  0.000139486549
 -0.3  0.142965074  0.000138432435
 -0.266666667  0.141532282  0.000137068072
 -0.233333333  0.140133208  0.000135614318
 -0.2  0.138630304  0.000134132415
 -0.166666667  0.136747983  0.000132498056
 -0.133333333  0.135071978  0.000130942107
 -0.1  0.13326584  0.000129260342
 -0.0666666667  0.131641074  0.000127882445
 -0.0333333333  0.12931492  0.00012585684
 -9.41900637E-19  0.127045541  0.000123886683
  0.0333333333  0.124825009  0.000122013465
  0.0666666667  0.122454055  0.000119917654
  0.1  0.119976626  0.000117858732
  0.133333333  0.117316904  0.000115502604
  0.166666667  0.115087242  0.000113580033
  0.2  0.112229349  0.000111232007
  0.233333333  0.109746507  0.000109076169
  0.266666667  0.107090169  0.000106699458
  0.3  0.104244775  0.000104297085
  0.333333333  0.101353453  0.000101790644
  0.366666667  0.0987357598  9.94370073E-05
  0.4  0.0958086731  9.68803643E-05
  0.433333333  0.0926902751  9.40681852E-05
  0.466666667  0.0900634712  9.1869069E-05
  0.5  0.0871539723  8.91533184E-05
  0.533333333  0.0841861577  8.65016774E-05
  0.566666667  0.0812234699  8.37916983E-05
  0.6  0.0785353532  8.14233983E-05
  0.633333333  0.0756331431  7.86716622E-05
  0.666666667  0.0727195423  7.59963825E-05
  0.7  0.0701212118  7.36260959E-05
  0.733333333  0.0673818137  7.10864493E-05
  0.766666667  0.0646182303  6.84525663E-05
  0.8  0.0617664229  6.57547071E-05
  0.833333333  0.0592127775  6.3428358E-05
  0.866666667  0.0566063679  6.09216414E-05
  0.9  0.0541018089  5.84588705E-05
  0.933333333  0.0516041324  5.61377445E-05
  0.966666667  0.04913515  5.37839951E-05
  1.  0.0468683888  5.16844264E-05
  1.03333333  0.0446157401  4.95298251E-05
  1.06666667  0.0423572444  4.73211272E-05
  1.1  0.0402925386  4.53627855E-05
  1.13333333  0.03821766  4.3484974E-05
  1.16666667  0.0361920462  4.15389544E-05
  1.2  0.0342533795  3.97571702E-05
  1.23333333  0.0323417624  3.79498709E-05
  1.26666667  0.0305854426  3.62415961E-05
  1.3  0.02894968  3.4841828E-05
  1.33333333  0.0272730319  3.32260848E-05
  1.36666667  0.0257555227  3.19450862E-05
  1.4  0.0241707016  3.04462911E-05
  1.43333333  0.0227685181  2.91284839E-05
  1.46666667  0.0214276313  2.79395232E-05
  1.5  0.0201455273  2.69033655E-05
  1.53333333  0.0188645053  2.56014084E-05
  1.56666667  0.0177720033  2.47026776E-05
  1.6  0.0166125757  2.36264126E-05
  1.63333333  0.0156006889  2.27571895E-05
  1.66666667  0.0146503582  2.19058475E-05
  1.7  0.0137414499  2.12333969E-05
  1.73333333  0.0128553385  2.03830519E-05
  1.76666667  0.0120145713  1.95951333E-05
  1.8  0.0112926027  1.91841772E-05
  1.83333333  0.0105775381  1.85861333E-05
  1.86666667  0.0098862011  1.78496381E-05
  1.9  0.00925816567  1.72870484E-05
  1.93333333  0.0086461118  1.64825678E-05
  1.96666667  0.00812502947  1.62527075E-05
  2.  0.00760503643  1.57215047E-05
  2.03333333  0.00707456484  1.48741744E-05
  2.06666667  0.00663727343  1.45474193E-05
  2.1  0.00624141716  1.44118442E-05
  2.13333333  0.00580490156  1.36164227E-05
  2.16666667  0.00545704703  1.33884081E-05
  2.2  0.00508668147  1.29320896E-05
  2.23333333  0.00473915845  1.23482508E-05
  2.26666667  0.00441965855  1.19606658E-05
  2.3  0.00414121432  1.16556574E-05
  2.33333333  0.00384295896  1.09548874E-05
  2.36666667  0.00359294142  1.07817016E-05
  2.4  0.00336606798  1.05025868E-05
  2.43333333  0.00313750349  1.01070967E-05
  2.46666667  0.00290803061  9.38802333E-06
