  200.  0.000922569401  5.89543385E-07
  205.  0.000826305555  5.50547421E-07
  210.  0.000742751348  5.14692515E-07
  215.  0.000669951898  4.82173357E-07
  220.  0.000605880216  4.53096668E-07
  225.  0.000549180948  4.26610916E-07
  230.  0.000498246476  4.01331531E-07
  235.  0.000451960066  3.76648877E-07
  240.  0.00041245561  3.55928514E-07
  245.  0.000376683142  3.36342091E-07
  250.  0.000344391282  3.1807875E-07
  255.  0.000314774183  2.99767232E-07
  260.  0.000289529539  2.84754066E-07
  265.  0.000265216991  2.68842703E-07
  270.  0.000243996329  2.55323343E-07
  275.  0.000224992532  2.42998941E-07
  280.  0.000207109093  2.29984317E-07
  285.  0.000190975912  2.18593115E-07
  290.  0.00017634999  2.07706047E-07
  295.  0.000163350299  1.97942045E-07
  300.  0.000150861353  1.87918614E-07
  305.  0.000139818899  1.7877873E-07
  310.  0.000129583124  1.7016246E-07
  315.  0.000120113501  1.62026274E-07
  320.  0.000111357753  1.54177817E-07
  325.  0.000103749833  1.47731038E-07
  330.  9.63511043E-05  1.40271532E-07
  335.  8.97117097E-05  1.34164479E-07
  340.  8.35636078E-05  1.28214409E-07
  345.  7.77431123E-05  1.22335706E-07
  350.  7.21760022E-05  1.16184853E-07
  355.  6.75342655E-05  1.1124296E-07
  360.  6.30875959E-05  1.06352198E-07
  365.  5.90669092E-05  1.02066788E-07
  370.  5.50020453E-05  9.67978464E-08
  375.  5.15343936E-05  9.30177554E-08
  380.  4.81276002E-05  8.86754046E-08
  385.  4.50586848E-05  8.49339001E-08
  390.  4.21069815E-05  8.08422924E-08
  395.  3.95524414E-05  7.76090482E-08
  400.  3.70067172E-05  7.41675631E-08
  405.  3.47150277E-05  7.09312622E-08
  410.  3.24765415E-05  6.77179171E-08
  415.  3.04678707E-05  6.4864261E-08
  420.  2.86415283E-05  6.21287571E-08
  425.  2.69091455E-05  5.96338009E-08
  430.  2.53430329E-05  5.72556377E-08
  435.  2.37275127E-05  5.45190748E-08
  440.  2.23378115E-05  5.24047281E-08
  445.  2.10018118E-05  5.01527581E-08
  450.  1.97571206E-05  4.80989771E-08
  455.  1.85790286E-05  4.60551928E-08
  460.  1.74055785E-05  4.40085295E-08
  465.  1.63842646E-05  4.19748023E-08
  470.  1.54381647E-05  4.03935213E-08
  475.  1.45275243E-05  3.88261997E-08
  480.  1.36807144E-05  3.70739218E-08
  485.  1.2855091E-05  3.53174635E-08
  490.  1.21821341E-05  3.41954887E-08
  495.  1.14527927E-05  3.25843837E-08
  500.  1.08017353E-05  3.12209366E-08
  505.  1.01309332E-05  2.97623768E-08
  510.  9.55119242E-06  2.85722732E-08
  515.  9.02101229E-06  2.73651798E-08
  520.  8.52773524E-06  2.6416748E-08
  525.  8.01474955E-06  2.52444168E-08
  530.  7.54799969E-06  2.41624145E-08
  535.  7.1529127E-06  2.32708759E-08
  540.  6.75419411E-06  2.22577727E-08
  545.  6.34115426E-06  2.12343053E-08
  550.  6.05189441E-06  2.06102257E-08
  555.  5.68484501E-06  1.95589741E-08
  560.  5.33505269E-06  1.86748404E-08
  565.  5.07214435E-06  1.80180121E-08
  570.  4.76050119E-06  1.71867817E-08
  575.  4.51261669E-06  1.65085166E-08
  580.  4.24470094E-06  1.57729454E-08
  585.  4.01368573E-06  1.51724057E-08
  590.  3.79035655E-06  1.44813566E-08
  595.  3.5739148E-06  1.38763774E-08
  600.  3.36335895E-06  1.31870716E-08
  605.  3.19250781E-06  1.26741726E-08
  610.  3.00310922E-06  1.20968112E-08
  615.  2.81022556E-06  1.14696193E-08
  620.  2.6734922E-06  1.10932208E-08
  625.  2.54365454E-06  1.07051598E-08
  630.  2.38893278E-06  1.01623368E-08
  635.  2.25221299E-06  9.73370273E-09
  640.  2.14934838E-06  9.38658346E-09
  645.  2.01108945E-06  8.91983637E-09
  650.  1.91816953E-06  8.62697446E-09
  655.  1.79620158E-06  8.19379103E-09
  660.  1.69633361E-06  7.78920815E-09
  665.  1.60489803E-06  7.48985086E-09
  670.  1.51067638E-06  7.13605913E-09
  675.  1.4404344E-06  6.88326588E-09
  680.  1.35803197E-06  6.55446006E-09
  685.  1.28416485E-06  6.27221956E-09
  690.  1.2053117E-06  5.96613825E-09
  695.  1.15455538E-06  5.82307093E-09
  700.  1.08752761E-06  5.51944576E-09
  705.  1.01531288E-06  5.22487306E-09
  710.  9.67198894E-07  5.04107411E-09
  715.  9.20003972E-07  4.84481152E-09
  720.  8.62766682E-07  4.59781496E-09
  725.  8.15257931E-07  4.37440486E-09
  730.  7.66617802E-07  4.18600969E-09
  735.  7.2988946E-07  4.05071872E-09
  740.  6.80980051E-07  3.78835438E-09
  745.  6.50532064E-07  3.68179269E-09
  750.  6.11157441E-07  3.48003589E-09
  755.  5.79415607E-07  3.34627514E-09
  760.  5.44673605E-07  3.16380933E-09
  765.  5.16005218E-07  3.05952856E-09
  770.  4.83636266E-07  2.8861737E-09
  775.  4.64355571E-07  2.80395216E-09
  780.  4.27194848E-07  2.59959034E-09
  785.  4.06753905E-07  2.51132115E-09
  790.  3.94813506E-07  2.46206292E-09
  795.  3.64926575E-07  2.30281698E-09
  800.  3.46713886E-07  2.2081741E-09
  805.  3.20855527E-07  2.04935456E-09
  810.  3.04453886E-07  1.97276488E-09
  815.  2.87751683E-07  1.88476537E-09
  820.  2.71531214E-07  1.7969563E-09
  825.  2.57775091E-07  1.73157839E-09
  830.  2.43174124E-07  1.64216162E-09
  835.  2.29786615E-07  1.57225838E-09
  840.  2.16412744E-07  1.49706486E-09
  845.  2.02581033E-07  1.41133338E-09
  850.  1.89385832E-07  1.33721956E-09
  855.  1.79684555E-07  1.27532844E-09
  860.  1.68300044E-07  1.20817908E-09
  865.  1.60203205E-07  1.16238022E-09
  870.  1.50702136E-07  1.10727611E-09
  875.  1.43139932E-07  1.0588312E-09
  880.  1.33828257E-07  9.98809133E-10
  885.  1.2740904E-07  9.63679814E-10
  890.  1.18238141E-07  8.93013716E-10
  895.  1.11885636E-07  8.58232599E-10
  900.  1.06314174E-07  8.2158562E-10
  905.  1.00287818E-07  7.79620895E-10
  910.  9.25070578E-08  7.31340248E-10
  915.  8.80980825E-08  7.03069153E-10
  920.  8.43981267E-08  6.73831533E-10
  925.  7.81759567E-08  6.29053633E-10
  930.  7.27682011E-08  5.95600662E-10
  935.  6.95079709E-08  5.73944821E-10
  940.  6.43238544E-08  5.37120044E-10
  945.  6.20554339E-08  5.22845625E-10
