  100.  0.220700675  0.000363698778
  100.266667  0.211113902  0.000351193824
  100.533333  0.20246974  0.00034069565
  100.8  0.194080387  0.000329959436
  101.066667  0.186013111  0.000319559122
  101.333333  0.178799373  0.00031039291
  101.6  0.172316464  0.000301745648
  101.866667  0.16533984  0.000292453985
  102.133333  0.159643756  0.000284832976
  102.4  0.153743967  0.000277015109
  102.666667  0.148617848  0.000269863236
  102.933333  0.1433786  0.000262768331
  103.2  0.138752743  0.00025614391
  103.466667  0.133849761  0.000249475884
  103.733333  0.13004923  0.000243867237
  104.  0.125662925  0.000237612539
  104.266667  0.121601661  0.000231866769
  104.533333  0.118300029  0.000227153425
  104.8  0.115208573  0.000222341901
  105.066667  0.11141292  0.000217129631
  105.333333  0.107892841  0.000211920859
  105.6  0.105036183  0.00020765795
  105.866667  0.102603937  0.000203876473
  106.133333  0.0994633644  0.000199193164
  106.4  0.0965038264  0.000194777034
  106.666667  0.094822482  0.000192088912
  106.933333  0.0919005505  0.000187832008
  107.2  0.089619356  0.000184304552
  107.466667  0.0875020335  0.000180775406
  107.733333  0.0852845883  0.000177402241
  108.  0.0831985917  0.000174112082
  108.266667  0.0810915777  0.000170930593
  108.533333  0.0792261445  0.000167895929
  108.8  0.0775758737  0.000165280825
  109.066667  0.0757947598  0.000162519789
  109.333333  0.073682405  0.000159221485
  109.6  0.0724675866  0.000157107102
  109.866667  0.0707923752  0.000154369355
  110.133333  0.0692444327  0.000151971245
  110.4  0.067893179  0.000149730489
  110.666667  0.0663823442  0.000147269202
  110.933333  0.0647870536  0.000144659545
  111.2  0.0635064677  0.000142572736
  111.466667  0.0620947574  0.000140277808
  111.733333  0.0607105477  0.000138030195
  112.  0.059854308  0.000136507148
  112.266667  0.0586669182  0.000134548455
  112.533333  0.0574372757  0.000132540951
  112.8  0.0562988224  0.000130511893
  113.066667  0.0554399952  0.000128942703
  113.333333  0.0542714146  0.000127058633
  113.6  0.0530496826  0.000125086733
  113.866667  0.0524261597  0.000123846896
  114.133333  0.0511630643  0.000121809781
  114.4  0.0502171631  0.000120232042
  114.666667  0.0496703532  0.000119251897
  114.933333  0.0488856624  0.000117789429
  115.2  0.0478410514  0.000116008423
  115.466667  0.0471860337  0.000114812892
  115.733333  0.0461401143  0.000113080666
  116.  0.0454717164  0.000111914456
  116.266667  0.0445550971  0.000110197535
  116.533333  0.0439621895  0.000109173835
  116.8  0.0430189959  0.000107592889
  117.066667  0.0424570533  0.000106584362
  117.333333  0.0417778568  0.000105317869
  117.6  0.0408952741  0.000103867386
  117.866667  0.040432721  0.000102948235
  118.133333  0.0397580699  0.00010162642
  118.4  0.039394052  0.000101028406
  118.666667  0.038600294  9.95916136E-05
  118.933333  0.0378544291  9.83184559E-05
  119.2  0.0373832048  9.7435755E-05
  119.466667  0.0368832393  9.64140879E-05
  119.733333  0.036162098  9.51740431E-05
  120.  0.0357110125  9.44187304E-05
  120.266667  0.0352789489  9.35035254E-05
  120.533333  0.0345866457  9.23587721E-05
  120.8  0.0340624544  9.13384092E-05
  121.066667  0.0336534036  9.05029894E-05
  121.333333  0.0331043689  8.94863736E-05
  121.6  0.0327029629  8.87993069E-05
  121.866667  0.0322584601  8.79778032E-05
  122.133333  0.0317626644  8.70742938E-05
  122.4  0.0313904127  8.62664031E-05
  122.666667  0.03087185  8.53209849E-05
  122.933333  0.0303081902  8.41779811E-05
  123.2  0.0300080518  8.36699124E-05
  123.466667  0.0295398541  8.27759717E-05
  123.733333  0.029274574  8.22864516E-05
  124.  0.0287679545  8.12792178E-05
  124.266667  0.0284153599  8.05081975E-05
  124.533333  0.0280338274  7.98006702E-05
  124.8  0.0276305324  7.90291405E-05
  125.066667  0.0273411238  7.85598542E-05
  125.333333  0.0269743029  7.76996806E-05
  125.6  0.0266513741  7.71589373E-05
  125.866667  0.0263475632  7.65429564E-05
  126.133333  0.0259489688  7.58176022E-05
  126.4  0.0256433644  7.51232663E-05
  126.666667  0.0253056534  7.44590659E-05
  126.933333  0.0249078311  7.37503597E-05
  127.2  0.0247240263  7.33165591E-05
  127.466667  0.0243416815  7.25568988E-05
  127.733333  0.0240530701  7.1992712E-05
  128.  0.0236976844  7.13175421E-05
  128.266667  0.0234273034  7.06906994E-05
  128.533333  0.0232997156  7.03866819E-05
  128.8  0.022873004  6.95521141E-05
  129.066667  0.0226284951  6.91099776E-05
  129.333333  0.0223196888  6.84371269E-05
  129.6  0.0220358356  6.78411174E-05
  129.866667  0.0218433251  6.74155703E-05
  130.133333  0.021618873  6.69532032E-05
  130.4  0.0213690485  6.64310202E-05
  130.666667  0.0209866686  6.5713367E-05
  130.933333  0.0207570385  6.51743883E-05
  131.2  0.0205725264  6.48332143E-05
  131.466667  0.0203547937  6.43469026E-05
  131.733333  0.0201441981  6.39976349E-05
  132.  0.0199273198  6.34800743E-05
  132.266667  0.0196555304  6.29056837E-05
  132.533333  0.0194298509  6.24082952E-05
  132.8  0.019203762  6.20310264E-05
  133.066667  0.0189074155  6.12874924E-05
  133.333333  0.0187764899  6.10965304E-05
  133.6  0.0186120699  6.0729572E-05
  133.866667  0.0184071692  6.02174753E-05
  134.133333  0.0182677758  5.98600193E-05
  134.4  0.0180324177  5.94311928E-05
  134.666667  0.017797375  5.89281553E-05
  134.933333  0.0177162541  5.87645218E-05
  135.2  0.0174518254  5.81355231E-05
  135.466667  0.0172718065  5.78070156E-05
  135.733333  0.0170212926  5.72838695E-05
  136.  0.0168691422  5.69071982E-05
  136.266667  0.016626014  5.63725923E-05
  136.533333  0.0165066709  5.61015575E-05
  136.8  0.0163857597  5.5823162E-05
  137.066667  0.0161605696  5.52354302E-05
  137.333333  0.0159009463  5.47320878E-05
  137.6  0.0158121893  5.45575395E-05
  137.866667  0.0156237182  5.41905746E-05
  138.133333  0.0154046861  5.3649948E-05
  138.4  0.0153824588  5.35492668E-05
  138.666667  0.015210237  5.31460168E-05
  138.933333  0.0150073806  5.27632021E-05
  139.2  0.0148354825  5.23951459E-05
  139.466667  0.014725242  5.21846352E-05
  139.733333  0.0145118218  5.16455764E-05
