  50.  0.305845747  5.07316187E-05
  55.  0.264828248  4.87082045E-05
  60.  0.240071631  4.90960974E-05
  65.  0.238605953  5.34229526E-05
  70.  0.275607881  6.52134963E-05
  75.  0.402021639  9.4929928E-05
  80.  0.872026012  0.000183058018
  85.  5.50827379  0.00060092216
  90.  17.9192832  0.00108494193
  95.  1.55741295  0.000297498767
  100.  0.456613454  0.000134401849
  105.  0.221792458  8.12756339E-05
  110.  0.132833703  5.66035286E-05
  115.  0.0891343512  4.27684809E-05
  120.  0.0643900991  3.41197803E-05
  125.  0.0487269058  2.81857932E-05
  130.  0.038140186  2.38868639E-05
  135.  0.0306748291  2.06457185E-05
  140.  0.0250695987  1.80721282E-05
  145.  0.0208638012  1.60320051E-05
  150.  0.0175857286  1.43549542E-05
  155.  0.0149762665  1.29495599E-05
  160.  0.0128573507  1.17523592E-05
  165.  0.0111018355  1.07141114E-05
  170.  0.00967838235  9.82912926E-06
  175.  0.00849738378  9.05955977E-06
  180.  0.00746367431  8.36281978E-06
  185.  0.006595641  7.74046842E-06
  190.  0.00587195919  7.20681442E-06
  195.  0.00522400095  6.7073182E-06
  200.  0.00467495249  6.26707166E-06
  205.  0.00420159144  5.87249453E-06
  210.  0.00377674641  5.50309521E-06
  215.  0.00340450658  5.15979104E-06
  220.  0.00307322403  4.84478189E-06
  225.  0.0027923099  4.56794737E-06
  230.  0.0025314497  4.30177652E-06
  235.  0.00229965283  4.05826023E-06
  240.  0.00210051247  3.83870069E-06
  245.  0.00191595612  3.6269399E-06
  250.  0.00175143815  3.4342358E-06
  255.  0.00161018497  3.26059883E-06
  260.  0.00146894184  3.08110776E-06
  265.  0.00135405701  2.92924841E-06
  270.  0.00124903022  2.78828117E-06
  275.  0.00114830578  2.64573628E-06
  280.  0.00105828779  2.5152386E-06
  285.  0.000974120009  2.39039978E-06
  290.  0.000903862899  2.27964797E-06
  295.  0.000835298523  2.1717905E-06
  300.  0.000773132149  2.06935875E-06
  305.  0.000717922563  1.97493973E-06
  310.  0.000667530687  1.88497231E-06
  315.  0.0006207835  1.80078356E-06
  320.  0.000577568608  1.72054265E-06
  325.  0.000532888218  1.63345689E-06
  330.  0.000496112745  1.5630063E-06
  335.  0.000463261651  1.4962578E-06
  340.  0.000432787841  1.43184718E-06
  345.  0.000403364132  1.36764685E-06
  350.  0.000375483864  1.30592038E-06
  355.  0.00035115988  1.24990837E-06
  360.  0.000326402327  1.19326914E-06
  365.  0.000304854051  1.14075442E-06
  370.  0.000285125294  1.09146553E-06
  375.  0.000267766145  1.04665424E-06
  380.  0.000251199707  1.00482361E-06
  385.  0.000233941357  9.60297714E-07
  390.  0.000220202559  9.21591387E-07
  395.  0.000205979826  8.81609748E-07
  400.  0.000192910077  8.4443197E-07
  405.  0.000181546871  8.09213626E-07
  410.  0.000169718266  7.7414715E-07
  415.  0.000158851237  7.40623243E-07
  420.  0.000148784251  7.08929185E-07
  425.  0.000140654701  6.81528913E-07
  430.  0.00013223192  6.54157809E-07
  435.  0.000125404811  6.31051525E-07
  440.  0.000116458515  6.00990581E-07
  445.  0.000110513273  5.78405988E-07
  450.  0.000102573602  5.51384625E-07
  455.  9.61119687E-05  5.2713163E-07
  460.  9.12058023E-05  5.08918729E-07
  465.  8.63930458E-05  4.88963571E-07
  470.  8.15121093E-05  4.69905817E-07
  475.  7.61066844E-05  4.47980301E-07
  480.  7.25524379E-05  4.33321392E-07
  485.  6.86877046E-05  4.16342289E-07
  490.  6.39546743E-05  3.97743529E-07
  495.  6.01402428E-05  3.797788E-07
  500.  5.62779786E-05  3.63304669E-07
  505.  5.41585129E-05  3.5341596E-07
  510.  5.1261527E-05  3.38706545E-07
  515.  4.80784777E-05  3.2412383E-07
  520.  4.49153485E-05  3.08501849E-07
  525.  4.22707399E-05  2.9616504E-07
  530.  4.00187725E-05  2.83444531E-07
  535.  3.83808239E-05  2.75354822E-07
  540.  3.5849861E-05  2.62848087E-07
  545.  3.40267019E-05  2.52219832E-07
  550.  3.19277401E-05  2.41144936E-07
  555.  3.03221973E-05  2.32258918E-07
  560.  2.87134425E-05  2.23023952E-07
  565.  2.67185599E-05  2.11922872E-07
  570.  2.51872451E-05  2.03085585E-07
  575.  2.43317366E-05  1.97404235E-07
  580.  2.2583958E-05  1.87038127E-07
  585.  2.12481979E-05  1.79079467E-07
  590.  2.04432416E-05  1.73813023E-07
  595.  1.92840935E-05  1.66725828E-07
  600.  1.7954396E-05  1.57848122E-07
  605.  1.68596956E-05  1.50979027E-07
  610.  1.6212543E-05  1.46320801E-07
  615.  1.51578559E-05  1.39451904E-07
  620.  1.45832228E-05  1.3462566E-07
  625.  1.37570771E-05  1.29301459E-07
  630.  1.30159207E-05  1.23911615E-07
  635.  1.22422921E-05  1.18360328E-07
  640.  1.1766617E-05  1.14750805E-07
  645.  1.10231201E-05  1.09222E-07
  650.  1.02493791E-05  1.03546059E-07
  655.  9.97461758E-06  1.01052782E-07
  660.  9.26141376E-06  9.56877064E-08
  665.  8.77076784E-06  9.1815837E-08
  670.  8.35392227E-06  8.84842066E-08
  675.  7.7437798E-06  8.38365828E-08
  680.  7.55811344E-06  8.13819724E-08
  685.  7.04116185E-06  7.73860343E-08
  690.  6.64613888E-06  7.40425295E-08
  695.  6.38518776E-06  7.14146954E-08
  700.  5.93458465E-06  6.78611692E-08
  705.  5.60275144E-06  6.49477481E-08
  710.  5.20723429E-06  6.14741154E-08
  715.  4.89817432E-06  5.8735493E-08
  720.  4.82960744E-06  5.76773442E-08
  725.  4.53425773E-06  5.48774094E-08
  730.  4.21973739E-06  5.18382664E-08
  735.  4.00685926E-06  4.98314343E-08
  740.  3.76140355E-06  4.75043238E-08
  745.  3.51869245E-06  4.49490607E-08
  750.  3.39992099E-06  4.36239649E-08
  755.  3.18391284E-06  4.16835414E-08
  760.  3.11046483E-06  4.05397219E-08
  765.  2.8261549E-06  3.77638605E-08
  770.  2.68834641E-06  3.60318938E-08
  775.  2.55303616E-06  3.48560387E-08
  780.  2.46758042E-06  3.36560396E-08
  785.  2.29163308E-06  3.19830909E-08
  790.  2.22906098E-06  3.09564451E-08
  795.  2.00742329E-06  2.88325074E-08
