  200.  0.00369560615  1.27067301E-06
  205.  0.00336663787  1.20122054E-06
  210.  0.00304748129  1.13246617E-06
  215.  0.00275325774  1.06582514E-06
  220.  0.0024863143  1.00395743E-06
  225.  0.00224592626  9.45691063E-07
  230.  0.00203394554  8.92207336E-07
  235.  0.00184234659  8.41000696E-07
  240.  0.00167349203  7.94296645E-07
  245.  0.00152392428  7.51390708E-07
  250.  0.00138774578  7.10882302E-07
  255.  0.00126734042  6.73782599E-07
  260.  0.00115815316  6.37997306E-07
  265.  0.00105951688  6.04776908E-07
  270.  0.000971116024  5.73962768E-07
  275.  0.000889423432  5.43884012E-07
  280.  0.000818567854  5.17764366E-07
  285.  0.000753381347  4.92602403E-07
  290.  0.000693154273  4.67971458E-07
  295.  0.000638272595  4.45210001E-07
  300.  0.000589106672  4.23554203E-07
  305.  0.000543287833  4.02895597E-07
  310.  0.000502614283  3.83881801E-07
  315.  0.000464744514  3.66199821E-07
  320.  0.000430007265  3.48851472E-07
  325.  0.000398644858  3.32940978E-07
  330.  0.00036978447  3.17765045E-07
  335.  0.000342831909  3.0309876E-07
  340.  0.000318217182  2.88976761E-07
  345.  0.000296216092  2.76451183E-07
  350.  0.000275152878  2.64177083E-07
  355.  0.000256270975  2.52845462E-07
  360.  0.000238327652  2.41109664E-07
  365.  0.000222221909  2.305762E-07
  370.  0.000207483721  2.20930374E-07
  375.  0.000193457931  2.11350075E-07
  380.  0.000180495125  2.02195159E-07
  385.  0.000168560686  1.93602078E-07
  390.  0.000157581734  1.85254876E-07
  395.  0.00014747889  1.77670967E-07
  400.  0.000138001271  1.70457172E-07
  405.  0.000129606362  1.63733876E-07
  410.  0.000121004669  1.56115526E-07
  415.  0.000113660006  1.50525294E-07
  420.  0.000106301598  1.43930134E-07
  425.  9.98078813E-05  1.38094164E-07
  430.  9.3678111E-05  1.32610423E-07
  435.  8.7945669E-05  1.26839222E-07
  440.  8.27070405E-05  1.22383432E-07
  445.  7.7543496E-05  1.16819402E-07
  450.  7.2901082E-05  1.12201359E-07
  455.  6.88686165E-05  1.08559055E-07
  460.  6.4805942E-05  1.0450016E-07
  465.  6.07622656E-05  9.96617156E-08
  470.  5.73414572E-05  9.6128302E-08
  475.  5.40328761E-05  9.24045924E-08
  480.  5.0943904E-05  8.88971515E-08
  485.  4.80532724E-05  8.56429816E-08
  490.  4.52225446E-05  8.20787931E-08
  495.  4.25279528E-05  7.87572826E-08
  500.  4.01246552E-05  7.58102061E-08
  505.  3.80922249E-05  7.32975957E-08
  510.  3.58341668E-05  7.01770175E-08
  515.  3.39690765E-05  6.78872415E-08
  520.  3.2099651E-05  6.52694679E-08
  525.  3.02016782E-05  6.25766035E-08
  530.  2.86540821E-05  6.04297053E-08
  535.  2.71344924E-05  5.84916117E-08
  540.  2.57278275E-05  5.63319511E-08
  545.  2.42121595E-05  5.41269091E-08
  550.  2.3013663E-05  5.23179193E-08
  555.  2.17361226E-05  5.03089247E-08
  560.  2.04759709E-05  4.80047685E-08
  565.  1.95090532E-05  4.67208364E-08
  570.  1.84788256E-05  4.50644249E-08
  575.  1.74801433E-05  4.32915639E-08
  580.  1.66078713E-05  4.1908575E-08
  585.  1.57421681E-05  4.02908866E-08
  590.  1.49598594E-05  3.90709364E-08
  595.  1.42152222E-05  3.7763212E-08
  600.  1.34912754E-05  3.63568729E-08
  605.  1.28271072E-05  3.53005857E-08
  610.  1.21485555E-05  3.39289051E-08
  615.  1.15547434E-05  3.28899969E-08
  620.  1.0940394E-05  3.15099077E-08
  625.  1.04455074E-05  3.04979223E-08
  630.  9.8870596E-06  2.93650764E-08
  635.  9.41849717E-06  2.84710611E-08
  640.  8.95171096E-06  2.75669613E-08
  645.  8.53159955E-06  2.66744639E-08
  650.  8.13929844E-06  2.5714926E-08
  655.  7.6797004E-06  2.4665598E-08
  660.  7.32181102E-06  2.3852079E-08
  665.  6.97677583E-06  2.31129899E-08
  670.  6.70710181E-06  2.27668791E-08
  675.  6.33662146E-06  2.18016654E-08
  680.  6.05935511E-06  2.10368537E-08
  685.  5.76866796E-06  2.03516539E-08
  690.  5.50350173E-06  1.98997258E-08
  695.  5.22338441E-06  1.90951586E-08
  700.  4.97608432E-06  1.83926946E-08
  705.  4.74723632E-06  1.79715073E-08
  710.  4.56859544E-06  1.73768635E-08
  715.  4.33883748E-06  1.70076406E-08
  720.  4.15679263E-06  1.6397111E-08
  725.  3.95232719E-06  1.58770993E-08
  730.  3.78321879E-06  1.54077814E-08
  735.  3.60681393E-06  1.47476906E-08
  740.  3.43987557E-06  1.43263129E-08
  745.  3.2806446E-06  1.39859972E-08
  750.  3.10405922E-06  1.33373356E-08
  755.  2.99160219E-06  1.29843911E-08
  760.  2.86763856E-06  1.27146317E-08
  765.  2.74076393E-06  1.23385786E-08
  770.  2.6081578E-06  1.18788245E-08
  775.  2.49805387E-06  1.15814241E-08
  780.  2.39182377E-06  1.11969105E-08
  785.  2.28942143E-06  1.09324548E-08
  790.  2.19489095E-06  1.0629366E-08
  795.  2.08386962E-06  1.01683037E-08
  800.  2.00278066E-06  9.93519009E-09
  805.  1.91166297E-06  9.73807237E-09
  810.  1.84268728E-06  9.42500243E-09
  815.  1.75851619E-06  9.11915391E-09
  820.  1.69558339E-06  8.92273483E-09
  825.  1.60831662E-06  8.54230545E-09
  830.  1.55335924E-06  8.43920571E-09
  835.  1.48060223E-06  8.03301021E-09
  840.  1.41833991E-06  7.95688318E-09
  845.  1.35449133E-06  7.5281699E-09
  850.  1.30622259E-06  7.52550428E-09
  855.  1.25018084E-06  7.21144281E-09
  860.  1.20552266E-06  7.14661948E-09
  865.  1.16016303E-06  7.0521942E-09
  870.  1.10469454E-06  6.51935691E-09
  875.  1.06353839E-06  6.47159022E-09
  880.  1.01680441E-06  6.30671849E-09
  885.  9.85010301E-07  6.23637957E-09
  890.  9.40436786E-07  6.02954691E-09
  895.  8.93569792E-07  5.79630179E-09
  900.  8.67807414E-07  5.67325393E-09
  905.  8.2590668E-07  5.43077772E-09
  910.  7.89874671E-07  5.27189732E-09
  915.  7.70238419E-07  5.28963311E-09
  920.  7.36216427E-07  5.03065895E-09
  925.  7.13033345E-07  4.96401967E-09
  930.  6.85834118E-07  4.87095227E-09
  935.  6.58381794E-07  4.76382002E-09
  940.  6.29260482E-07  4.52885856E-09
  945.  5.96187878E-07  4.33484595E-09
