  40.  6.11460698E-05  4.56867583E-07
  41.  7.90158296E-05  5.56808205E-07
  42.  9.22293037E-05  6.03594242E-07
  43.  0.000103778415  6.43756626E-07
  44.  0.000117847204  6.95164078E-07
  45.  0.000131463862  7.35438937E-07
  46.  0.000144807685  7.73849309E-07
  47.  0.000158269062  8.06145326E-07
  48.  0.000171247997  8.43899682E-07
  49.  0.000184503823  8.70481468E-07
  50.  0.000199093891  9.07811634E-07
  51.  0.000214394332  9.40807188E-07
  52.  0.000228387219  9.74704395E-07
  53.  0.000241408827  9.94701001E-07
  54.  0.000257668417  1.02891169E-06
  55.  0.000269166371  1.04661491E-06
  56.  0.000287551368  1.08485097E-06
  57.  0.000301526178  1.10808056E-06
  58.  0.000316591817  1.13572236E-06
  59.  0.000331292673  1.16046039E-06
  60.  0.000348381916  1.19276654E-06
  61.  0.000361411823  1.20360097E-06
  62.  0.000377610733  1.23298689E-06
  63.  0.000391816246  1.2549944E-06
  64.  0.00040667945  1.27519561E-06
  65.  0.000420150775  1.29132651E-06
  66.  0.000437133639  1.3183512E-06
  67.  0.000454115212  1.34256855E-06
  68.  0.000467684564  1.36030837E-06
  69.  0.000485520187  1.38437861E-06
  70.  0.000497579448  1.39593458E-06
  71.  0.000514741777  1.41771737E-06
  72.  0.000530299854  1.44159856E-06
  73.  0.000544376516  1.45131793E-06
  74.  0.000559344296  1.46877713E-06
  75.  0.000579170171  1.49968367E-06
  76.  0.000594492828  1.51596811E-06
  77.  0.000610207123  1.53093397E-06
  78.  0.000622927929  1.53955994E-06
  79.  0.000638384649  1.55549614E-06
  80.  0.000653218961  1.57279538E-06
  81.  0.000669988007  1.59237464E-06
  82.  0.000684409979  1.6040021E-06
  83.  0.000700361432  1.61585509E-06
  84.  0.000715531226  1.63502514E-06
  85.  0.000731926202  1.64701785E-06
  86.  0.000745277246  1.6613558E-06
  87.  0.000759375719  1.67183928E-06
  88.  0.000777506753  1.68956722E-06
  89.  0.00079010393  1.696552E-06
  90.  0.00080978336  1.72125636E-06
  91.  0.000824257003  1.72966815E-06
  92.  0.000834557982  1.73211536E-06
  93.  0.000852640402  1.74987753E-06
  94.  0.000865888164  1.75820525E-06
  95.  0.000882961303  1.77454302E-06
  96.  0.000899010499  1.78707583E-06
  97.  0.000914792775  1.80258262E-06
  98.  0.000926724953  1.80324818E-06
  99.  0.000939431983  1.81190321E-06
  100.  0.000954805868  1.82068102E-06
  101.  0.00097088051  1.83266376E-06
  102.  0.000984811578  1.84431963E-06
  103.  0.000998817097  1.85236825E-06
  104.  0.00101702035  1.86685547E-06
  105.  0.00102732345  1.86709995E-06
  106.  0.00104396673  1.87980972E-06
  107.  0.00105664074  1.8855264E-06
  108.  0.00107143442  1.89337854E-06
  109.  0.00108775243  1.91279475E-06
  110.  0.00109858164  1.90701992E-06
  111.  0.00111359803  1.91588713E-06
  112.  0.00112951785  1.93091854E-06
  113.  0.0011432561  1.93689753E-06
  114.  0.00116004371  1.95028546E-06
  115.  0.00116954601  1.94846418E-06
  116.  0.0011861114  1.95668521E-06
  117.  0.00120288568  1.97062064E-06
  118.  0.00121449924  1.97040449E-06
  119.  0.00122647081  1.98026072E-06
  120.  0.00124708692  1.99558017E-06
  121.  0.00125601979  1.99175102E-06
  122.  0.00127586754  2.00791419E-06
  123.  0.00128805242  2.00867779E-06
  124.  0.00130089848  2.01332802E-06
  125.  0.00131404409  2.01684441E-06
  126.  0.00132877763  2.02689178E-06
  127.  0.00133860833  2.02274552E-06
  128.  0.00135378958  2.02914855E-06
  129.  0.0013705172  2.04121963E-06
  130.  0.00138529458  2.05033444E-06
  131.  0.00139663586  2.05102578E-06
  132.  0.00141003562  2.05255483E-06
  133.  0.00142447185  2.05715871E-06
  134.  0.00143934105  2.06609236E-06
  135.  0.00145485944  2.07316841E-06
  136.  0.00146590214  2.07201336E-06
  137.  0.0014858481  2.08592783E-06
  138.  0.00149979864  2.0905518E-06
  139.  0.00151026565  2.08859943E-06
  140.  0.00152591594  2.09011708E-06
  141.  0.00153844698  2.09286776E-06
  142.  0.00155646166  2.10069927E-06
  143.  0.00157587097  2.11273372E-06
  144.  0.00158962745  2.11461418E-06
  145.  0.00160000054  2.11282643E-06
  146.  0.00161842326  2.12139562E-06
  147.  0.00162966948  2.12036129E-06
  148.  0.00164755555  2.12457234E-06
  149.  0.00166908087  2.13853126E-06
  150.  0.00168658961  2.14880936E-06
  151.  0.00170297697  2.14944468E-06
  152.  0.00172166059  2.15460576E-06
  153.  0.00173640144  2.15413453E-06
  154.  0.00175248097  2.15835377E-06
  155.  0.0017671513  2.15897245E-06
  156.  0.00178742489  2.16698842E-06
  157.  0.00181255089  2.17586652E-06
  158.  0.00182368805  2.17544634E-06
  159.  0.00184303252  2.17555653E-06
  160.  0.00186811564  2.18587109E-06
  161.  0.00189027397  2.19032541E-06
  162.  0.00190945777  2.19264244E-06
  163.  0.00193110873  2.19721699E-06
  164.  0.00195492045  2.20202333E-06
  165.  0.0019797918  2.20365011E-06
  166.  0.0020071831  2.21330974E-06
  167.  0.00203606462  2.2179269E-06
  168.  0.00206143374  2.22101582E-06
  169.  0.00209427657  2.2309396E-06
  170.  0.00212575572  2.23788565E-06
  171.  0.00216031027  2.24420007E-06
  172.  0.00220011219  2.25238741E-06
  173.  0.00224513467  2.26381551E-06
  174.  0.00228018344  2.26457602E-06
  175.  0.00233643418  2.2782645E-06
  176.  0.00240310804  2.298827E-06
  177.  0.00247464791  2.3096623E-06
  178.  0.00256750037  2.33603527E-06
  179.  0.00273191248  2.38219935E-06
  180.  0.00292421494  2.42429733E-06
  181.  0.00290804104  2.40738182E-06
  182.  0.00288855736  2.39301371E-06
  183.  0.00286828254  2.37701195E-06
  184.  0.00284723665  2.35873916E-06
  185.  0.00281809227  2.33740133E-06
  186.  0.00279019288  2.32333275E-06
  187.  0.00276048758  2.30267043E-06
  188.  0.00272402838  2.276721E-06
  189.  0.00269029627  2.26014774E-06
