  20.  0.000141423747  1.08465094E-06
  20.5  0.00017002376  1.20785202E-06
  21.  0.000194133049  1.28101748E-06
  21.5  0.00021845965  1.36914591E-06
  22.  0.000244253831  1.44906341E-06
  22.5  0.000271751621  1.5280957E-06
  23.  0.00029631693  1.57982688E-06
  23.5  0.000323151575  1.64647928E-06
  24.  0.00034830495  1.70434588E-06
  24.5  0.00037496592  1.76619014E-06
  25.  0.00040344915  1.83605292E-06
  25.5  0.00043495776  1.9050071E-06
  26.  0.000459202033  1.95172286E-06
  26.5  0.000490396081  2.01926809E-06
  27.  0.000520093358  2.06951596E-06
  27.5  0.000541764139  2.10148127E-06
  28.  0.000576403669  2.17243653E-06
  28.5  0.000610671756  2.24397443E-06
  29.  0.000639540557  2.28308485E-06
  29.5  0.000665979102  2.321829E-06
  30.  0.00069662493  2.37878792E-06
  30.5  0.000727151414  2.41622461E-06
  31.  0.000762726417  2.47686655E-06
  31.5  0.000789865051  2.51906353E-06
  32.  0.000819560552  2.56244493E-06
  32.5  0.000851288948  2.60387356E-06
  33.  0.000879085742  2.63949282E-06
  33.5  0.000908986734  2.67730799E-06
  34.  0.000941756422  2.71922592E-06
  34.5  0.000976262201  2.76975883E-06
  35.  0.00100452892  2.80080615E-06
  35.5  0.00103531476  2.84188292E-06
  36.  0.00106402962  2.86405148E-06
  36.5  0.00110273382  2.92729941E-06
  37.  0.00112902816  2.94951742E-06
  37.5  0.00116301142  2.99375066E-06
  38.  0.00119422928  3.02301135E-06
  38.5  0.00122871797  3.06301443E-06
  39.  0.00125646259  3.0831509E-06
  39.5  0.00128974078  3.12326502E-06
  40.  0.00132522936  3.16862341E-06
  40.5  0.00135198269  3.18187325E-06
  41.  0.00138843266  3.22487478E-06
  41.5  0.00141594851  3.24257925E-06
  42.  0.00144520005  3.26806303E-06
  42.5  0.00147787094  3.29868504E-06
  43.  0.0015022564  3.31820128E-06
  43.5  0.0015385765  3.34801315E-06
  44.  0.00156772598  3.38250551E-06
  44.5  0.00160663756  3.41058017E-06
  45.  0.00163732817  3.4407602E-06
  45.5  0.00166692275  3.46314502E-06
  46.  0.00169915598  3.4874609E-06
  46.5  0.0017309344  3.51251458E-06
  47.  0.00176679711  3.53915807E-06
  47.5  0.00179587547  3.56418394E-06
  48.  0.00182014105  3.58080713E-06
  48.5  0.00185607479  3.60824207E-06
  49.  0.00188487489  3.61697385E-06
  49.5  0.00191357438  3.64023389E-06
  50.  0.00195411178  3.6791536E-06
  50.5  0.00197729617  3.69140669E-06
  51.  0.00201819676  3.72586599E-06
  51.5  0.00204780213  3.73899728E-06
  52.  0.00207606219  3.75177504E-06
  52.5  0.00210264558  3.76711014E-06
  53.  0.00213120346  3.77920607E-06
  53.5  0.00216062203  3.78997456E-06
  54.  0.00220092113  3.82734532E-06
  54.5  0.00222216987  3.82716275E-06
  55.  0.00226501792  3.87012284E-06
  55.5  0.00230287531  3.8935584E-06
  56.  0.00232512032  3.89999957E-06
  56.5  0.00235556648  3.90452545E-06
  57.  0.00238642228  3.9202111E-06
  57.5  0.00241986953  3.94443704E-06
  58.  0.00245700257  3.97395756E-06
  58.5  0.00248059278  3.97202793E-06
  59.  0.00251335803  3.98546477E-06
  59.5  0.00255390535  4.01876269E-06
  60.  0.00258160954  4.03039036E-06
  60.5  0.00260944032  4.03506253E-06
  61.  0.00264076304  4.03874932E-06
  61.5  0.00267575274  4.06427074E-06
  62.  0.00271398875  4.08816011E-06
  62.5  0.0027389761  4.08684013E-06
  63.  0.00277652984  4.106139E-06
  63.5  0.00280997399  4.12408158E-06
  64.  0.00284383642  4.13990028E-06
  64.5  0.00287439384  4.14243008E-06
  65.  0.00290565832  4.1570918E-06
  65.5  0.00293878356  4.15849785E-06
  66.  0.00297346632  4.17791275E-06
  66.5  0.00301354307  4.19835067E-06
  67.  0.00304044852  4.19313034E-06
  67.5  0.00307850103  4.21524033E-06
  68.  0.00312191152  4.23759279E-06
  68.5  0.00314507495  4.22508824E-06
  69.  0.00318665385  4.24323777E-06
  69.5  0.00322276484  4.26265696E-06
  70.  0.00326426316  4.27849863E-06
  70.5  0.00329957203  4.29396668E-06
  71.  0.00333518775  4.29531701E-06
  71.5  0.00337468123  4.3017714E-06
  72.  0.00341876327  4.32404176E-06
  72.5  0.00345151416  4.3240178E-06
  73.  0.00349298478  4.33145437E-06
  73.5  0.00353228604  4.33310929E-06
  74.  0.00357266695  4.35338511E-06
  74.5  0.00361555367  4.36378164E-06
  75.  0.00366812574  4.39010985E-06
  75.5  0.00370004532  4.3795288E-06
  76.  0.00374242954  4.39161539E-06
  76.5  0.00378660596  4.40964174E-06
  77.  0.00382585633  4.40357431E-06
  77.5  0.00387752297  4.42820872E-06
  78.  0.00391201843  4.42084258E-06
  78.5  0.00395652423  4.42837881E-06
  79.  0.00399938226  4.43273999E-06
  79.5  0.00404569845  4.44113172E-06
  80.  0.00409254426  4.45306186E-06
  80.5  0.00414159513  4.46399622E-06
  81.  0.00418639848  4.46834345E-06
  81.5  0.00422754845  4.46786385E-06
  82.  0.00426994538  4.471749E-06
  82.5  0.00430795897  4.47142187E-06
  83.  0.00434763996  4.47144841E-06
  83.5  0.0043972378  4.47949145E-06
  84.  0.00443584296  4.47962442E-06
  84.5  0.00448136148  4.49153376E-06
  85.  0.00450490621  4.46718155E-06
  85.5  0.00454032718  4.46097075E-06
  86.  0.00458107481  4.46648258E-06
  86.5  0.00460789797  4.46213732E-06
  87.  0.00463856638  4.44923409E-06
  87.5  0.00467277074  4.44976974E-06
  88.  0.00469805711  4.44424073E-06
  88.5  0.00472616184  4.43749093E-06
  89.  0.00475153768  4.43224411E-06
  89.5  0.00476640113  4.40889908E-06
  90.  0.00479071291  4.39444676E-06
  90.5  0.00479426808  4.37914787E-06
  91.  0.00479075509  4.37492143E-06
  91.5  0.00477491989  4.34707236E-06
  92.  0.00476030032  4.33576185E-06
  92.5  0.00473312884  4.30052517E-06
  93.  0.00470984298  4.28523788E-06
  93.5  0.00468841082  4.26702442E-06
  94.  0.00465010667  4.24147618E-06
  94.5  0.00462146245  4.21480933E-06
