  500.  0.0001812526  6.80577214E-08
  510.  0.000167892539  6.47576874E-08
  520.  0.000155200205  6.15751786E-08
  530.  0.000143428689  5.85653542E-08
  540.  0.000132466126  5.56648125E-08
  550.  0.000122516223  5.29753014E-08
  560.  0.000113345671  5.04039347E-08
  570.  0.00010520088  4.80860017E-08
  580.  9.75802084E-05  4.58322387E-08
  590.  9.06573957E-05  4.37176908E-08
  600.  8.43228708E-05  4.17516861E-08
  610.  7.84147524E-05  3.98422733E-08
  620.  7.32293158E-05  3.81505004E-08
  630.  6.83108565E-05  3.64846617E-08
  640.  6.38654275E-05  3.49413873E-08
  650.  5.96239373E-05  3.3439656E-08
  660.  5.57623882E-05  3.20196749E-08
  670.  5.22570787E-05  3.07228661E-08
  680.  4.89830384E-05  2.94644931E-08
  690.  4.59030651E-05  2.82758917E-08
  700.  4.31490878E-05  2.7157118E-08
  710.  4.04702535E-05  2.6054023E-08
  720.  3.80720092E-05  2.50526166E-08
  730.  3.57752277E-05  2.40626108E-08
  740.  3.36876526E-05  2.31416991E-08
  750.  3.17029118E-05  2.22591237E-08
  760.  2.99183776E-05  2.14437203E-08
  770.  2.82006567E-05  2.06399881E-08
  780.  2.65950247E-05  1.98640972E-08
  790.  2.51688477E-05  1.91705211E-08
  800.  2.37553167E-05  1.84694176E-08
  810.  2.24222979E-05  1.77927502E-08
  820.  2.12298775E-05  1.71786621E-08
  830.  2.01061224E-05  1.65805782E-08
  840.  1.9048656E-05  1.60061641E-08
  850.  1.80258139E-05  1.5450824E-08
  860.  1.70851169E-05  1.49202564E-08
  870.  1.62422278E-05  1.44396179E-08
  880.  1.53657035E-05  1.39277242E-08
  890.  1.4607731E-05  1.34752731E-08
  900.  1.38688161E-05  1.30326104E-08
  910.  1.31958204E-05  1.26143484E-08
  920.  1.2521979E-05  1.21857008E-08
  930.  1.19164023E-05  1.17982543E-08
  940.  1.13215362E-05  1.14159392E-08
  950.  1.07882287E-05  1.10639078E-08
  960.  1.02411572E-05  1.06921332E-08
  970.  9.81650427E-06  1.04080415E-08
  980.  9.33193363E-06  1.00618806E-08
  990.  8.89419775E-06  9.76109564E-09
  1000.  8.49230547E-06  9.46249757E-09
  1010.  8.0982163E-06  9.17898383E-09
  1020.  7.71500425E-06  8.89911499E-09
  1030.  7.37661473E-06  8.62962776E-09
  1040.  7.03401807E-06  8.37254323E-09
  1050.  6.72364319E-06  8.1372603E-09
  1060.  6.42441322E-06  7.88816794E-09
  1070.  6.15085893E-06  7.66896819E-09
  1080.  5.8792021E-06  7.44704509E-09
  1090.  5.62275829E-06  7.23643235E-09
  1100.  5.38320276E-06  7.03020756E-09
  1110.  5.15019764E-06  6.83240165E-09
  1120.  4.93774775E-06  6.63797578E-09
  1130.  4.71818003E-06  6.45026642E-09
  1140.  4.53815856E-06  6.29200287E-09
  1150.  4.34292287E-06  6.11513807E-09
  1160.  4.1608032E-06  5.94000101E-09
  1170.  3.98852396E-06  5.7801124E-09
  1180.  3.83337018E-06  5.63216255E-09
  1190.  3.67237854E-06  5.47798308E-09
  1200.  3.52454529E-06  5.33048918E-09
  1210.  3.38227342E-06  5.19326081E-09
  1220.  3.25297003E-06  5.05912663E-09
  1230.  3.12104845E-06  4.92251367E-09
  1240.  2.99467812E-06  4.79104469E-09
  1250.  2.88439787E-06  4.67365009E-09
  1260.  2.77169265E-06  4.55705138E-09
  1270.  2.66043523E-06  4.43380514E-09
  1280.  2.56651047E-06  4.33658561E-09
  1290.  2.45949582E-06  4.21753993E-09
  1300.  2.38316193E-06  4.13057319E-09
  1310.  2.28278317E-06  4.00927655E-09
  1320.  2.19811257E-06  3.91370536E-09
  1330.  2.11615868E-06  3.81404703E-09
  1340.  2.03550614E-06  3.7222099E-09
  1350.  1.96092708E-06  3.62868645E-09
  1360.  1.88556147E-06  3.5375417E-09
  1370.  1.81831173E-06  3.45322782E-09
  1380.  1.75254436E-06  3.3692989E-09
  1390.  1.70177057E-06  3.30915488E-09
  1400.  1.63405517E-06  3.22045251E-09
  1410.  1.57826033E-06  3.14643152E-09
  1420.  1.5192755E-06  3.06827196E-09
  1430.  1.46967823E-06  3.00418587E-09
  1440.  1.41356947E-06  2.92789353E-09
  1450.  1.36589687E-06  2.86099008E-09
  1460.  1.32427604E-06  2.80182492E-09
  1470.  1.28063439E-06  2.74397719E-09
  1480.  1.23524891E-06  2.67737101E-09
  1490.  1.19099857E-06  2.61494541E-09
  1500.  1.14701294E-06  2.54558581E-09
  1510.  1.11469351E-06  2.504178E-09
  1520.  1.07400111E-06  2.44184204E-09
  1530.  1.03803778E-06  2.38871345E-09
  1540.  1.00662124E-06  2.33926679E-09
  1550.  9.67851329E-07  2.28124742E-09
  1560.  9.38924557E-07  2.23558481E-09
  1570.  9.11632253E-07  2.19237993E-09
  1580.  8.77412275E-07  2.13960362E-09
  1590.  8.51545423E-07  2.09407909E-09
  1600.  8.24799118E-07  2.05092167E-09
  1610.  8.00180076E-07  2.0099454E-09
  1620.  7.72882376E-07  1.96464507E-09
  1630.  7.49253896E-07  1.9246701E-09
  1640.  7.26333817E-07  1.88403692E-09
  1650.  7.04042411E-07  1.85200877E-09
  1660.  6.78027866E-07  1.8008481E-09
  1670.  6.58275321E-07  1.76632283E-09
  1680.  6.39282186E-07  1.73380392E-09
  1690.  6.17928919E-07  1.69416999E-09
  1700.  6.04342193E-07  1.66807889E-09
  1710.  5.84963606E-07  1.63393634E-09
  1720.  5.66640327E-07  1.5968907E-09
  1730.  5.48734912E-07  1.56521901E-09
  1740.  5.33045509E-07  1.53629948E-09
  1750.  5.13387013E-07  1.49609152E-09
  1760.  5.03147108E-07  1.47747317E-09
  1770.  4.86486979E-07  1.44897165E-09
  1780.  4.71197004E-07  1.41657978E-09
  1790.  4.5991609E-07  1.39053747E-09
  1800.  4.44742788E-07  1.35944663E-09
  1810.  4.33243233E-07  1.34029665E-09
  1820.  4.19804785E-07  1.31278713E-09
  1830.  4.07776963E-07  1.2857348E-09
  1840.  3.94807139E-07  1.2584705E-09
  1850.  3.84328274E-07  1.23591059E-09
  1860.  3.71853974E-07  1.2094334E-09
  1870.  3.62296578E-07  1.18688957E-09
  1880.  3.52889109E-07  1.16679021E-09
  1890.  3.45289256E-07  1.15050828E-09
  1900.  3.33879291E-07  1.12501582E-09
  1910.  3.26364139E-07  1.10936215E-09
  1920.  3.17162392E-07  1.08805471E-09
  1930.  3.0826451E-07  1.06991135E-09
  1940.  2.97197148E-07  1.03994033E-09
  1950.  2.90192955E-07  1.02655496E-09
  1960.  2.81764232E-07  1.00463532E-09
  1970.  2.75971265E-07  9.92078519E-10
  1980.  2.66917746E-07  9.68867147E-10
  1990.  2.60226357E-07  9.53454827E-10
