  500.  0.000291288042  1.02120752E-07
  510.  0.000270640997  9.73954349E-08
  520.  0.000250809387  9.28136697E-08
  530.  0.000232674892  8.85110494E-08
  540.  0.00021572503  8.43893038E-08
  550.  0.000200178717  8.04826637E-08
  560.  0.000186091765  7.68561923E-08
  570.  0.000173048825  7.33926838E-08
  580.  0.000161373569  7.02215881E-08
  590.  0.00015038069  6.71403041E-08
  600.  0.000140306097  6.42360126E-08
  610.  0.000131132226  6.15112112E-08
  620.  0.000122674481  5.89597562E-08
  630.  0.000114740836  5.65038093E-08
  640.  0.000107442215  5.41607628E-08
  650.  0.000100790598  5.19882849E-08
  660.  9.4636512E-05  4.9926143E-08
  670.  8.88163223E-05  4.7929389E-08
  680.  8.34685048E-05  4.60458935E-08
  690.  7.85913029E-05  4.42976356E-08
  700.  7.38803002E-05  4.2559655E-08
  710.  6.96174702E-05  4.0955457E-08
  720.  6.56228716E-05  3.94219961E-08
  730.  6.18807931E-05  3.79493412E-08
  740.  5.84042806E-05  3.65414834E-08
  750.  5.51727574E-05  3.52275185E-08
  760.  5.20989997E-05  3.39359215E-08
  770.  4.92122336E-05  3.26945412E-08
  780.  4.66244362E-05  3.15598748E-08
  790.  4.40919992E-05  3.04360509E-08
  800.  4.17667697E-05  2.93663766E-08
  810.  3.95802672E-05  2.83667589E-08
  820.  3.7472529E-05  2.73651192E-08
  830.  3.55425477E-05  2.64372438E-08
  840.  3.373056E-05  2.55457424E-08
  850.  3.20709139E-05  2.47079908E-08
  860.  3.04279262E-05  2.38704142E-08
  870.  2.88977799E-05  2.30790521E-08
  880.  2.74908563E-05  2.23322962E-08
  890.  2.61684764E-05  2.16174559E-08
  900.  2.48770235E-05  2.09170823E-08
  910.  2.36796772E-05  2.02411384E-08
  920.  2.25318701E-05  1.95962832E-08
  930.  2.14655608E-05  1.89789486E-08
  940.  2.0486925E-05  1.83927353E-08
  950.  1.95166298E-05  1.78199492E-08
  960.  1.85989904E-05  1.72527138E-08
  970.  1.77437096E-05  1.67286868E-08
  980.  1.69313003E-05  1.62189173E-08
  990.  1.61841427E-05  1.5746788E-08
  1000.  1.54590694E-05  1.52709121E-08
  1010.  1.47612199E-05  1.48145651E-08
  1020.  1.41126048E-05  1.43779035E-08
  1030.  1.34738559E-05  1.39401242E-08
  1040.  1.29102382E-05  1.35506616E-08
  1050.  1.23290448E-05  1.3149484E-08
  1060.  1.18264816E-05  1.27855565E-08
  1070.  1.12931267E-05  1.23975531E-08
  1080.  1.07934868E-05  1.20352232E-08
  1090.  1.03764897E-05  1.17282754E-08
  1100.  9.91908102E-06  1.13779073E-08
  1110.  9.52523982E-06  1.10713521E-08
  1120.  9.12406395E-06  1.07607132E-08
  1130.  8.72670764E-06  1.0447744E-08
  1140.  8.38412858E-06  1.01688902E-08
  1150.  8.04280684E-06  9.89016393E-09
  1160.  7.71670639E-06  9.62763064E-09
  1170.  7.39683596E-06  9.3602449E-09
  1180.  7.11139482E-06  9.11308186E-09
  1190.  6.8426354E-06  8.87981103E-09
  1200.  6.57217741E-06  8.64533772E-09
  1210.  6.3060757E-06  8.41226232E-09
  1220.  6.03856496E-06  8.17471463E-09
  1230.  5.84112092E-06  7.9930893E-09
  1240.  5.59548688E-06  7.76246516E-09
  1250.  5.39111711E-06  7.57789523E-09
  1260.  5.18583192E-06  7.37926979E-09
  1270.  4.98122749E-06  7.18582729E-09
  1280.  4.8074286E-06  7.01353958E-09
  1290.  4.61534845E-06  6.82837063E-09
  1300.  4.44677807E-06  6.65928079E-09
  1310.  4.27640054E-06  6.48787188E-09
  1320.  4.125081E-06  6.33085009E-09
  1330.  3.96653476E-06  6.16861654E-09
  1340.  3.83216798E-06  6.02748991E-09
  1350.  3.68976714E-06  5.8782531E-09
  1360.  3.56016533E-06  5.74026046E-09
  1370.  3.43565412E-06  5.60262881E-09
  1380.  3.31155717E-06  5.46381217E-09
  1390.  3.19376169E-06  5.33249069E-09
  1400.  3.08301171E-06  5.20900892E-09
  1410.  2.96981719E-06  5.07646198E-09
  1420.  2.86097725E-06  4.95467672E-09
  1430.  2.76223198E-06  4.84054881E-09
  1440.  2.68296036E-06  4.74243071E-09
  1450.  2.5814643E-06  4.62402506E-09
  1460.  2.48471851E-06  4.50325205E-09
  1470.  2.41572533E-06  4.42314982E-09
  1480.  2.33215379E-06  4.31594366E-09
  1490.  2.25150466E-06  4.21569519E-09
  1500.  2.17239776E-06  4.11770774E-09
  1510.  2.10042495E-06  4.02175051E-09
  1520.  2.03990062E-06  3.94506121E-09
  1530.  1.95958832E-06  3.84171785E-09
  1540.  1.90399165E-06  3.76126264E-09
  1550.  1.8377599E-06  3.67817535E-09
  1560.  1.77978586E-06  3.59490654E-09
  1570.  1.72219807E-06  3.51869283E-09
  1580.  1.66658369E-06  3.44616461E-09
  1590.  1.61049264E-06  3.36357107E-09
  1600.  1.5600296E-06  3.2893693E-09
  1610.  1.51032049E-06  3.21899953E-09
  1620.  1.45931665E-06  3.1465073E-09
  1630.  1.41555951E-06  3.08223235E-09
  1640.  1.37623165E-06  3.02510231E-09
  1650.  1.32595854E-06  2.94820966E-09
  1660.  1.28713862E-06  2.88985372E-09
  1670.  1.25051966E-06  2.83332651E-09
  1680.  1.21527578E-06  2.78003573E-09
  1690.  1.16928594E-06  2.70610271E-09
  1700.  1.13830597E-06  2.65848327E-09
  1710.  1.10331089E-06  2.60405316E-09
  1720.  1.06998306E-06  2.54964603E-09
  1730.  1.03743197E-06  2.49850534E-09
  1740.  1.00570913E-06  2.44513881E-09
  1750.  9.74260163E-07  2.39273042E-09
  1760.  9.46536608E-07  2.34709109E-09
  1770.  9.20731326E-07  2.30196312E-09
  1780.  8.89718541E-07  2.24953986E-09
  1790.  8.65692387E-07  2.20636838E-09
  1800.  8.40681727E-07  2.16350159E-09
  1810.  8.17078228E-07  2.12156584E-09
  1820.  7.94231486E-07  2.08545654E-09
  1830.  7.68623107E-07  2.03695759E-09
  1840.  7.49935868E-07  2.0015246E-09
  1850.  7.30820434E-07  1.96701387E-09
  1860.  7.09096314E-07  1.92876069E-09
  1870.  6.85409118E-07  1.88218954E-09
  1880.  6.69099193E-07  1.85351785E-09
  1890.  6.49577193E-07  1.81651738E-09
  1900.  6.3067095E-07  1.77906404E-09
  1910.  6.11537221E-07  1.74199967E-09
  1920.  5.9495776E-07  1.71259861E-09
  1930.  5.77896778E-07  1.680343E-09
  1940.  5.63597685E-07  1.64936351E-09
  1950.  5.48726459E-07  1.61948874E-09
  1960.  5.35127566E-07  1.591555E-09
  1970.  5.19526326E-07  1.56299654E-09
  1980.  5.05030076E-07  1.53301062E-09
  1990.  4.90996228E-07  1.50148148E-09
