  50.  9.80393765E-06  1.48041082E-07
  50.1333333  9.7178144E-06  1.47371014E-07
  50.2666667  1.01454598E-05  1.51106408E-07
  50.4  1.00733158E-05  1.49781631E-07
  50.5333333  1.02451161E-05  1.50783693E-07
  50.6666667  1.05705953E-05  1.53678377E-07
  50.8  1.05453391E-05  1.53611711E-07
  50.9333333  1.08726973E-05  1.55816898E-07
  51.0666667  1.14941256E-05  1.60423888E-07
  51.2  1.10591267E-05  1.56952976E-07
  51.3333333  1.14036561E-05  1.59544042E-07
  51.4666667  1.14471711E-05  1.60464848E-07
  51.6  1.18545669E-05  1.62700764E-07
  51.7333333  1.17052388E-05  1.61370569E-07
  51.8666667  1.20545321E-05  1.64445739E-07
  52.  1.23377463E-05  1.65731252E-07
  52.1333333  1.2335394E-05  1.65901638E-07
  52.2666667  1.23304132E-05  1.65889395E-07
  52.4  1.28634513E-05  1.70492645E-07
  52.5333333  1.26988216E-05  1.6873373E-07
  52.6666667  1.3025811E-05  1.71057499E-07
  52.8  1.32653748E-05  1.72679261E-07
  52.9333333  1.34062418E-05  1.71989834E-07
  53.0666667  1.34074553E-05  1.72637746E-07
  53.2  1.36933881E-05  1.74666672E-07
  53.3333333  1.38320773E-05  1.75643912E-07
  53.4666667  1.42506439E-05  1.78661378E-07
  53.6  1.43073936E-05  1.79151046E-07
  53.7333333  1.4571889E-05  1.80755617E-07
  53.8666667  1.47860991E-05  1.82362448E-07
  54.  1.48797584E-05  1.82651315E-07
  54.1333333  1.51117119E-05  1.83706253E-07
  54.2666667  1.48595043E-05  1.81968549E-07
  54.4  1.53969904E-05  1.85866508E-07
  54.5333333  1.55524292E-05  1.86308926E-07
  54.6666667  1.56741764E-05  1.88039958E-07
  54.8  1.60133264E-05  1.88717905E-07
  54.9333333  1.60355438E-05  1.88790259E-07
  55.0666667  1.62485966E-05  1.91103085E-07
  55.2  1.6623362E-05  1.92885554E-07
  55.3333333  1.69212461E-05  1.94433383E-07
  55.4666667  1.68376436E-05  1.93631558E-07
  55.6  1.68297738E-05  1.93731598E-07
  55.7333333  1.75404996E-05  1.98063204E-07
  55.8666667  1.71415438E-05  1.95588658E-07
  56.  1.76522584E-05  1.99142996E-07
  56.1333333  1.75265222E-05  1.97830635E-07
  56.2666667  1.77555803E-05  1.98989557E-07
  56.4  1.82153602E-05  2.02423895E-07
  56.5333333  1.81116658E-05  2.01465419E-07
  56.6666667  1.85045792E-05  2.03549411E-07
  56.8  1.86668169E-05  2.03111803E-07
  56.9333333  1.87021584E-05  2.04385585E-07
  57.0666667  1.95533676E-05  2.10331768E-07
  57.2  1.90896138E-05  2.06883061E-07
  57.3333333  1.94821618E-05  2.08922597E-07
  57.4666667  2.00415529E-05  2.11986909E-07
  57.6  1.97190856E-05  2.10560888E-07
  57.7333333  2.00026978E-05  2.11911285E-07
  57.8666667  2.00448941E-05  2.11709337E-07
  58.  2.04734738E-05  2.13869882E-07
  58.1333333  2.07753205E-05  2.15794556E-07
  58.2666667  2.05591068E-05  2.14750398E-07
  58.4  2.09173967E-05  2.16146713E-07
  58.5333333  2.09819551E-05  2.16662408E-07
  58.6666667  2.14937541E-05  2.19207347E-07
  58.8  2.18179289E-05  2.21939849E-07
  58.9333333  2.17652611E-05  2.20747231E-07
  59.0666667  2.21981849E-05  2.23092545E-07
  59.2  2.22556749E-05  2.23995372E-07
  59.3333333  2.26845028E-05  2.2584498E-07
  59.4666667  2.24893988E-05  2.24151765E-07
  59.6  2.30810415E-05  2.27193272E-07
  59.7333333  2.27066473E-05  2.25521866E-07
  59.8666667  2.3511029E-05  2.29373988E-07
  60.  2.34955373E-05  2.29684215E-07
  60.1333333  2.35318315E-05  2.29559367E-07
  60.2666667  2.40828829E-05  2.32125518E-07
  60.4  2.41794618E-05  2.33489342E-07
  60.5333333  2.41809615E-05  2.33037502E-07
  60.6666667  2.44317559E-05  2.33797782E-07
  60.8  2.4702134E-05  2.35384371E-07
  60.9333333  2.50908936E-05  2.38321728E-07
  61.0666667  2.53027082E-05  2.38371238E-07
  61.2  2.54608378E-05  2.39260576E-07
  61.3333333  2.57283827E-05  2.41181766E-07
  61.4666667  2.56492187E-05  2.39802927E-07
  61.6  2.60320457E-05  2.43045273E-07
  61.7333333  2.6572291E-05  2.45010886E-07
  61.8666667  2.64232096E-05  2.43738984E-07
  62.  2.63131071E-05  2.43199624E-07
  62.1333333  2.70490081E-05  2.47833326E-07
  62.2666667  2.70241682E-05  2.47434468E-07
  62.4  2.75222772E-05  2.49271165E-07
  62.5333333  2.74163352E-05  2.48234598E-07
  62.6666667  2.74155518E-05  2.47492968E-07
  62.8  2.77344304E-05  2.4992646E-07
  62.9333333  2.81963274E-05  2.52072853E-07
  63.0666667  2.87161156E-05  2.54531769E-07
  63.2  2.86137741E-05  2.54542685E-07
  63.3333333  2.92919605E-05  2.57498892E-07
  63.4666667  2.94769519E-05  2.58290609E-07
  63.6  2.93516496E-05  2.584146E-07
  63.7333333  2.92410944E-05  2.57434352E-07
  63.8666667  2.9271591E-05  2.57068734E-07
  64.  2.99528071E-05  2.61486893E-07
  64.1333333  2.97865215E-05  2.58921153E-07
  64.2666667  3.00377209E-05  2.60491666E-07
  64.4  3.0551975E-05  2.6393164E-07
  64.5333333  3.09999495E-05  2.65527958E-07
  64.6666667  3.09054147E-05  2.6447028E-07
  64.8  3.09647186E-05  2.64922228E-07
  64.9333333  3.16720223E-05  2.67963951E-07
  65.0666667  3.20016847E-05  2.69750816E-07
  65.2  3.191829E-05  2.68463774E-07
  65.3333333  3.2148083E-05  2.6985238E-07
  65.4666667  3.2575032E-05  2.72443534E-07
  65.6  3.25243778E-05  2.71870678E-07
  65.7333333  3.28089925E-05  2.73352343E-07
  65.8666667  3.34119459E-05  2.75252543E-07
  66.  3.34822928E-05  2.75918414E-07
  66.1333333  3.31541616E-05  2.73949872E-07
  66.2666667  3.36977439E-05  2.75859375E-07
  66.4  3.3237983E-05  2.74410641E-07
  66.5333333  3.40482335E-05  2.78094258E-07
  66.6666667  3.42426376E-05  2.78836067E-07
  66.8  3.48291079E-05  2.81549885E-07
  66.9333333  3.48284011E-05  2.82040049E-07
  67.0666667  3.50652364E-05  2.82431295E-07
  67.2  3.57816088E-05  2.86348947E-07
  67.3333333  3.5869253E-05  2.85977594E-07
  67.4666667  3.58308665E-05  2.86453336E-07
  67.6  3.62544071E-05  2.88268777E-07
  67.7333333  3.6137603E-05  2.87209451E-07
  67.8666667  3.66690417E-05  2.89076551E-07
  68.  3.64789423E-05  2.88401892E-07
  68.1333333  3.65073527E-05  2.88526941E-07
  68.2666667  3.73605767E-05  2.92930962E-07
  68.4  3.75082163E-05  2.92069645E-07
  68.5333333  3.80226596E-05  2.94090403E-07
  68.6666667  3.7847954E-05  2.93485872E-07
  68.8  3.8322488E-05  2.95228613E-07
  68.9333333  3.78878846E-05  2.94037119E-07
  69.0666667  3.8446793E-05  2.97141546E-07
  69.2  3.83612821E-05  2.95678191E-07
  69.3333333  3.90781329E-05  2.98508828E-07
  69.4666667  3.93476175E-05  3.00258553E-07
  69.6  3.93858839E-05  2.99833043E-07
  69.7333333  3.95226654E-05  3.01509962E-07
  69.8666667  4.00325287E-05  3.02889292E-07
