  200.  0.017718733  1.65872566E-05
  205.  0.0158440814  1.54855819E-05
  210.  0.014247836  1.45909054E-05
  215.  0.0128417885  1.3723126E-05
  220.  0.0116219041  1.29502423E-05
  225.  0.0105415653  1.22179806E-05
  230.  0.00959780107  1.15805952E-05
  235.  0.00873908442  1.09682426E-05
  240.  0.00799780913  1.03989322E-05
  245.  0.00730868719  9.86589786E-06
  250.  0.00670776424  9.38518194E-06
  255.  0.0061650488  8.92391846E-06
  260.  0.00565982192  8.48203982E-06
  265.  0.005247292  8.11959126E-06
  270.  0.00482916809  7.74173324E-06
  275.  0.00447167029  7.4378294E-06
  280.  0.00413230954  7.06489596E-06
  285.  0.0038537612  6.78490693E-06
  290.  0.00357241327  6.4901575E-06
  295.  0.00332760738  6.23747955E-06
  300.  0.00308919929  5.9520286E-06
  305.  0.00288710623  5.73787825E-06
  310.  0.00267953706  5.4350707E-06
  315.  0.00251535554  5.27527086E-06
  320.  0.00234730302  5.11044423E-06
  325.  0.00220379167  4.87825795E-06
  330.  0.00206690625  4.71027116E-06
  335.  0.00193583482  4.49600694E-06
  340.  0.0018198191  4.35768775E-06
  345.  0.00170335331  4.17243021E-06
  350.  0.00161198382  4.07700202E-06
  355.  0.00151293528  3.89761408E-06
  360.  0.00143185919  3.79933244E-06
  365.  0.00134543812  3.6437268E-06
  370.  0.00127354636  3.55170367E-06
  375.  0.00120704429  3.41596955E-06
  380.  0.00113346148  3.27884798E-06
  385.  0.00107580398  3.17725646E-06
  390.  0.00101527316  3.06241629E-06
  395.  0.000963715663  2.97064722E-06
  400.  0.000917127441  2.90488419E-06
  405.  0.0008699118  2.82236105E-06
  410.  0.000822451479  2.6959504E-06
  415.  0.000781231246  2.63113387E-06
  420.  0.000742568485  2.54898443E-06
  425.  0.000707182631  2.46622934E-06
  430.  0.000671908397  2.42794095E-06
  435.  0.000640307647  2.32413977E-06
  440.  0.000614668079  2.27707451E-06
  445.  0.000580136232  2.18611779E-06
  450.  0.000554002637  2.12901534E-06
  455.  0.000529173086  2.08766317E-06
  460.  0.000503495963  2.01618315E-06
  465.  0.000481301142  1.96535548E-06
  470.  0.000463176807  1.9230772E-06
  475.  0.000437279257  1.84165988E-06
  480.  0.000418398376  1.81227297E-06
  485.  0.000403080135  1.78721229E-06
  490.  0.000383839084  1.72502421E-06
  495.  0.000370445441  1.68441941E-06
  500.  0.00035296881  1.63503817E-06
  505.  0.000340772151  1.62005185E-06
  510.  0.000325458525  1.607144E-06
  515.  0.000311566619  1.50357092E-06
  520.  0.000295947395  1.46161759E-06
  525.  0.000287127815  1.44137386E-06
  530.  0.000274887896  1.39919482E-06
  535.  0.000261998956  1.35582214E-06
  540.  0.00025169168  1.31324004E-06
  545.  0.000241806605  1.29722685E-06
  550.  0.00023236032  1.25813016E-06
  555.  0.000224402207  1.24515443E-06
  560.  0.000214745113  1.1970112E-06
  565.  0.000205483984  1.16277026E-06
  570.  0.000197982221  1.14104249E-06
  575.  0.000190881239  1.11014492E-06
  580.  0.000184195768  1.09589926E-06
  585.  0.000179172948  1.07614014E-06
  590.  0.000172611433  1.04862926E-06
  595.  0.000164331309  1.02328899E-06
  600.  0.000158134278  1.00237542E-06
  605.  0.000156025914  1.0014236E-06
  610.  0.00014931014  9.73960945E-07
  615.  0.000143080717  9.41593818E-07
  620.  0.0001382373  9.15415981E-07
  625.  0.000132254921  8.99461457E-07
  630.  0.000126833207  8.60232606E-07
  635.  0.000122900349  8.5892952E-07
  640.  0.000119529426  8.44338372E-07
  645.  0.000114243445  8.07249399E-07
  650.  0.000111733074  7.95563618E-07
  655.  0.000105640458  7.68306865E-07
  660.  0.000104335366  7.69537614E-07
  665.  9.92538702E-05  7.39134584E-07
  670.  9.64892916E-05  7.22037324E-07
  675.  9.40682249E-05  7.17701558E-07
  680.  9.07591058E-05  6.97988362E-07
  685.  8.8209439E-05  6.84340746E-07
  690.  8.5221766E-05  6.74282794E-07
  695.  8.26155848E-05  6.64182977E-07
  700.  7.88988141E-05  6.36573194E-07
  705.  7.73245941E-05  6.43945833E-07
  710.  7.46685171E-05  6.22694907E-07
  715.  7.31215028E-05  6.28338349E-07
  720.  7.05742953E-05  6.16349598E-07
  725.  6.7942871E-05  6.04084745E-07
  730.  6.54194911E-05  5.77634786E-07
  735.  6.39152675E-05  5.64808878E-07
  740.  6.17993828E-05  5.5866541E-07
  745.  6.00380231E-05  5.42321642E-07
  750.  5.79949946E-05  5.29974477E-07
  755.  5.64995327E-05  5.28897437E-07
  760.  5.45075348E-05  5.12415618E-07
  765.  5.34795911E-05  5.05817422E-07
  770.  5.08586302E-05  4.80782092E-07
  775.  4.94692197E-05  4.83999043E-07
  780.  4.85461609E-05  4.72660109E-07
  785.  4.68245039E-05  4.60835054E-07
  790.  4.53413404E-05  4.56037228E-07
  795.  4.41212176E-05  4.49817339E-07
  800.  4.4012199E-05  4.55307348E-07
  805.  4.1919605E-05  4.37992757E-07
  810.  4.04122646E-05  4.22820958E-07
  815.  3.94439334E-05  4.19948125E-07
  820.  3.87506986E-05  4.17660706E-07
  825.  3.83424153E-05  4.26617999E-07
  830.  3.63337274E-05  3.94773891E-07
  835.  3.54680779E-05  3.95458518E-07
  840.  3.4746818E-05  3.87369176E-07
  845.  3.39146846E-05  3.82913505E-07
  850.  3.22191287E-05  3.65409789E-07
  855.  3.18409979E-05  3.68630137E-07
  860.  3.10126687E-05  3.56903238E-07
  865.  3.00812949E-05  3.47692383E-07
  870.  2.93218084E-05  3.50862286E-07
  875.  2.77720707E-05  3.36670761E-07
  880.  2.6813393E-05  3.21204606E-07
  885.  2.68256171E-05  3.271952E-07
  890.  2.63209941E-05  3.25101799E-07
  895.  2.6158043E-05  3.28644048E-07
  900.  2.46982345E-05  3.13070032E-07
  905.  2.43236637E-05  3.08190261E-07
  910.  2.37624316E-05  3.08655944E-07
  915.  2.30729813E-05  2.98283441E-07
  920.  2.24021328E-05  2.92030662E-07
  925.  2.20122433E-05  2.86742316E-07
  930.  2.07332821E-05  2.8026083E-07
  935.  2.04941266E-05  2.73072329E-07
  940.  1.97338138E-05  2.64927901E-07
  945.  1.92223857E-05  2.61146325E-07
