  500.  0.000184125896  8.65361473E-07
  510.  0.000168949281  8.14891651E-07
  520.  0.000153097134  7.65836517E-07
  530.  0.00014260866  7.36333914E-07
  540.  0.000129423539  6.88150921E-07
  550.  0.000122341933  6.81410222E-07
  560.  0.000111324602  6.30791953E-07
  570.  0.000103523091  6.05906707E-07
  580.  9.7179762E-05  5.79703937E-07
  590.  8.99643769E-05  5.55933644E-07
  600.  8.33882421E-05  5.33594307E-07
  610.  7.79398834E-05  5.13554512E-07
  620.  7.19183768E-05  4.84585856E-07
  630.  6.74373408E-05  4.67695033E-07
  640.  6.35221838E-05  4.53003101E-07
  650.  5.89287767E-05  4.2917349E-07
  660.  5.49626367E-05  4.09133222E-07
  670.  5.15340145E-05  3.9273551E-07
  680.  4.79381056E-05  3.7239461E-07
  690.  4.53595742E-05  3.61246955E-07
  700.  4.24464948E-05  3.52342574E-07
  710.  4.00814224E-05  3.43885218E-07
  720.  3.67397951E-05  3.1732167E-07
  730.  3.49452323E-05  3.09630315E-07
  740.  3.29356224E-05  2.96721847E-07
  750.  3.12122371E-05  2.90838061E-07
  760.  2.95118425E-05  2.7978057E-07
  770.  2.69648716E-05  2.57091209E-07
  780.  2.58730095E-05  2.57695752E-07
  790.  2.46836538E-05  2.50227703E-07
  800.  2.34421849E-05  2.38838667E-07
  810.  2.16653311E-05  2.27562709E-07
  820.  2.05579461E-05  2.25125504E-07
  830.  1.94535036E-05  2.13837669E-07
  840.  1.85894077E-05  2.06809126E-07
  850.  1.75063557E-05  2.00306734E-07
  860.  1.70373257E-05  2.0195728E-07
  870.  1.56214896E-05  1.86236353E-07
  880.  1.45413208E-05  1.76976874E-07
  890.  1.4630147E-05  1.82512077E-07
  900.  1.33301043E-05  1.67995273E-07
  910.  1.29183408E-05  1.65834937E-07
  920.  1.25158007E-05  1.63444566E-07
  930.  1.14547572E-05  1.53653208E-07
  940.  1.12246362E-05  1.55305389E-07
  950.  1.05748764E-05  1.50055445E-07
  960.  9.92185371E-06  1.40983845E-07
  970.  9.6041592E-06  1.37242229E-07
  980.  9.0856066E-06  1.35511372E-07
  990.  8.53474358E-06  1.29569149E-07
  1000.  8.30377968E-06  1.27448607E-07
  1010.  7.92536384E-06  1.22433568E-07
  1020.  7.47421837E-06  1.17766656E-07
  1030.  7.06826886E-06  1.14477959E-07
  1040.  6.81692063E-06  1.12844487E-07
  1050.  6.39362135E-06  1.06565188E-07
  1060.  6.2186894E-06  1.05560535E-07
  1070.  6.21724287E-06  1.06990203E-07
  1080.  5.63370609E-06  9.84342816E-08
  1090.  5.53389745E-06  9.94397271E-08
  1100.  5.14604005E-06  9.29473229E-08
  1110.  4.96171442E-06  8.99013454E-08
  1120.  4.68567884E-06  8.71173023E-08
  1130.  4.55741959E-06  8.47441725E-08
  1140.  4.37192337E-06  8.36494106E-08
  1150.  4.10347399E-06  7.94877078E-08
  1160.  4.07945327E-06  8.1096126E-08
  1170.  3.87141506E-06  7.81230048E-08
  1180.  3.79516117E-06  7.7725961E-08
  1190.  3.42159737E-06  6.9862406E-08
  1200.  3.39775545E-06  7.22066334E-08
  1210.  3.3548939E-06  7.27190708E-08
  1220.  3.09525909E-06  6.59105367E-08
  1230.  2.96562894E-06  6.49543401E-08
  1240.  2.89406271E-06  6.47393819E-08
  1250.  2.68770603E-06  6.05018331E-08
  1260.  2.61453142E-06  6.02731768E-08
  1270.  2.58590941E-06  6.14028083E-08
  1280.  2.40714063E-06  5.73081435E-08
  1290.  2.3100989E-06  5.39586645E-08
  1300.  2.28599774E-06  5.57643985E-08
  1310.  2.17217207E-06  5.45704443E-08
  1320.  2.12841092E-06  5.16344197E-08
  1330.  2.08726104E-06  5.11292557E-08
  1340.  1.96448868E-06  4.86221524E-08
  1350.  1.90624932E-06  4.98862789E-08
  1360.  1.86020061E-06  4.7421798E-08
  1370.  1.79905612E-06  4.73978411E-08
  1380.  1.73032554E-06  4.58747538E-08
  1390.  1.62282061E-06  4.41075978E-08
  1400.  1.58468371E-06  4.46696936E-08
  1410.  1.44828627E-06  4.21737255E-08
  1420.  1.447368E-06  4.07694508E-08
  1430.  1.41448225E-06  4.18531783E-08
  1440.  1.30448349E-06  3.64967666E-08
  1450.  1.29170145E-06  3.65988165E-08
  1460.  1.24197438E-06  3.74300704E-08
  1470.  1.19939369E-06  3.53323247E-08
  1480.  1.20377752E-06  3.73353462E-08
  1490.  1.12810462E-06  3.40492248E-08
  1500.  1.08159196E-06  3.34542231E-08
  1510.  1.07321743E-06  3.37228333E-08
  1520.  1.05187996E-06  3.45655286E-08
  1530.  1.00971818E-06  3.3210903E-08
  1540.  1.00737912E-06  3.32522517E-08
  1550.  9.28248104E-07  3.07848823E-08
  1560.  8.4925267E-07  2.83475665E-08
  1570.  8.84350788E-07  2.92953226E-08
  1580.  8.22358895E-07  2.91552583E-08
  1590.  8.18837541E-07  2.8561533E-08
  1600.  7.99381917E-07  2.84174954E-08
  1610.  7.00510266E-07  2.40935215E-08
  1620.  7.02765663E-07  2.53263848E-08
  1630.  7.05475459E-07  2.54293576E-08
  1640.  6.58196324E-07  2.33865489E-08
  1650.  6.33036715E-07  2.29176008E-08
  1660.  6.38190791E-07  2.40901512E-08
  1670.  6.1628525E-07  2.41876856E-08
  1680.  6.22343401E-07  2.39744265E-08
  1690.  5.6135397E-07  2.08700559E-08
  1700.  5.36848201E-07  2.02399531E-08
  1710.  5.64426441E-07  2.26886839E-08
  1720.  4.89502326E-07  1.87367152E-08
  1730.  5.42860699E-07  2.21987603E-08
  1740.  4.86248802E-07  1.93864303E-08
  1750.  4.63589248E-07  1.86138098E-08
  1760.  4.85226248E-07  2.01677713E-08
  1770.  4.52384763E-07  1.87830988E-08
  1780.  4.22751894E-07  1.86331091E-08
  1790.  4.18263703E-07  1.73681359E-08
  1800.  3.86812758E-07  1.66116077E-08
  1810.  3.93235839E-07  1.75036032E-08
  1820.  3.78293133E-07  1.69037477E-08
  1830.  3.63706542E-07  1.64652937E-08
  1840.  3.55249355E-07  1.606373E-08
  1850.  3.50825277E-07  1.67791876E-08
  1860.  3.53574249E-07  1.59520401E-08
  1870.  3.30873303E-07  1.43925241E-08
  1880.  3.04451543E-07  1.45246276E-08
  1890.  3.02367901E-07  1.3902351E-08
  1900.  3.0003635E-07  1.44157821E-08
  1910.  2.89005202E-07  1.53665451E-08
  1920.  2.75673849E-07  1.38419989E-08
  1930.  2.4734535E-07  1.26717724E-08
  1940.  2.60946364E-07  1.30414554E-08
  1950.  2.55040707E-07  1.2712716E-08
  1960.  2.49729361E-07  1.29148584E-08
  1970.  2.41286532E-07  1.16425186E-08
  1980.  2.36099463E-07  1.20797676E-08
  1990.  2.42144098E-07  1.34729337E-08
