  100.  0.302214812  0.000371137928
  100.266667  0.306303883  0.000372473271
  100.533333  0.311446517  0.000375657614
  100.8  0.316430829  0.000377506461
  101.066667  0.322025564  0.000380411103
  101.333333  0.327953524  0.000383467705
  101.6  0.333985524  0.000385659449
  101.866667  0.340425025  0.000388548051
  102.133333  0.347852185  0.000392136277
  102.4  0.355714144  0.000395967533
  102.666667  0.363747642  0.000399669767
  102.933333  0.374087664  0.000404453141
  103.2  0.384297418  0.000408675539
  103.466667  0.397055843  0.000414608832
  103.733333  0.410576007  0.000420524113
  104.  0.42699278  0.000427572657
  104.266667  0.447895541  0.0004365318
  104.533333  0.477780334  0.000449625768
  104.8  0.539155782  0.000474943574
  105.066667  0.569910978  0.000486694819
  105.333333  0.554672476  0.0004797313
  105.6  0.539098904  0.0004722796
  105.866667  0.523027227  0.000463673936
  106.133333  0.510014215  0.000457860956
  106.4  0.495425231  0.000450195779
  106.666667  0.483521033  0.000444405891
  106.933333  0.46980295  0.000436834327
  107.2  0.458211131  0.000431592376
  107.466667  0.446088032  0.000425233298
  107.733333  0.434500583  0.000418791804
  108.  0.423971543  0.000413014012
  108.266667  0.414090813  0.000407384785
  108.533333  0.404271405  0.000402399624
  108.8  0.394636  0.000396596518
  109.066667  0.38571848  0.000391789693
  109.333333  0.376401529  0.000386402724
  109.6  0.368194857  0.000382028097
  109.866667  0.359747958  0.000376915514
  110.133333  0.351758958  0.000372377794
  110.4  0.34474122  0.000368310574
  110.666667  0.33674498  0.000363316822
  110.933333  0.329880463  0.000359414039
  111.2  0.322926486  0.000355558268
  111.466667  0.316286049  0.000351111721
  111.733333  0.3092284  0.000346906289
  112.  0.302812414  0.00034254056
  112.266667  0.297229785  0.000339478558
  112.533333  0.29148039  0.000335780038
  112.8  0.286305497  0.000332837141
  113.066667  0.280562982  0.000329248304
  113.333333  0.27472304  0.00032586475
  113.6  0.269282221  0.000321757145
  113.866667  0.264585997  0.000319118595
  114.133333  0.25984653  0.000315914078
  114.4  0.254744829  0.000312455838
  114.666667  0.250776584  0.000310258841
  114.933333  0.246289548  0.00030753989
  115.2  0.241567255  0.000303811583
  115.466667  0.237032865  0.000300759045
  115.733333  0.232982596  0.000298106804
  116.  0.229158413  0.000295937245
  116.266667  0.225115983  0.000292541975
  116.533333  0.221463057  0.000290325326
  116.8  0.217259573  0.000286712403
  117.066667  0.214545141  0.00028599768
  117.333333  0.21026805  0.000281805595
  117.6  0.206348975  0.000279317386
  117.866667  0.203716367  0.000277919582
  118.133333  0.199995138  0.000274562392
  118.4  0.197093397  0.000273749067
  118.666667  0.194008184  0.000270666573
  118.933333  0.190747405  0.000268520592
  119.2  0.188272429  0.000267134934
  119.466667  0.184973651  0.000264633432
  119.733333  0.182364635  0.000262997413
  120.  0.17941681  0.000260955326
  120.266667  0.176820282  0.000258727394
  120.533333  0.17376156  0.000256684254
  120.8  0.170749733  0.000254178797
  121.066667  0.169123546  0.00025326772
  121.333333  0.166321057  0.000250391808
  121.6  0.163978225  0.000248930778
  121.866667  0.16159125  0.000247193722
  122.133333  0.159581685  0.000245600128
  122.4  0.157063837  0.00024373922
  122.666667  0.154619904  0.000242205767
  122.933333  0.152433787  0.000239761621
  123.2  0.150773367  0.000239969884
  123.466667  0.148316163  0.000237046515
  123.733333  0.146809915  0.000236689819
  124.  0.144344095  0.000234748203
  124.266667  0.142874441  0.000234062843
  124.533333  0.140539288  0.000231397392
  124.8  0.138431859  0.000229720883
  125.066667  0.136335721  0.000228088661
  125.333333  0.134853783  0.000227075798
  125.6  0.133663378  0.000226658077
  125.866667  0.131515584  0.000224382231
  126.133333  0.129550217  0.000223233701
  126.4  0.127682655  0.000221149477
  126.666667  0.126818129  0.000221807377
  126.933333  0.125174286  0.000220410736
  127.2  0.122947361  0.000217356651
  127.466667  0.121879184  0.000217738721
  127.733333  0.120305866  0.000216430948
  128.  0.118835268  0.000215002678
  128.266667  0.117051533  0.000213932649
  128.533333  0.11584664  0.000212955333
  128.8  0.11425988  0.000211742225
  129.066667  0.112994013  0.000210758651
  129.333333  0.111777155  0.000210166362
  129.6  0.109850391  0.000209325459
  129.866667  0.108802831  0.000208440169
  130.133333  0.107809844  0.00020784296
  130.4  0.10652649  0.000206591223
  130.666667  0.105000562  0.000206167216
  130.933333  0.103804791  0.000204789081
  131.2  0.102733061  0.000203636902
  131.466667  0.101558531  0.000202375295
  131.733333  0.100360119  0.000201438508
  132.  0.0991026019  0.000199481956
  132.266667  0.0985974002  0.000199493488
  132.533333  0.0973061808  0.00019789286
  132.8  0.0958214399  0.000195943158
  133.066667  0.0949939166  0.000194807581
  133.333333  0.0938445124  0.000193108152
  133.6  0.0927682062  0.000192398804
  133.866667  0.0914149887  0.000189408752
  134.133333  0.0905969799  0.000189049675
  134.4  0.089364559  0.00018750577
  134.666667  0.0881110082  0.000185438646
  134.933333  0.0875001125  0.000186189011
  135.2  0.0870840405  0.000185571352
  135.466667  0.0858773547  0.00018448488
  135.733333  0.0848113916  0.000181893663
  136.  0.0837924733  0.00018055646
  136.266667  0.0830909514  0.000180473648
  136.533333  0.0819438195  0.00017872643
  136.8  0.0814086892  0.000178131655
  137.066667  0.0804456322  0.000176531097
  137.333333  0.0797315159  0.000176453952
  137.6  0.078807767  0.00017436236
  137.866667  0.0781290896  0.000174158882
  138.133333  0.0771313791  0.000172888057
  138.4  0.076493653  0.000171907896
  138.666667  0.0755719536  0.000170575593
  138.933333  0.0750906091  0.000170552305
  139.2  0.0741494692  0.000169170885
  139.466667  0.0733280478  0.000168369367
  139.733333  0.0727907362  0.000167040854
