  100.  1.24085851  0.00205312271
  100.266667  1.1837344  0.00198159962
  100.533333  1.12881719  0.00191273766
  100.8  1.07950009  0.00185025076
  101.066667  1.03557961  0.00179121916
  101.333333  0.990422031  0.00173285839
  101.6  0.951014147  0.00167998922
  101.866667  0.913974375  0.00162909787
  102.133333  0.880133158  0.00158291934
  102.4  0.846468851  0.00153748416
  102.666667  0.81626243  0.00149405256
  102.933333  0.78291994  0.00144812931
  103.2  0.758686201  0.0014140967
  103.466667  0.732044644  0.00137361496
  103.733333  0.707480218  0.00133897878
  104.  0.684472645  0.00130497476
  104.266667  0.662604631  0.00127372925
  104.533333  0.64032762  0.00124006607
  104.8  0.621731864  0.00121239059
  105.066667  0.60189916  0.00118253879
  105.333333  0.582761217  0.00115377821
  105.6  0.567358039  0.00113013041
  105.866667  0.549083736  0.00110263782
  106.133333  0.535040728  0.00107987396
  106.4  0.518880299  0.0010550801
  106.666667  0.504590752  0.0010325137
  106.933333  0.49197013  0.00101292247
  107.2  0.480681142  0.000995211269
  107.466667  0.465242901  0.00097066272
  107.733333  0.456004034  0.000955321927
  108.  0.441100168  0.000932115145
  108.266667  0.431240113  0.000916617274
  108.533333  0.419472811  0.000897334195
  108.8  0.410443998  0.000882255985
  109.066667  0.400377714  0.000865742474
  109.333333  0.391317422  0.000850644543
  109.6  0.383074458  0.000836804604
  109.866667  0.37228006  0.000819418742
  110.133333  0.364195714  0.000805978498
  110.4  0.357775132  0.000794337615
  110.666667  0.347903699  0.000778652832
  110.933333  0.341183512  0.00076693556
  111.2  0.334647248  0.000755259043
  111.466667  0.326032631  0.000741468113
  111.733333  0.321235264  0.000731762384
  112.  0.312769526  0.000718529004
  112.266667  0.307627215  0.000709450908
  112.533333  0.300842682  0.000697490935
  112.8  0.293194341  0.000685078666
  113.066667  0.28888345  0.000677426297
  113.333333  0.283223296  0.00066683447
  113.6  0.276669715  0.000655582149
  113.866667  0.271761404  0.00064682414
  114.133333  0.265663224  0.000636705441
  114.4  0.260219705  0.000626780523
  114.666667  0.256155311  0.000619725324
  114.933333  0.251918787  0.000611672561
  115.2  0.248737197  0.000605649857
  115.466667  0.243928921  0.000597364674
  115.733333  0.238687808  0.000588723763
  116.  0.234284804  0.000580011196
  116.266667  0.230815999  0.000573557755
  116.533333  0.226322582  0.000565839062
  116.8  0.223658207  0.000560453628
  117.066667  0.218849736  0.000551900009
  117.333333  0.215403942  0.000545343819
  117.6  0.211246237  0.000538234581
  117.866667  0.207855833  0.000532132467
  118.133333  0.204813486  0.000526024691
  118.4  0.201577526  0.000520130207
  118.666667  0.198705441  0.00051481327
  118.933333  0.194098794  0.000505993144
  119.2  0.191433926  0.000501003436
  119.466667  0.188715926  0.000496249517
  119.733333  0.185558663  0.000490410018
  120.  0.183128201  0.000485384974
  120.266667  0.18065445  0.000480395248
  120.533333  0.176520683  0.000473335662
  120.8  0.174539626  0.000469649941
  121.066667  0.171792848  0.000464359234
  121.333333  0.169378955  0.000459846534
  121.6  0.166965929  0.000454449727
  121.866667  0.164207432  0.00044915932
  122.133333  0.161500106  0.000444425268
  122.4  0.159434427  0.000440093702
  122.666667  0.157144144  0.000435696412
  122.933333  0.154451503  0.000430281566
  123.2  0.152887956  0.000427430778
  123.466667  0.150455588  0.000422417855
  123.733333  0.149164665  0.000419734805
  124.  0.146200271  0.000414614812
  124.266667  0.144277648  0.000410598107
  124.533333  0.141815107  0.00040574121
  124.8  0.1404427  0.000402455443
  125.066667  0.138482913  0.000398881594
  125.333333  0.136652218  0.000395352412
  125.6  0.135046783  0.000392099909
  125.866667  0.132806864  0.000387315837
  126.133333  0.131310975  0.000384674995
  126.4  0.130114733  0.000381791666
  126.666667  0.127258824  0.000376553657
  126.933333  0.126310657  0.000373900517
  127.2  0.123945355  0.000369499465
  127.466667  0.122939774  0.000367125995
  127.733333  0.121134198  0.000363855808
  128.  0.119838253  0.000360914878
  128.266667  0.118598717  0.000358560063
  128.533333  0.11722691  0.00035536539
  128.8  0.115114237  0.000351110539
  129.066667  0.113781375  0.000348211431
  129.333333  0.112956858  0.000346510655
  129.6  0.111278414  0.000342962164
  129.866667  0.110138443  0.000340712829
  130.133333  0.108509047  0.000337385121
  130.4  0.10702579  0.00033466854
  130.666667  0.10574442  0.00033150082
  130.933333  0.104722599  0.000329195968
  131.2  0.10380832  0.000327496357
  131.466667  0.101978102  0.000322978017
  131.733333  0.101340306  0.000321972073
  132.  0.0991100065  0.000317461573
  132.266667  0.0984610377  0.000316187712
  132.533333  0.0977399658  0.000314294835
  132.8  0.0965531044  0.000311655462
  133.066667  0.0955190944  0.000309447213
  133.333333  0.094150975  0.000306528704
  133.6  0.0928945336  0.00030353612
  133.866667  0.0926344221  0.000303478344
  134.133333  0.0911585158  0.000299899103
  134.4  0.0900463506  0.000297431112
  134.666667  0.0891585876  0.000295545145
  134.933333  0.0880475943  0.000293328147
  135.2  0.0870860768  0.000291130196
  135.466667  0.0862666313  0.000289054686
  135.733333  0.0850977847  0.000286381803
  136.  0.0844377411  0.000285371778
  136.266667  0.0831955184  0.000282403063
  136.533333  0.082442252  0.000280960025
  136.8  0.0818047106  0.000279257274
  137.066667  0.0805539921  0.000276291436
  137.333333  0.0800510071  0.000275405371
  137.6  0.079132149  0.000272607265
  137.866667  0.0783405497  0.000271143515
  138.133333  0.0774926349  0.000269179149
  138.4  0.0764799036  0.000266903168
  138.666667  0.0758486501  0.000265552631
  138.933333  0.0748434448  0.000263163923
  139.2  0.0747067163  0.00026310654
  139.466667  0.0736017207  0.000260413245
  139.733333  0.072635459  0.000258140868
