 -2.5  91.4520629  0.0743797601
 -2.46666667  93.1441176  0.0750444109
 -2.43333333  94.7873765  0.0756792401
 -2.4  96.5503591  0.0763370966
 -2.36666667  98.1758728  0.0769411578
 -2.33333333  99.8355976  0.0775326715
 -2.3  101.292082  0.0780127332
 -2.26666667  103.102614  0.0786481603
 -2.23333333  104.760748  0.0791971469
 -2.2  106.261011  0.0796702547
 -2.16666667  107.96039  0.0802041635
 -2.13333333  109.673479  0.0807264419
 -2.1  111.369136  0.0812316383
 -2.06666667  113.000603  0.0817117255
 -2.03333333  114.745268  0.0822028544
 -2.  116.220757  0.0825663763
 -1.96666667  117.94408  0.0830351019
 -1.93333333  119.557635  0.0834256844
 -1.9  121.278186  0.0838646939
 -1.86666667  122.901017  0.0842205715
 -1.83333333  124.45393  0.0845555197
 -1.8  126.167072  0.0849359937
 -1.76666667  127.817915  0.085273576
 -1.73333333  129.426255  0.0855750238
 -1.7  131.207575  0.0859724395
 -1.66666667  132.733406  0.086215506
 -1.63333333  134.325031  0.0864842612
 -1.6  136.043225  0.0867863435
 -1.56666667  137.56862  0.087005661
 -1.53333333  139.18003  0.0872490711
 -1.5  140.735267  0.0874702246
 -1.46666667  142.314501  0.0876831268
 -1.43333333  143.852728  0.0878802447
 -1.4  145.495733  0.0881001114
 -1.36666667  146.902093  0.0882243611
 -1.33333333  148.578227  0.088452224
 -1.3  150.166506  0.088641504
 -1.26666667  151.59405  0.0887661648
 -1.23333333  153.007663  0.0889055658
 -1.2  154.558496  0.0890547206
 -1.16666667  155.981856  0.0891633563
 -1.13333333  157.355784  0.0892772749
 -1.1  158.967366  0.0894348886
 -1.06666667  160.320239  0.0895651641
 -1.03333333  161.580881  0.0896358096
 -1.  163.031704  0.0897520006
 -0.966666667  164.345331  0.0899036813
 -0.933333333  165.706962  0.0900038911
 -0.9  166.895071  0.0900594267
 -0.866666667  168.236723  0.0902018135
 -0.833333333  169.437028  0.0903044351
 -0.8  170.726556  0.0904174226
 -0.766666667  172.077122  0.0906097056
 -0.733333333  173.050278  0.0906120558
 -0.7  174.18642  0.0907491778
 -0.666666667  175.436363  0.090888427
 -0.633333333  176.570542  0.0910383583
 -0.6  177.749004  0.0911843789
 -0.566666667  178.911853  0.0913441597
 -0.533333333  179.768557  0.0914419
 -0.5  180.868219  0.0915989394
 -0.466666667  181.735645  0.091734686
 -0.433333333  182.438846  0.091803599
 -0.4  183.038534  0.0918432915
 -0.366666667  183.376839  0.0917870786
 -0.333333333  184.023149  0.0918691815
 -0.3  184.258003  0.0918584217
 -0.266666667  184.675269  0.0918707889
 -0.233333333  185.058994  0.0919060571
 -0.2  185.28765  0.0918928796
 -0.166666667  185.417559  0.0918694542
 -0.133333333  185.607769  0.0918628482
 -0.1  185.694565  0.0918809963
 -0.0666666667  185.867893  0.0919024026
 -0.0333333333  185.847498  0.0918444591
 -9.41900637E-19  185.961481  0.0918883862
  0.0333333333  185.932343  0.0919054268
  0.0666666667  185.668063  0.0918559183
  0.1  185.567348  0.0918733028
  0.133333333  185.496734  0.0918937188
  0.166666667  185.269905  0.0918655966
  0.2  184.952479  0.0918784017
  0.233333333  184.667396  0.0918677095
  0.266666667  184.268896  0.0918617363
  0.3  184.142142  0.0919117465
  0.333333333  183.576857  0.0918547764
  0.366666667  183.03763  0.0918370239
  0.4  182.475481  0.0918092873
  0.433333333  181.63552  0.0917084173
  0.466666667  180.761418  0.0915943202
  0.5  179.76105  0.0914435626
  0.533333333  178.642133  0.0912725266
  0.566666667  177.575332  0.0911312796
  0.6  176.636925  0.0910470497
  0.633333333  175.563039  0.0909361291
  0.666666667  174.378786  0.0908139458
  0.7  173.298058  0.0907109739
  0.733333333  172.115288  0.0906072358
  0.766666667  170.80099  0.0904593106
  0.8  169.688667  0.0903809677
  0.833333333  168.161729  0.0901789717
  0.866666667  167.00719  0.0900978818
  0.9  165.649556  0.0899706135
  0.933333333  164.247916  0.0898510076
  0.966666667  163.081575  0.0898018284
  1.  161.630293  0.0896710301
  1.03333333  160.445081  0.0896050153
  1.06666667  158.950888  0.0894414092
  1.1  157.596616  0.08936215
  1.13333333  156.088504  0.089203361
  1.16666667  154.633879  0.0890768597
  1.2  153.001811  0.0888741708
  1.23333333  151.480998  0.0887356761
  1.26666667  150.153832  0.0886462763
  1.3  148.541156  0.0884387672
  1.33333333  146.987226  0.0882597401
  1.36666667  145.494156  0.0880872628
  1.4  143.907624  0.0879049779
  1.43333333  142.376953  0.0877207244
  1.46666667  140.659782  0.0874267363
  1.5  139.277983  0.0872996333
  1.53333333  137.539335  0.0870057246
  1.56666667  135.893479  0.0867383552
  1.6  134.300107  0.0864730446
  1.63333333  132.687281  0.0861997597
  1.66666667  131.156609  0.0859395285
  1.7  129.530538  0.0856427121
  1.73333333  127.86185  0.0852933586
  1.76666667  126.288961  0.0849789245
  1.8  124.561492  0.0846014177
  1.83333333  122.867084  0.0842029226
  1.86666667  121.356565  0.0838836489
  1.9  119.585761  0.0834427306
  1.93333333  117.871361  0.0830034608
  1.96666667  116.280308  0.0826115938
  2.  114.632524  0.0821480014
  2.03333333  112.959296  0.0816795028
  2.06666667  111.391956  0.0812589359
  2.1  109.637108  0.0807078772
  2.13333333  108.05361  0.0802401245
  2.16666667  106.426165  0.0797319304
  2.2  104.651414  0.0791424364
  2.23333333  102.943087  0.0785720357
  2.26666667  101.215452  0.0779835131
  2.3  99.819766  0.0775135087
  2.33333333  98.1568012  0.0769264033
  2.36666667  96.4714968  0.0762881312
  2.4  94.8381014  0.0756886914
  2.43333333  93.14499  0.0750266547
  2.46666667  91.4185147  0.0743616029
