  200.  0.00390621339  1.21805675E-06
  205.  0.00349386321  1.14221506E-06
  210.  0.0031338841  1.07201851E-06
  215.  0.00281809215  1.00687122E-06
  220.  0.00254368889  9.49010554E-07
  225.  0.0022996775  8.94297914E-07
  230.  0.00208188129  8.4280714E-07
  235.  0.00188911879  7.96058496E-07
  240.  0.00171784654  7.52288704E-07
  245.  0.00156545219  7.11807795E-07
  250.  0.00142661418  6.72872762E-07
  255.  0.0013037157  6.37346289E-07
  260.  0.00119294584  6.0397531E-07
  265.  0.00109195227  5.72686162E-07
  270.  0.00100177268  5.43186069E-07
  275.  0.000921039072  5.16080014E-07
  280.  0.000847397543  4.9022627E-07
  285.  0.000779521267  4.66093053E-07
  290.  0.000718779797  4.42875309E-07
  295.  0.000663446095  4.2144444E-07
  300.  0.00061207885  4.01277543E-07
  305.  0.000565825414  3.81727678E-07
  310.  0.0005235548  3.63759216E-07
  315.  0.00048498036  3.46777574E-07
  320.  0.000448954626  3.30292053E-07
  325.  0.000416675918  3.14695642E-07
  330.  0.000386309381  3.0003354E-07
  335.  0.000358725218  2.86439288E-07
  340.  0.000333540929  2.73706781E-07
  345.  0.000310088842  2.61275507E-07
  350.  0.000288117059  2.49002641E-07
  355.  0.000268540736  2.38164517E-07
  360.  0.000250383852  2.27342143E-07
  365.  0.000232962193  2.16822754E-07
  370.  0.000217374287  2.07353476E-07
  375.  0.000202992819  1.98239173E-07
  380.  0.000189778991  1.89598205E-07
  385.  0.000177346909  1.813415E-07
  390.  0.000165587064  1.73183907E-07
  395.  0.000154956039  1.65889503E-07
  400.  0.000144846009  1.58331094E-07
  405.  0.000135905297  1.51959213E-07
  410.  0.000126820331  1.44710803E-07
  415.  0.000118917241  1.38554243E-07
  420.  0.000111411366  1.32438908E-07
  425.  0.000104549425  1.27182182E-07
  430.  9.78762025E-05  1.21461249E-07
  435.  9.18975645E-05  1.16115338E-07
  440.  8.62993434E-05  1.11436646E-07
  445.  8.07889363E-05  1.06532391E-07
  450.  7.58252463E-05  1.01658678E-07
  455.  7.1095213E-05  9.72898036E-08
  460.  6.68794268E-05  9.34593465E-08
  465.  6.29185494E-05  8.95621452E-08
  470.  5.91887934E-05  8.57669508E-08
  475.  5.56206659E-05  8.20162672E-08
  480.  5.21435989E-05  7.83509998E-08
  485.  4.91499827E-05  7.52347571E-08
  490.  4.62166424E-05  7.19710423E-08
  495.  4.3540415E-05  6.91234746E-08
  500.  4.09043087E-05  6.61256102E-08
  505.  3.86789081E-05  6.36529019E-08
  510.  3.62504615E-05  6.06403118E-08
  515.  3.41193373E-05  5.78471283E-08
  520.  3.20680124E-05  5.55024719E-08
  525.  3.01463075E-05  5.29022963E-08
  530.  2.84615548E-05  5.07828041E-08
  535.  2.68413903E-05  4.87557664E-08
  540.  2.53681321E-05  4.68646235E-08
  545.  2.38731279E-05  4.48437866E-08
  550.  2.2431058E-05  4.26438907E-08
  555.  2.11105322E-05  4.09081637E-08
  560.  1.99016384E-05  3.93017692E-08
  565.  1.88082902E-05  3.76210449E-08
  570.  1.76990454E-05  3.59612891E-08
  575.  1.67295305E-05  3.44581034E-08
  580.  1.57642982E-05  3.29814969E-08
  585.  1.48695945E-05  3.16260479E-08
  590.  1.39575966E-05  3.0003552E-08
  595.  1.3217754E-05  2.90065388E-08
  600.  1.25105761E-05  2.78276431E-08
  605.  1.17601545E-05  2.645705E-08
  610.  1.11333034E-05  2.54700001E-08
  615.  1.04428991E-05  2.41936728E-08
  620.  9.89013904E-06  2.32712859E-08
  625.  9.30925408E-06  2.21927699E-08
  630.  8.81796646E-06  2.13894512E-08
  635.  8.32680592E-06  2.04586847E-08
  640.  7.86134189E-06  1.95421142E-08
  645.  7.39021596E-06  1.86110189E-08
  650.  6.98005339E-06  1.79071879E-08
  655.  6.57279009E-06  1.69828212E-08
  660.  6.19589203E-06  1.6287482E-08
  665.  5.87305754E-06  1.56466296E-08
  670.  5.53337078E-06  1.48950765E-08
  675.  5.22173946E-06  1.4219336E-08
  680.  4.94800319E-06  1.36943408E-08
  685.  4.64191069E-06  1.29469733E-08
  690.  4.38561014E-06  1.24520291E-08
  695.  4.14331852E-06  1.18747382E-08
  700.  3.904021E-06  1.13433114E-08
  705.  3.67045528E-06  1.08006264E-08
  710.  3.48901525E-06  1.03762088E-08
  715.  3.31129919E-06  9.98120464E-09
  720.  3.1018721E-06  9.4912572E-09
  725.  2.9262223E-06  9.05515415E-09
  730.  2.7626283E-06  8.65827419E-09
  735.  2.60989935E-06  8.25004155E-09
  740.  2.46188731E-06  7.88171289E-09
  745.  2.3210489E-06  7.55350617E-09
  750.  2.18572147E-06  7.15307031E-09
  755.  2.08015032E-06  6.92007433E-09
  760.  1.95508365E-06  6.591242E-09
  765.  1.84548228E-06  6.25550114E-09
  770.  1.74152647E-06  5.98187867E-09
  775.  1.6478467E-06  5.73629002E-09
  780.  1.54135087E-06  5.41149919E-09
  785.  1.46170767E-06  5.2030321E-09
  790.  1.37891211E-06  4.95488668E-09
  795.  1.29619009E-06  4.68775773E-09
  800.  1.22467114E-06  4.50677083E-09
  805.  1.15794771E-06  4.30055843E-09
  810.  1.08614539E-06  4.09830752E-09
  815.  1.0287662E-06  3.89756799E-09
  820.  9.66802137E-07  3.70535846E-09
  825.  9.10021572E-07  3.52184607E-09
  830.  8.55788605E-07  3.35396735E-09
  835.  8.14288548E-07  3.21005918E-09
  840.  7.65093538E-07  3.0558783E-09
  845.  7.21253564E-07  2.93029554E-09
  850.  6.80194428E-07  2.78468868E-09
  855.  6.3840675E-07  2.63179265E-09
  860.  6.03049588E-07  2.50940203E-09
  865.  5.69181583E-07  2.38654004E-09
  870.  5.33405532E-07  2.26518518E-09
  875.  5.05011466E-07  2.17313955E-09
  880.  4.76666952E-07  2.06974436E-09
  885.  4.46666883E-07  1.95150163E-09
  890.  4.17810362E-07  1.84029822E-09
  895.  3.93093094E-07  1.75695375E-09
  900.  3.72371752E-07  1.68503869E-09
  905.  3.51248656E-07  1.59548569E-09
  910.  3.28156499E-07  1.50506289E-09
  915.  3.0963915E-07  1.43024777E-09
  920.  2.92377461E-07  1.36512973E-09
  925.  2.74651308E-07  1.30002975E-09
  930.  2.5690957E-07  1.22746161E-09
  935.  2.41266519E-07  1.16548639E-09
  940.  2.26564465E-07  1.10446195E-09
  945.  2.13843103E-07  1.04745423E-09
