 -2.5  0.00396946206  1.81484211E-05
 -2.46666667  0.0043346247  1.9185035E-05
 -2.43333333  0.00460983328  1.99533108E-05
 -2.4  0.00484862537  2.05531844E-05
 -2.36666667  0.00510918142  2.12591051E-05
 -2.33333333  0.00531235257  2.17447873E-05
 -2.3  0.00559200572  2.2524451E-05
 -2.26666667  0.00581199085  2.30124562E-05
 -2.23333333  0.00604742586  2.37316702E-05
 -2.2  0.00626329589  2.41977105E-05
 -2.16666667  0.0065916629  2.50415427E-05
 -2.13333333  0.00682084117  2.54718929E-05
 -2.1  0.00708650572  2.6129673E-05
 -2.06666667  0.00734851262  2.67424916E-05
 -2.03333333  0.00763865744  2.73416831E-05
 -2.  0.00793071572  2.80988176E-05
 -1.96666667  0.00824746  2.86470754E-05
 -1.93333333  0.00851897225  2.93460683E-05
 -1.9  0.00885385677  2.99761107E-05
 -1.86666667  0.0091475575  3.05710015E-05
 -1.83333333  0.00948746898  3.12539152E-05
 -1.8  0.00981786109  3.19246929E-05
 -1.76666667  0.0100951382  3.24203328E-05
 -1.73333333  0.0104067154  3.29662516E-05
 -1.7  0.0107779108  3.37110439E-05
 -1.66666667  0.0110650769  3.41485395E-05
 -1.63333333  0.0113546933  3.46522366E-05
 -1.6  0.0117212735  3.52943569E-05
 -1.56666667  0.0120829383  3.59221972E-05
 -1.53333333  0.012414228  3.64432973E-05
 -1.5  0.0127200222  3.69215915E-05
 -1.46666667  0.0130700165  3.75275E-05
 -1.43333333  0.0133881342  3.79975873E-05
 -1.4  0.0136826025  3.85335916E-05
 -1.36666667  0.0140235762  3.9019544E-05
 -1.33333333  0.0143613321  3.95263698E-05
 -1.3  0.0147552507  4.01181024E-05
 -1.26666667  0.0149780737  4.03639552E-05
 -1.23333333  0.0152348482  4.07164388E-05
 -1.2  0.0155827083  4.12329381E-05
 -1.16666667  0.0159301591  4.17419398E-05
 -1.13333333  0.0161896341  4.20485641E-05
 -1.1  0.0164765808  4.24165178E-05
 -1.06666667  0.0168315214  4.28951433E-05
 -1.03333333  0.0170842094  4.33134513E-05
 -1.  0.0173693326  4.36338303E-05
 -0.966666667  0.017581253  4.38808488E-05
 -0.933333333  0.0178710557  4.43386986E-05
 -0.9  0.0180714994  4.45118384E-05
 -0.866666667  0.0182999433  4.47803263E-05
 -0.833333333  0.0185153535  4.51487843E-05
 -0.8  0.0186970443  4.52100201E-05
 -0.766666667  0.0189850247  4.57030537E-05
 -0.733333333  0.0191723532  4.60042128E-05
 -0.7  0.0193120694  4.614191E-05
 -0.666666667  0.0194745044  4.61979721E-05
 -0.633333333  0.0196338072  4.64225928E-05
 -0.6  0.0197804753  4.66778457E-05
 -0.566666667  0.0199880464  4.70059482E-05
 -0.533333333  0.0201901814  4.72870285E-05
 -0.5  0.0202780919  4.71776159E-05
 -0.466666667  0.0203955392  4.7398918E-05
 -0.433333333  0.0204494914  4.74739473E-05
 -0.4  0.0205573578  4.76489741E-05
 -0.366666667  0.0206218109  4.76868546E-05
 -0.333333333  0.0207503355  4.7821951E-05
 -0.3  0.0207936294  4.79476582E-05
 -0.266666667  0.0207331948  4.78262453E-05
 -0.233333333  0.0208636082  4.79306751E-05
 -0.2  0.0209214391  4.80304863E-05
 -0.166666667  0.020942567  4.81191864E-05
 -0.133333333  0.0210201407  4.81419833E-05
 -0.1  0.021088589  4.82749373E-05
 -0.0666666667  0.0209931308  4.81798677E-05
 -0.0333333333  0.0210721253  4.8258292E-05
 -9.41900637E-19  0.0210496428  4.82435615E-05
  0.0333333333  0.0210329095  4.80901907E-05
  0.0666666667  0.0210076734  4.81986221E-05
  0.1  0.0210330129  4.82136017E-05
  0.133333333  0.0210184793  4.8245006E-05
  0.166666667  0.0209909688  4.81071077E-05
  0.2  0.0209289561  4.8040617E-05
  0.233333333  0.0208139555  4.79263999E-05
  0.266666667  0.0207487232  4.775208E-05
  0.3  0.0206881774  4.78053722E-05
  0.333333333  0.0206207743  4.7750471E-05
  0.366666667  0.0204576524  4.7442789E-05
  0.4  0.0203884672  4.73171007E-05
  0.433333333  0.0203964626  4.74111361E-05
  0.466666667  0.020233462  4.72830136E-05
  0.5  0.0200548024  4.69822918E-05
  0.533333333  0.0199050366  4.6837872E-05
  0.566666667  0.0197752408  4.66386975E-05
  0.6  0.0197077464  4.65332194E-05
  0.633333333  0.0194938813  4.62890759E-05
  0.666666667  0.019274879  4.60604181E-05
  0.7  0.0191114412  4.58627157E-05
  0.733333333  0.0189996346  4.5784906E-05
  0.766666667  0.0186842217  4.52998228E-05
  0.8  0.0184819116  4.50341253E-05
  0.833333333  0.0183102191  4.48532436E-05
  0.866666667  0.0180427847  4.44767251E-05
  0.9  0.0178376766  4.42469626E-05
  0.933333333  0.0176128967  4.39373858E-05
  0.966666667  0.0173394226  4.37047465E-05
  1.  0.0170401891  4.3135919E-05
  1.03333333  0.0168206251  4.29556757E-05
  1.06666667  0.0164549339  4.2329507E-05
  1.1  0.0163488722  4.23644095E-05
  1.13333333  0.0159825832  4.18466544E-05
  1.16666667  0.0156602772  4.13392685E-05
  1.2  0.015297476  4.08100802E-05
  1.23333333  0.0150391666  4.05059369E-05
  1.26666667  0.0147625276  4.01471399E-05
  1.3  0.0143909665  3.95311082E-05
  1.33333333  0.0140769012  3.90775482E-05
  1.36666667  0.0136874613  3.84249893E-05
  1.4  0.0134324245  3.81668299E-05
  1.43333333  0.013148622  3.76869128E-05
  1.46666667  0.0127536605  3.70718635E-05
  1.5  0.012434054  3.65765431E-05
  1.53333333  0.01206191  3.5967675E-05
  1.56666667  0.0117362907  3.53316918E-05
  1.6  0.0114517639  3.48767458E-05
  1.63333333  0.0111224753  3.42712125E-05
  1.66666667  0.0107230952  3.35054702E-05
  1.7  0.0103687907  3.28962235E-05
  1.73333333  0.0100525768  3.22759796E-05
  1.76666667  0.00971680324  3.16646674E-05
  1.8  0.00945025228  3.11233495E-05
  1.83333333  0.00915222947  3.05710076E-05
  1.86666667  0.00880914337  2.98256791E-05
  1.9  0.00853478664  2.92923287E-05
  1.93333333  0.00824219062  2.86395075E-05
  1.96666667  0.00793541657  2.80624299E-05
  2.  0.0076774959  2.75080158E-05
  2.03333333  0.00735311451  2.66968709E-05
  2.06666667  0.00709817252  2.61949302E-05
  2.1  0.00681289097  2.55198891E-05
  2.13333333  0.00655203663  2.49147658E-05
  2.16666667  0.00630435442  2.43129329E-05
  2.2  0.00604219146  2.36340086E-05
  2.23333333  0.0057922353  2.30510712E-05
  2.26666667  0.00557806575  2.25504286E-05
  2.3  0.00535418862  2.18883021E-05
  2.33333333  0.00509289733  2.12090648E-05
  2.36666667  0.00488122316  2.06168713E-05
  2.4  0.00460302418  1.99308835E-05
  2.43333333  0.00436425273  1.91577238E-05
  2.46666667  0.00396952304  1.81409456E-05
