  20.  0.000152981617  1.05705356E-06
  20.5  0.000184416913  1.17576454E-06
  21.  0.000212101665  1.25612157E-06
  21.5  0.000237486632  1.32165296E-06
  22.  0.000265466788  1.40463538E-06
  22.5  0.000296755464  1.48484203E-06
  23.  0.000321327261  1.53166113E-06
  23.5  0.000351350286  1.60494807E-06
  24.  0.000381514937  1.67426141E-06
  24.5  0.000412300426  1.74079333E-06
  25.  0.000441962898  1.79612688E-06
  25.5  0.000474515025  1.85754813E-06
  26.  0.000500818774  1.89979115E-06
  26.5  0.0005341963  1.9593184E-06
  27.  0.000568448065  2.02789451E-06
  27.5  0.000603091188  2.08616732E-06
  28.  0.000635587089  2.12956785E-06
  28.5  0.000667499502  2.18150595E-06
  29.  0.000702273245  2.2381829E-06
  29.5  0.000735470487  2.29043238E-06
  30.  0.000770524785  2.34032614E-06
  30.5  0.000809140467  2.39316541E-06
  31.  0.000842930876  2.43433679E-06
  31.5  0.00087590912  2.48191185E-06
  32.  0.000913483228  2.53151026E-06
  32.5  0.000945344179  2.5635131E-06
  33.  0.000975723246  2.59757645E-06
  33.5  0.00101759308  2.65594235E-06
  34.  0.00105538416  2.70557808E-06
  34.5  0.00109215106  2.74417997E-06
  35.  0.00112332736  2.77439926E-06
  35.5  0.00116272709  2.82781792E-06
  36.  0.00119606693  2.85470004E-06
  36.5  0.00123677852  2.90310407E-06
  37.  0.00126560383  2.92859995E-06
  37.5  0.00130598758  2.97321476E-06
  38.  0.00134025219  2.99849107E-06
  38.5  0.00138163441  3.04374912E-06
  39.  0.00141861558  3.07420891E-06
  39.5  0.00145317135  3.1118003E-06
  40.  0.00149459664  3.1527296E-06
  40.5  0.00152201288  3.16807453E-06
  41.  0.00156261493  3.21027566E-06
  41.5  0.0016042248  3.24267457E-06
  42.  0.00164334204  3.27914676E-06
  42.5  0.00167623976  3.30017532E-06
  43.  0.00171424919  3.33521708E-06
  43.5  0.00174660354  3.35585487E-06
  44.  0.00179849277  3.40847141E-06
  44.5  0.00183081816  3.43573212E-06
  45.  0.00186605128  3.45343882E-06
  45.5  0.00190439823  3.48851354E-06
  46.  0.00193623246  3.50351316E-06
  46.5  0.00197776667  3.53179828E-06
  47.  0.00201758071  3.56330872E-06
  47.5  0.00205130162  3.57974345E-06
  48.  0.00209836071  3.6267628E-06
  48.5  0.00213105729  3.64299728E-06
  49.  0.00216409724  3.66001113E-06
  49.5  0.00220819908  3.69435892E-06
  50.  0.00223823653  3.70358662E-06
  50.5  0.00228215377  3.74144625E-06
  51.  0.00231848049  3.75848321E-06
  51.5  0.00235308045  3.78219674E-06
  52.  0.00239784953  3.8071604E-06
  52.5  0.00242438006  3.81621362E-06
  53.  0.00247409807  3.855199E-06
  53.5  0.00250212305  3.86524776E-06
  54.  0.00254653386  3.89552821E-06
  54.5  0.00257961306  3.90674764E-06
  55.  0.00261881916  3.93019213E-06
  55.5  0.00265560459  3.9520309E-06
  56.  0.00270271655  3.980633E-06
  56.5  0.00273799136  3.99999261E-06
  57.  0.00276537365  3.99940337E-06
  57.5  0.00280882798  4.02868231E-06
  58.  0.00284555321  4.04428654E-06
  58.5  0.00288213376  4.06123513E-06
  59.  0.00292275398  4.08715458E-06
  59.5  0.00296584675  4.10722064E-06
  60.  0.00300093126  4.1207629E-06
  60.5  0.0030395772  4.13503019E-06
  61.  0.00307868177  4.15723364E-06
  61.5  0.00310466666  4.15507339E-06
  62.  0.00315779772  4.19400642E-06
  62.5  0.00318826759  4.20097238E-06
  63.  0.00323096611  4.2256602E-06
  63.5  0.00327197835  4.23882583E-06
  64.  0.00331104731  4.2578225E-06
  64.5  0.00334769554  4.26703712E-06
  65.  0.00338621108  4.28209259E-06
  65.5  0.00343263303  4.30579327E-06
  66.  0.00346383178  4.30887407E-06
  66.5  0.00350263567  4.32113799E-06
  67.  0.00354470657  4.3356019E-06
  67.5  0.00359104294  4.36203112E-06
  68.  0.00362765125  4.37415332E-06
  68.5  0.00367150962  4.39235283E-06
  69.  0.00371203709  4.40407222E-06
  69.5  0.00374614124  4.40287364E-06
  70.  0.00379942129  4.43917432E-06
  70.5  0.00384063988  4.44828926E-06
  71.  0.00387533744  4.45307418E-06
  71.5  0.00392705762  4.47596298E-06
  72.  0.00396088373  4.47967301E-06
  72.5  0.00400698144  4.49536038E-06
  73.  0.00405930258  4.5135148E-06
  73.5  0.00410193433  4.52952257E-06
  74.  0.00414977341  4.54102908E-06
  74.5  0.00419354543  4.55505685E-06
  75.  0.00424945761  4.57570177E-06
  75.5  0.00428755928  4.57346685E-06
  76.  0.00433921425  4.58577913E-06
  76.5  0.00439333157  4.6088416E-06
  77.  0.00444650793  4.62563169E-06
  77.5  0.00449089521  4.62763272E-06
  78.  0.00455334987  4.651112E-06
  78.5  0.00461057775  4.6619451E-06
  79.  0.00465797618  4.66657143E-06
  79.5  0.0047327311  4.69363905E-06
  80.  0.00479004472  4.71069386E-06
  80.5  0.00485334814  4.72089362E-06
  81.  0.00491962579  4.74032257E-06
  81.5  0.00499100403  4.75590352E-06
  82.  0.00505497539  4.76523881E-06
  82.5  0.00513077541  4.78431644E-06
  83.  0.00520722943  4.79603573E-06
  83.5  0.00528238275  4.80300349E-06
  84.  0.00537184824  4.82497576E-06
  84.5  0.00546538914  4.84357194E-06
  85.  0.00556555997  4.86405557E-06
  85.5  0.00567350011  4.88947821E-06
  86.  0.00580156472  4.92176621E-06
  86.5  0.00592188571  4.93162886E-06
  87.  0.00607338274  4.96730296E-06
  87.5  0.00623425215  4.99540909E-06
  88.  0.00642721948  5.02811216E-06
  88.5  0.00666728464  5.08115597E-06
  89.  0.00696788216  5.13494843E-06
  89.5  0.00746501747  5.22284389E-06
  90.  0.00803710487  5.32156352E-06
  90.5  0.00790205394  5.27070434E-06
  91.  0.00774225928  5.22067035E-06
  91.5  0.00759152287  5.17150749E-06
  92.  0.00742537595  5.11566549E-06
  92.5  0.00726205611  5.05288426E-06
  93.  0.00708569551  4.97963541E-06
  93.5  0.00693834164  4.93078066E-06
  94.  0.00677113738  4.85701922E-06
  94.5  0.00663525169  4.8074577E-06
