  40.  6.21893896E-05  4.36943036E-07
  41.  8.19813461E-05  5.26996992E-07
  42.  9.69243304E-05  5.81672477E-07
  43.  0.000111026134  6.29712624E-07
  44.  0.000125403633  6.73018554E-07
  45.  0.000140017216  7.09754318E-07
  46.  0.000155166876  7.49151085E-07
  47.  0.000170300915  7.8583192E-07
  48.  0.000186092514  8.23236918E-07
  49.  0.000198688407  8.44837732E-07
  50.  0.000216474443  8.86393222E-07
  51.  0.000232678186  9.16488011E-07
  52.  0.000246576585  9.39462764E-07
  53.  0.000262153448  9.69244941E-07
  54.  0.000279826427  1.00369275E-06
  55.  0.000297675311  1.03556207E-06
  56.  0.000313731528  1.06154374E-06
  57.  0.000328981182  1.08115802E-06
  58.  0.00034835325  1.11668422E-06
  59.  0.000362567474  1.13143472E-06
  60.  0.000382089863  1.16734901E-06
  61.  0.000400526588  1.19265064E-06
  62.  0.000417108511  1.20995466E-06
  63.  0.000435879215  1.2422351E-06
  64.  0.000452736483  1.26363489E-06
  65.  0.000469511096  1.27870077E-06
  66.  0.000487911686  1.30461145E-06
  67.  0.000504987687  1.32534454E-06
  68.  0.000523134601  1.34752648E-06
  69.  0.000543835115  1.37296256E-06
  70.  0.000557772173  1.38421282E-06
  71.  0.000576854176  1.4098363E-06
  72.  0.000596872479  1.43012232E-06
  73.  0.000614215968  1.44825557E-06
  74.  0.000631515057  1.46802433E-06
  75.  0.000647560203  1.47862454E-06
  76.  0.000667780432  1.50215152E-06
  77.  0.000687225987  1.52001709E-06
  78.  0.000706263952  1.53865608E-06
  79.  0.000726714337  1.5622527E-06
  80.  0.000740946322  1.56781084E-06
  81.  0.000758933543  1.58593891E-06
  82.  0.000778393758  1.60218991E-06
  83.  0.000798728854  1.61857765E-06
  84.  0.000817111302  1.63855341E-06
  85.  0.000836863935  1.65502385E-06
  86.  0.000851790566  1.66257516E-06
  87.  0.000873454329  1.68721933E-06
  88.  0.000894790764  1.70006326E-06
  89.  0.000912540093  1.71856839E-06
  90.  0.00093246427  1.73345834E-06
  91.  0.00094996644  1.74550088E-06
  92.  0.000966866124  1.75726416E-06
  93.  0.000985699991  1.76744178E-06
  94.  0.00100320244  1.77713861E-06
  95.  0.0010231295  1.79387276E-06
  96.  0.00104388025  1.80970825E-06
  97.  0.0010604525  1.81982973E-06
  98.  0.00108340791  1.84127085E-06
  99.  0.00109859976  1.84582688E-06
  100.  0.00111562048  1.85199366E-06
  101.  0.00113718955  1.87004017E-06
  102.  0.00115596703  1.88162325E-06
  103.  0.00117134539  1.88900532E-06
  104.  0.00119511189  1.90454476E-06
  105.  0.00121372374  1.91796213E-06
  106.  0.00123023407  1.92246543E-06
  107.  0.00124835232  1.93437985E-06
  108.  0.00126706408  1.94452785E-06
  109.  0.00128522258  1.95276166E-06
  110.  0.00130640787  1.96751942E-06
  111.  0.00132568677  1.97846811E-06
  112.  0.00134435204  1.98584926E-06
  113.  0.00136213887  1.99630742E-06
  114.  0.00138339666  2.00775339E-06
  115.  0.00140001186  2.01306589E-06
  116.  0.00142043874  2.02539185E-06
  117.  0.00143562068  2.02907552E-06
  118.  0.0014577549  2.0431336E-06
  119.  0.00147423264  2.04777428E-06
  120.  0.00149557671  2.05724321E-06
  121.  0.00151475071  2.06817177E-06
  122.  0.0015333204  2.07964225E-06
  123.  0.00155181283  2.08597613E-06
  124.  0.00157107698  2.09348144E-06
  125.  0.00159122842  2.10469777E-06
  126.  0.00161040588  2.112773E-06
  127.  0.00163051034  2.12006347E-06
  128.  0.00164565115  2.12290089E-06
  129.  0.0016673318  2.1320711E-06
  130.  0.00168513097  2.13553544E-06
  131.  0.00171179495  2.15549184E-06
  132.  0.00172731814  2.15653623E-06
  133.  0.00174299226  2.15693825E-06
  134.  0.00176957206  2.1707426E-06
  135.  0.00178771007  2.17777029E-06
  136.  0.00180395376  2.18049018E-06
  137.  0.00182891476  2.19342224E-06
  138.  0.00184853664  2.20104776E-06
  139.  0.00187054288  2.20926547E-06
  140.  0.00189176279  2.21721979E-06
  141.  0.00191326425  2.22421069E-06
  142.  0.00193442634  2.23008625E-06
  143.  0.00195476141  2.23624003E-06
  144.  0.00197467302  2.24110112E-06
  145.  0.00199597369  2.24772724E-06
  146.  0.00202167106  2.25904774E-06
  147.  0.00204407241  2.26442501E-06
  148.  0.0020713256  2.27753573E-06
  149.  0.00208834107  2.27586908E-06
  150.  0.00211352919  2.28226526E-06
  151.  0.0021377806  2.29115281E-06
  152.  0.00216493677  2.29934524E-06
  153.  0.00218714098  2.30206224E-06
  154.  0.00221533233  2.31223254E-06
  155.  0.00223807671  2.31532952E-06
  156.  0.00226705118  2.32423235E-06
  157.  0.00229883631  2.33796119E-06
  158.  0.00231873717  2.33124829E-06
  159.  0.00236085121  2.35170072E-06
  160.  0.00238648797  2.35662054E-06
  161.  0.00242216372  2.36582666E-06
  162.  0.00245024919  2.36889751E-06
  163.  0.00248694728  2.38034705E-06
  164.  0.00252170792  2.38515202E-06
  165.  0.00255754942  2.39329123E-06
  166.  0.00259814067  2.40129731E-06
  167.  0.00263798218  2.40695445E-06
  168.  0.00268503317  2.42174061E-06
  169.  0.00272828878  2.4258236E-06
  170.  0.00278040369  2.43814137E-06
  171.  0.00284236383  2.4562963E-06
  172.  0.00290286982  2.46639717E-06
  173.  0.00296885191  2.47959321E-06
  174.  0.00305071004  2.49895164E-06
  175.  0.00312756362  2.50917467E-06
  176.  0.00323565164  2.5335273E-06
  177.  0.00336547355  2.56346151E-06
  178.  0.00353537157  2.60026337E-06
  179.  0.00383955674  2.6730452E-06
  180.  0.00420654882  2.7551063E-06
  181.  0.00410247073  2.71595105E-06
  182.  0.00399698037  2.67466238E-06
  183.  0.00390345987  2.63975569E-06
  184.  0.00380854771  2.60527804E-06
  185.  0.00371218008  2.56504072E-06
  186.  0.00362065202  2.52889067E-06
  187.  0.00352989315  2.49271486E-06
  188.  0.00344989864  2.4606617E-06
  189.  0.0033673464  2.42398754E-06
