  200.  0.00370755384  1.39904721E-06
  205.  0.003325019  1.31512501E-06
  210.  0.00299032312  1.2374617E-06
  215.  0.0026968706  1.16624335E-06
  220.  0.00243966041  1.10125183E-06
  225.  0.00221121175  1.04038717E-06
  230.  0.00200644758  9.83076845E-07
  235.  0.00182608536  9.30999055E-07
  240.  0.0016630926  8.81190458E-07
  245.  0.00151766054  8.34919523E-07
  250.  0.00138693742  7.91632538E-07
  255.  0.00127143886  7.52175652E-07
  260.  0.00116420425  7.1328181E-07
  265.  0.00106824282  6.78153264E-07
  270.  0.000982310548  6.44486755E-07
  275.  0.000903924082  6.12900544E-07
  280.  0.000833302335  5.83036034E-07
  285.  0.000768228636  5.55682895E-07
  290.  0.000709983482  5.29156454E-07
  295.  0.000656391254  5.04316217E-07
  300.  0.000606706155  4.80941479E-07
  305.  0.000561664552  4.58237001E-07
  310.  0.000520459746  4.37307683E-07
  315.  0.000482984994  4.17292637E-07
  320.  0.000447596194  3.97741502E-07
  325.  0.000416357647  3.80068762E-07
  330.  0.000386701208  3.63117682E-07
  335.  0.000359442474  3.46731004E-07
  340.  0.000334788358  3.31653447E-07
  345.  0.000311911778  3.1717558E-07
  350.  0.00029055127  3.03138666E-07
  355.  0.000270975216  2.89955036E-07
  360.  0.000252682274  2.76733689E-07
  365.  0.000235629689  2.64706534E-07
  370.  0.000220233002  2.53537196E-07
  375.  0.000205890517  2.42551029E-07
  380.  0.000192630765  2.32081619E-07
  385.  0.000180240671  2.22148862E-07
  390.  0.000168742357  2.12948802E-07
  395.  0.000158093699  2.03991956E-07
  400.  0.000147822245  1.94804896E-07
  405.  0.000138709497  1.86853944E-07
  410.  0.000129880676  1.78743371E-07
  415.  0.00012177594  1.70984183E-07
  420.  0.000114306229  1.63775661E-07
  425.  0.000107321759  1.57206932E-07
  430.  0.000100629029  1.50589109E-07
  435.  9.4471948E-05  1.44003677E-07
  440.  8.88297603E-05  1.38126405E-07
  445.  8.32806486E-05  1.3240251E-07
  450.  7.82849892E-05  1.26668535E-07
  455.  7.34808081E-05  1.21322858E-07
  460.  6.91618961E-05  1.16474807E-07
  465.  6.51953098E-05  1.11684353E-07
  470.  6.14324168E-05  1.07046507E-07
  475.  5.76637049E-05  1.02373446E-07
  480.  5.42421626E-05  9.81381667E-08
  485.  5.11087728E-05  9.41154407E-08
  490.  4.80017182E-05  9.00663637E-08
  495.  4.53986384E-05  8.67868008E-08
  500.  4.26461635E-05  8.29878591E-08
  505.  4.04195538E-05  7.97962763E-08
  510.  3.78320291E-05  7.61279154E-08
  515.  3.57129302E-05  7.29097698E-08
  520.  3.35365693E-05  6.97846267E-08
  525.  3.16080445E-05  6.68523961E-08
  530.  2.98207241E-05  6.40301486E-08
  535.  2.82343792E-05  6.16870948E-08
  540.  2.65970721E-05  5.90323603E-08
  545.  2.51143924E-05  5.66675421E-08
  550.  2.35283581E-05  5.38804545E-08
  555.  2.22178268E-05  5.18679726E-08
  560.  2.09919679E-05  4.98058693E-08
  565.  1.9882987E-05  4.782929E-08
  570.  1.86892375E-05  4.5644678E-08
  575.  1.76639206E-05  4.37697912E-08
  580.  1.66715573E-05  4.19078848E-08
  585.  1.57635205E-05  4.02673508E-08
  590.  1.48005239E-05  3.83254615E-08
  595.  1.40314299E-05  3.69481265E-08
  600.  1.33025691E-05  3.54996367E-08
  605.  1.25205591E-05  3.38628107E-08
  610.  1.18757476E-05  3.26062873E-08
  615.  1.11188174E-05  3.09037107E-08
  620.  1.04677875E-05  2.95433056E-08
  625.  9.92995332E-06  2.84698644E-08
  630.  9.39636624E-06  2.73270065E-08
  635.  8.8884923E-06  2.61882721E-08
  640.  8.34314054E-06  2.48853623E-08
  645.  7.92441579E-06  2.39760098E-08
  650.  7.44545673E-06  2.28868586E-08
  655.  7.0185089E-06  2.18016946E-08
  660.  6.65498644E-06  2.09920033E-08
  665.  6.30736345E-06  2.01598204E-08
  670.  5.94107824E-06  1.91942583E-08
  675.  5.58277636E-06  1.82692385E-08
  680.  5.32328955E-06  1.76578585E-08
  685.  4.99107471E-06  1.67370817E-08
  690.  4.69746702E-06  1.60305228E-08
  695.  4.46433012E-06  1.53689458E-08
  700.  4.21880833E-06  1.47150128E-08
  705.  3.94511283E-06  1.39400196E-08
  710.  3.75399896E-06  1.34006601E-08
  715.  3.56054067E-06  1.2854938E-08
  720.  3.33891122E-06  1.22380023E-08
  725.  3.1622159E-06  1.17462966E-08
  730.  2.98197097E-06  1.11947728E-08
  735.  2.82016075E-06  1.06944977E-08
  740.  2.66183357E-06  1.02242578E-08
  745.  2.52085884E-06  9.82626791E-09
  750.  2.36317047E-06  9.30600986E-09
  755.  2.24742212E-06  8.92866189E-09
  760.  2.13147233E-06  8.59890511E-09
  765.  2.00293604E-06  8.14203878E-09
  770.  1.87712191E-06  7.7205886E-09
  775.  1.78908148E-06  7.45904565E-09
  780.  1.6730834E-06  7.05228121E-09
  785.  1.58431041E-06  6.73640414E-09
  790.  1.49845041E-06  6.45173037E-09
  795.  1.40893292E-06  6.12146961E-09
  800.  1.33878318E-06  5.8894472E-09
  805.  1.26192449E-06  5.60064314E-09
  810.  1.18389938E-06  5.33442119E-09
  815.  1.12651104E-06  5.09401242E-09
  820.  1.05896296E-06  4.85773296E-09
  825.  9.95137509E-07  4.6173399E-09
  830.  9.32062127E-07  4.37549853E-09
  835.  8.89522718E-07  4.19292517E-09
  840.  8.35138293E-07  3.99223799E-09
  845.  7.88185672E-07  3.82802747E-09
  850.  7.44641383E-07  3.63846049E-09
  855.  6.98488461E-07  3.44801819E-09
  860.  6.64015819E-07  3.30467959E-09
  865.  6.19659921E-07  3.10685045E-09
  870.  5.84178378E-07  2.96581674E-09
  875.  5.56830137E-07  2.86461393E-09
  880.  5.22703907E-07  2.70096422E-09
  885.  4.90261472E-07  2.56221375E-09
  890.  4.59783654E-07  2.43121151E-09
  895.  4.30227836E-07  2.30637466E-09
  900.  4.08942338E-07  2.2162319E-09
  905.  3.84695349E-07  2.09497675E-09
  910.  3.6256337E-07  1.99685699E-09
  915.  3.40674154E-07  1.88889399E-09
  920.  3.2108398E-07  1.79717253E-09
  925.  3.01327686E-07  1.70806721E-09
  930.  2.82655944E-07  1.6148592E-09
  935.  2.63992111E-07  1.52816622E-09
  940.  2.48899164E-07  1.45347348E-09
  945.  2.36225119E-07  1.38958796E-09
