  50.  0.00222618753  7.13944868E-06
  50.1333333  0.0022371866  7.1875252E-06
  50.2666667  0.0022394195  7.1686443E-06
  50.4  0.00225340953  7.18863712E-06
  50.5333333  0.00227070033  7.23324021E-06
  50.6666667  0.00229125325  7.27089863E-06
  50.8  0.00228801371  7.25640655E-06
  50.9333333  0.00228863962  7.20946273E-06
  51.0666667  0.00230318205  7.25253119E-06
  51.2  0.00232278185  7.30024465E-06
  51.3333333  0.00233586894  7.30707003E-06
  51.4666667  0.0023401417  7.31758654E-06
  51.6  0.00235252889  7.34164715E-06
  51.7333333  0.00235010467  7.30863837E-06
  51.8666667  0.00237039897  7.3459542E-06
  52.  0.00238251622  7.37125844E-06
  52.1333333  0.00240104601  7.36290597E-06
  52.2666667  0.00239971623  7.36090768E-06
  52.4  0.00241288313  7.40426228E-06
  52.5333333  0.00241417745  7.38345128E-06
  52.6666667  0.00242658679  7.39645744E-06
  52.8  0.00242785455  7.38471455E-06
  52.9333333  0.00245099847  7.44176864E-06
  53.0666667  0.00246496902  7.45139733E-06
  53.2  0.00247213743  7.46382792E-06
  53.3333333  0.00248235547  7.4547779E-06
  53.4666667  0.00249583044  7.49976298E-06
  53.6  0.00249569587  7.48559125E-06
  53.7333333  0.00250377562  7.4881164E-06
  53.8666667  0.0025136475  7.48071333E-06
  54.  0.00253350579  7.54174948E-06
  54.1333333  0.00253961959  7.52594675E-06
  54.2666667  0.00255791429  7.56554803E-06
  54.4  0.00256372646  7.55782134E-06
  54.5333333  0.00256315582  7.54521462E-06
  54.6666667  0.00256865858  7.52852264E-06
  54.8  0.00259622888  7.58821888E-06
  54.9333333  0.00260113724  7.61229046E-06
  55.0666667  0.00261206505  7.58811112E-06
  55.2  0.00260807676  7.581533E-06
  55.3333333  0.00263909436  7.64894478E-06
  55.4666667  0.00264157905  7.66169095E-06
  55.6  0.0026393355  7.60463032E-06
  55.7333333  0.00265743781  7.64454656E-06
  55.8666667  0.00268060481  7.70881155E-06
  56.  0.00267450454  7.65257473E-06
  56.1333333  0.00270466793  7.72957067E-06
  56.2666667  0.00269994428  7.68498329E-06
  56.4  0.00273995271  7.78197923E-06
  56.5333333  0.00273063551  7.74854329E-06
  56.6666667  0.0027359337  7.73549396E-06
  56.8  0.00274030235  7.73811066E-06
  56.9333333  0.00275402478  7.76004421E-06
  57.0666667  0.00275523041  7.7357109E-06
  57.2  0.00276467532  7.74775149E-06
  57.3333333  0.0027754602  7.74539988E-06
  57.4666667  0.00278537687  7.74750606E-06
  57.6  0.00280315427  7.81330065E-06
  57.7333333  0.00281603724  7.80676469E-06
  57.8666667  0.00282601064  7.8308726E-06
  58.  0.00284031964  7.83688102E-06
  58.1333333  0.00283498217  7.81890861E-06
  58.2666667  0.00284940005  7.83263914E-06
  58.4  0.00286704078  7.86378276E-06
  58.5333333  0.00286800914  7.82890165E-06
  58.6666667  0.00287166799  7.84695717E-06
  58.8  0.00289298813  7.88394292E-06
  58.9333333  0.00291040116  7.91112459E-06
  59.0666667  0.00290765126  7.8977202E-06
  59.2  0.00293221725  7.93236124E-06
  59.3333333  0.00293393688  7.92078477E-06
  59.4666667  0.00295367263  7.95747171E-06
  59.6  0.00295741627  7.938824E-06
  59.7333333  0.00296422334  7.93497849E-06
  59.8666667  0.00297715219  7.96912184E-06
  60.  0.0029869846  7.96640022E-06
  60.1333333  0.00299598144  7.97344634E-06
  60.2666667  0.00300623904  7.98744487E-06
  60.4  0.00301562075  7.9862371E-06
  60.5333333  0.00304191371  8.02331566E-06
  60.6666667  0.00303753232  8.01791721E-06
  60.8  0.00303987346  7.99130903E-06
  60.9333333  0.00305514425  8.01158053E-06
  61.0666667  0.00307098266  8.05621361E-06
  61.2  0.00306886551  8.03381879E-06
  61.3333333  0.00310479776  8.08375745E-06
  61.4666667  0.0030845116  8.03560819E-06
  61.6  0.00310236588  8.04134531E-06
  61.7333333  0.00311374783  8.07134164E-06
  61.8666667  0.00311490252  8.04287325E-06
  62.  0.00314433719  8.1248104E-06
  62.1333333  0.0031591033  8.11667794E-06
  62.2666667  0.00316604542  8.1303644E-06
  62.4  0.00316501494  8.11837212E-06
  62.5333333  0.00319657186  8.17405678E-06
  62.6666667  0.00316991137  8.09334791E-06
  62.8  0.00319833182  8.15396148E-06
  62.9333333  0.00321389724  8.17108579E-06
  63.0666667  0.00322090193  8.18372893E-06
  63.2  0.00322312074  8.15299172E-06
  63.3333333  0.00323560413  8.16748403E-06
  63.4666667  0.00325375069  8.20337481E-06
  63.6  0.00327052792  8.1955079E-06
  63.7333333  0.00327891511  8.22280635E-06
  63.8666667  0.00328775297  8.2305861E-06
  64.  0.00330687898  8.25877209E-06
  64.1333333  0.00329818945  8.21264452E-06
  64.2666667  0.00331215885  8.23208115E-06
  64.4  0.00333096994  8.27253361E-06
  64.5333333  0.0033461708  8.27528473E-06
  64.6666667  0.00334855612  8.28627547E-06
  64.8  0.00335450807  8.25965041E-06
  64.9333333  0.00335769818  8.26017644E-06
  65.0666667  0.00337976558  8.29955026E-06
  65.2  0.00339047564  8.29330795E-06
  65.3333333  0.00339555962  8.29531304E-06
  65.4666667  0.00341772236  8.32411758E-06
  65.6  0.00342176447  8.34247279E-06
  65.7333333  0.00344803567  8.36931552E-06
  65.8666667  0.00343249736  8.29769942E-06
  66.  0.00344668175  8.30859752E-06
  66.1333333  0.00345375256  8.33729124E-06
  66.2666667  0.00347226061  8.34799604E-06
  66.4  0.00349033245  8.40027356E-06
  66.5333333  0.00347863142  8.31788427E-06
  66.6666667  0.00349987615  8.36879833E-06
  66.8  0.00351924539  8.39402345E-06
  66.9333333  0.00352789968  8.39068178E-06
  67.0666667  0.0035364013  8.4013712E-06
  67.2  0.00355043327  8.39933273E-06
  67.3333333  0.00354830642  8.38805565E-06
  67.4666667  0.00356492021  8.41103658E-06
  67.6  0.00358996742  8.45633596E-06
  67.7333333  0.00359222379  8.44086387E-06
  67.8666667  0.00361238116  8.4776262E-06
  68.  0.00360096732  8.43868675E-06
  68.1333333  0.00363086069  8.47951083E-06
  68.2666667  0.00362971867  8.47801705E-06
  68.4  0.00365383242  8.4909668E-06
  68.5333333  0.00365155249  8.48248409E-06
  68.6666667  0.00367803712  8.53947739E-06
  68.8  0.00367576348  8.48633071E-06
  68.9333333  0.00369259743  8.51709619E-06
  69.0666667  0.00369102961  8.48367481E-06
  69.2  0.00372493974  8.56257898E-06
  69.3333333  0.00372659579  8.54410175E-06
  69.4666667  0.00372273878  8.51807892E-06
  69.6  0.00374022474  8.54119337E-06
  69.7333333  0.00376586616  8.55189568E-06
  69.8666667  0.00375529755  8.51197798E-06
