  100.  0.00111031472  3.57749495E-06
  100.266667  0.0011172895  3.59869038E-06
  100.533333  0.00111636221  3.58643273E-06
  100.8  0.00112134388  3.58808711E-06
  101.066667  0.00113483138  3.62762403E-06
  101.333333  0.00113568963  3.61129269E-06
  101.6  0.00114044456  3.61841052E-06
  101.866667  0.00114695021  3.64614584E-06
  102.133333  0.00114723168  3.62534261E-06
  102.4  0.00115778693  3.64304035E-06
  102.666667  0.00116332685  3.65552827E-06
  102.933333  0.00116901971  3.67136111E-06
  103.2  0.00116769329  3.6578997E-06
  103.466667  0.00117305255  3.65707063E-06
  103.733333  0.00117412209  3.64838963E-06
  104.  0.00118921817  3.68303531E-06
  104.266667  0.00119462181  3.67690752E-06
  104.533333  0.00119617622  3.69154566E-06
  104.8  0.00120630016  3.71607114E-06
  105.066667  0.00120874827  3.71089557E-06
  105.333333  0.00121084593  3.70260563E-06
  105.6  0.00121869259  3.71914624E-06
  105.866667  0.00121797089  3.707937E-06
  106.133333  0.00122888013  3.73150759E-06
  106.4  0.00122968817  3.72585774E-06
  106.666667  0.00123686518  3.72556733E-06
  106.933333  0.0012380847  3.73089234E-06
  107.2  0.00125058828  3.76467146E-06
  107.466667  0.00124320967  3.72755779E-06
  107.733333  0.00125794242  3.75457738E-06
  108.  0.00126177287  3.77185999E-06
  108.266667  0.00126446252  3.75059022E-06
  108.533333  0.00127104272  3.77765283E-06
  108.8  0.00127273362  3.76299636E-06
  109.066667  0.00127164572  3.74305715E-06
  109.333333  0.00129285706  3.8112436E-06
  109.6  0.00129390485  3.80609414E-06
  109.866667  0.00129137728  3.78269088E-06
  110.133333  0.00130119489  3.80553098E-06
  110.4  0.00130760696  3.80697864E-06
  110.666667  0.00131257554  3.81606126E-06
  110.933333  0.00131338824  3.80978045E-06
  111.2  0.00132277295  3.82496802E-06
  111.466667  0.00133119538  3.84191128E-06
  111.733333  0.00133289928  3.84771678E-06
  112.  0.00133697448  3.83639802E-06
  112.266667  0.00133957905  3.83652266E-06
  112.533333  0.00134673764  3.84620161E-06
  112.8  0.00135464954  3.85735684E-06
  113.066667  0.00135426448  3.85286085E-06
  113.333333  0.00136339339  3.86778617E-06
  113.6  0.00136543809  3.8742223E-06
  113.866667  0.00137524411  3.88828255E-06
  114.133333  0.00137861683  3.88423043E-06
  114.4  0.0013802513  3.87892136E-06
  114.666667  0.00139223956  3.90321724E-06
  114.933333  0.00139295365  3.88565901E-06
  115.2  0.0013962285  3.89705931E-06
  115.466667  0.0014025555  3.90153971E-06
  115.733333  0.00140799674  3.909171E-06
  116.  0.00141032867  3.90530055E-06
  116.266667  0.00141954304  3.92893902E-06
  116.533333  0.0014243915  3.9338712E-06
  116.8  0.00142934397  3.92310392E-06
  117.066667  0.00142810938  3.9199878E-06
  117.333333  0.00143308969  3.92333565E-06
  117.6  0.00144332461  3.94445635E-06
  117.866667  0.00145071961  3.94771477E-06
  118.133333  0.00145535458  3.96818303E-06
  118.4  0.00145534706  3.94413951E-06
  118.666667  0.00146507141  3.96605817E-06
  118.933333  0.00145852113  3.92958422E-06
  119.2  0.00147667507  3.97447294E-06
  119.466667  0.00147887303  3.9764344E-06
  119.733333  0.00147648339  3.96820969E-06
  120.  0.00149046151  3.98671133E-06
  120.266667  0.00149272097  3.97718582E-06
  120.533333  0.00149803566  3.98298379E-06
  120.8  0.00150158945  3.98807971E-06
  121.066667  0.00151747442  4.01502758E-06
  121.333333  0.00151489394  4.01922518E-06
  121.6  0.00151704944  3.99856857E-06
  121.866667  0.00152426718  4.01512362E-06
  122.133333  0.00152594476  4.02241103E-06
  122.4  0.00152709457  4.01096385E-06
  122.666667  0.00154497002  4.03737054E-06
  122.933333  0.00153755311  4.02737734E-06
  123.2  0.00154860272  4.03573444E-06
  123.466667  0.00155474931  4.03610751E-06
  123.733333  0.00156257038  4.05914766E-06
  124.  0.00156190675  4.04345983E-06
  124.266667  0.00157091384  4.05359115E-06
  124.533333  0.00157335219  4.0556908E-06
  124.8  0.0015834031  4.07503861E-06
  125.066667  0.00159075491  4.08633678E-06
  125.333333  0.00158842774  4.06928413E-06
  125.6  0.00159379664  4.07896049E-06
  125.866667  0.00160066519  4.0764919E-06
  126.133333  0.00159973537  4.0759235E-06
  126.4  0.00161002557  4.09269177E-06
  126.666667  0.00162053979  4.10536626E-06
  126.933333  0.0016123405  4.07317759E-06
  127.2  0.00163006166  4.10722783E-06
  127.466667  0.00163622941  4.11357265E-06
  127.733333  0.00163992842  4.1219782E-06
  128.  0.00164150903  4.11968435E-06
  128.266667  0.00164530198  4.11302195E-06
  128.533333  0.00164869322  4.11176726E-06
  128.8  0.00165143682  4.10248127E-06
  129.066667  0.00165868671  4.11788582E-06
  129.333333  0.0016669905  4.1348425E-06
  129.6  0.00167334633  4.13140785E-06
  129.866667  0.00167402466  4.13272726E-06
  130.133333  0.00168174779  4.13144371E-06
  130.4  0.00169143494  4.14817264E-06
  130.666667  0.001688705  4.14106488E-06
  130.933333  0.00169933953  4.15634721E-06
  131.2  0.00170372922  4.1574804E-06
  131.466667  0.0017195264  4.18707865E-06
  131.733333  0.00171768617  4.17890743E-06
  132.  0.00172261051  4.16963296E-06
  132.266667  0.00172517406  4.17861752E-06
  132.533333  0.0017343272  4.19123077E-06
  132.8  0.00172781843  4.16484772E-06
  133.066667  0.00174069332  4.18365873E-06
  133.333333  0.00173947507  4.17789957E-06
  133.6  0.00175079688  4.17911613E-06
  133.866667  0.00175143442  4.18007422E-06
  134.133333  0.00177128073  4.20882427E-06
  134.4  0.00177063866  4.2060398E-06
  134.666667  0.00177093179  4.19829271E-06
  134.933333  0.00177625525  4.21204264E-06
  135.2  0.00178361817  4.20712344E-06
  135.466667  0.00178920095  4.21544518E-06
  135.733333  0.00179921659  4.23409394E-06
  136.  0.00179342511  4.21613778E-06
  136.266667  0.00180601012  4.22732763E-06
  136.533333  0.00180797268  4.22727664E-06
  136.8  0.0018160262  4.23561667E-06
  137.066667  0.00181948767  4.24290061E-06
  137.333333  0.00182409307  4.23970846E-06
  137.6  0.0018351017  4.24591531E-06
  137.866667  0.00183762111  4.24925273E-06
  138.133333  0.00184149401  4.24630926E-06
  138.4  0.00185187002  4.27565288E-06
  138.666667  0.0018570068  4.27854903E-06
  138.933333  0.00186050207  4.26554787E-06
  139.2  0.00186474739  4.28010394E-06
  139.466667  0.00187277951  4.27465182E-06
  139.733333  0.00188166772  4.29003956E-06
