  200.  1.65238768E-06  2.35473848E-08
  205.  1.59251649E-06  2.38220872E-08
  210.  1.47565146E-06  2.26646517E-08
  215.  1.36637186E-06  2.07748235E-08
  220.  1.28614639E-06  2.12587053E-08
  225.  1.20529592E-06  1.99086121E-08
  230.  1.12625763E-06  1.94852763E-08
  235.  1.07789324E-06  1.98112465E-08
  240.  1.03386388E-06  1.91723036E-08
  245.  9.32379147E-07  1.73657875E-08
  250.  8.80946859E-07  1.70856748E-08
  255.  8.37504637E-07  1.66960147E-08
  260.  7.9881192E-07  1.7209356E-08
  265.  7.68253466E-07  1.7625287E-08
  270.  7.1635772E-07  1.54459311E-08
  275.  6.64625399E-07  1.5630569E-08
  280.  6.18763086E-07  1.38369787E-08
  285.  5.94619662E-07  1.45277543E-08
  290.  5.84971799E-07  1.62738478E-08
  295.  5.17586308E-07  1.28305889E-08
  300.  4.86128733E-07  1.23980793E-08
  305.  4.67087187E-07  1.22244775E-08
  310.  4.44073285E-07  1.20594135E-08
  315.  4.08627273E-07  1.08233647E-08
  320.  4.01932712E-07  1.07395784E-08
  325.  3.91115259E-07  1.35208022E-08
  330.  3.81481026E-07  1.09576685E-08
  335.  3.59006027E-07  1.10038961E-08
  340.  3.33086629E-07  1.06525287E-08
  345.  3.01237693E-07  1.00593216E-08
  350.  3.24410102E-07  1.28155446E-08
  355.  3.01549033E-07  1.01157296E-08
  360.  2.63525156E-07  8.92389317E-09
  365.  2.74409735E-07  1.05683357E-08
  370.  2.53774957E-07  1.00395548E-08
  375.  2.51942001E-07  1.05331734E-08
  380.  2.14017262E-07  1.16301097E-08
  385.  2.03689745E-07  7.85145333E-09
  390.  2.10432006E-07  8.8194333E-09
  395.  1.96238419E-07  7.74708473E-09
  400.  1.88963367E-07  8.64614723E-09
  405.  1.71679924E-07  6.92701979E-09
  410.  1.70442477E-07  8.06253568E-09
  415.  1.66086573E-07  1.0501691E-08
  420.  1.52310246E-07  7.33816993E-09
  425.  1.60626963E-07  9.10982795E-09
  430.  1.36466961E-07  6.59095855E-09
  435.  1.31116749E-07  6.10554691E-09
  440.  1.27207704E-07  6.41123285E-09
  445.  1.25247796E-07  6.88984016E-09
  450.  0.000309587967  2.07503351E-07
  455.  0.000350001257  2.19301659E-07
  460.  0.000376217012  2.26129275E-07
  465.  0.000390147825  2.28827357E-07
  470.  0.000394634712  2.28330781E-07
  475.  0.000392101499  2.26540907E-07
  480.  0.000385734173  2.23625607E-07
  485.  0.000375616521  2.18919972E-07
  490.  0.000364009405  2.13964653E-07
  495.  0.000351829145  2.09317175E-07
  500.  0.000338986371  2.04397478E-07
  505.  0.000326202993  1.99685636E-07
  510.  0.000313404209  1.94461677E-07
  515.  0.000300511209  1.89126179E-07
  520.  0.000288672948  1.84702303E-07
  525.  0.000277212826  1.79936656E-07
  530.  0.00026648189  1.75662067E-07
  535.  0.00025540544  1.70825943E-07
  540.  0.000245288096  1.66678631E-07
  545.  0.000235654839  1.62980516E-07
  550.  0.000226508048  1.58819562E-07
  555.  0.00021790165  1.55105834E-07
  560.  0.000209674366  1.51594228E-07
  565.  0.000201722537  1.48073036E-07
  570.  0.000193751141  1.44137631E-07
  575.  0.000186487222  1.40826544E-07
  580.  0.000179512835  1.37404037E-07
  585.  0.000172761545  1.34503954E-07
  590.  0.000166277769  1.31148425E-07
  595.  0.000160345273  1.28324999E-07
  600.  0.000154323018  1.2516639E-07
  605.  0.000148637637  1.22293823E-07
  610.  0.000143526196  1.19695499E-07
  615.  0.000138248998  1.16650996E-07
  620.  0.00013347661  1.14298344E-07
  625.  0.000128801498  1.11819916E-07
  630.  0.000124162379  1.09255065E-07
  635.  0.000120011435  1.06968303E-07
  640.  0.000115766826  1.04391356E-07
  645.  0.000111816415  1.02423812E-07
  650.  0.000108017427  1.00228941E-07
  655.  0.000104273826  9.80241656E-08
  660.  0.000100888366  9.62240569E-08
  665.  9.73285097E-05  9.38724186E-08
  670.  9.41786127E-05  9.18506225E-08
  675.  9.09601339E-05  8.97628579E-08
  680.  8.82168401E-05  8.84525412E-08
  685.  8.5098563E-05  8.61858937E-08
  690.  8.23206391E-05  8.42333248E-08
  695.  7.96080614E-05  8.26248434E-08
  700.  7.72553739E-05  8.11669749E-08
  705.  7.47004495E-05  7.93922677E-08
  710.  7.2328543E-05  7.77990276E-08
  715.  7.00585944E-05  7.63631938E-08
  720.  6.7788478E-05  7.45602156E-08
  725.  6.57721045E-05  7.33288517E-08
  730.  6.37035791E-05  7.19168788E-08
  735.  6.16891074E-05  7.01987856E-08
  740.  5.97922531E-05  6.89910782E-08
  745.  5.79270322E-05  6.7728121E-08
  750.  5.62211648E-05  6.65555481E-08
  755.  5.44963631E-05  6.49592496E-08
  760.  5.27030391E-05  6.35046029E-08
  765.  5.12355124E-05  6.25313684E-08
  770.  4.9753972E-05  6.14900037E-08
  775.  4.82250618E-05  6.02329492E-08
  780.  4.68762746E-05  5.92887594E-08
  785.  4.54748578E-05  5.80761089E-08
  790.  4.41337608E-05  5.70364246E-08
  795.  4.29572443E-05  5.61313627E-08
  800.  4.15527815E-05  5.47407529E-08
  805.  4.03217443E-05  5.38489096E-08
  810.  3.9221013E-05  5.27795483E-08
  815.  3.81072092E-05  5.22293127E-08
  820.  3.70937348E-05  5.11266186E-08
  825.  3.59539841E-05  4.99927177E-08
  830.  3.4895348E-05  4.90166252E-08
  835.  3.39195389E-05  4.81256241E-08
  840.  3.30170296E-05  4.73553745E-08
  845.  3.20790383E-05  4.65283135E-08
  850.  3.12345896E-05  4.56441357E-08
  855.  3.03774196E-05  4.49846812E-08
  860.  2.94284076E-05  4.38515909E-08
  865.  2.86411478E-05  4.33343005E-08
  870.  2.79245329E-05  4.24819395E-08
  875.  2.715765E-05  4.18262608E-08
  880.  2.63626178E-05  4.08457757E-08
  885.  2.5754491E-05  4.03705151E-08
  890.  2.50728318E-05  4.00014769E-08
  895.  2.44125022E-05  3.91418293E-08
  900.  2.37594657E-05  3.83716947E-08
  905.  2.3077992E-05  3.75964963E-08
  910.  2.24533075E-05  3.70378454E-08
  915.  2.19307413E-05  3.65571962E-08
  920.  2.13385982E-05  3.59520651E-08
  925.  2.08431861E-05  3.5492298E-08
  930.  2.02389307E-05  3.4676944E-08
  935.  1.97040587E-05  3.39969315E-08
  940.  1.91852438E-05  3.34630529E-08
  945.  1.86620372E-05  3.28354727E-08
