  500.  0.000235065755  1.44475985E-07
  510.  0.000217275891  1.37337481E-07
  520.  0.00020062673  1.30930747E-07
  530.  0.000185532005  1.24749933E-07
  540.  0.000171409811  1.19023987E-07
  550.  0.000158812116  1.13710342E-07
  560.  0.000147555753  1.08837539E-07
  570.  0.000136501908  1.03513504E-07
  580.  0.000126954753  9.91501063E-08
  590.  0.000118007051  9.48687818E-08
  600.  0.000109572448  9.05750989E-08
  610.  0.000102278507  8.67626875E-08
  620.  9.54537097E-05  8.33145415E-08
  630.  8.91509001E-05  7.99165765E-08
  640.  8.3184415E-05  7.6530648E-08
  650.  7.7746881E-05  7.3455471E-08
  660.  7.28549304E-05  7.06864231E-08
  670.  6.82160122E-05  6.77239456E-08
  680.  6.3885907E-05  6.50829283E-08
  690.  5.98779839E-05  6.23949091E-08
  700.  5.6311923E-05  6.01642828E-08
  710.  5.29659662E-05  5.80326938E-08
  720.  4.97668394E-05  5.56717277E-08
  730.  4.67406876E-05  5.35182901E-08
  740.  4.39437524E-05  5.15009986E-08
  750.  4.15432338E-05  4.98612743E-08
  760.  3.89973794E-05  4.78248897E-08
  770.  3.67909367E-05  4.61718327E-08
  780.  3.48218399E-05  4.46510936E-08
  790.  3.28921223E-05  4.31420369E-08
  800.  3.09854231E-05  4.14633599E-08
  810.  2.93197011E-05  4.01044803E-08
  820.  2.77506742E-05  3.87441437E-08
  830.  2.61676274E-05  3.7278706E-08
  840.  2.48376228E-05  3.62389221E-08
  850.  2.35106134E-05  3.49235197E-08
  860.  2.22013726E-05  3.36855992E-08
  870.  2.10944513E-05  3.25923556E-08
  880.  1.99888338E-05  3.14604986E-08
  890.  1.89854776E-05  3.05359046E-08
  900.  1.80278332E-05  2.9544723E-08
  910.  1.71238015E-05  2.86330759E-08
  920.  1.63135496E-05  2.77994431E-08
  930.  1.54431435E-05  2.67500545E-08
  940.  1.46882913E-05  2.59784305E-08
  950.  1.39724593E-05  2.51227425E-08
  960.  1.32982708E-05  2.43876403E-08
  970.  1.26340426E-05  2.35963122E-08
  980.  1.20593312E-05  2.28885341E-08
  990.  1.14907371E-05  2.21997388E-08
  1000.  1.0959066E-05  2.15971386E-08
  1010.  1.04233337E-05  2.08577993E-08
  1020.  9.94961948E-06  2.03131967E-08
  1030.  9.50135054E-06  1.96879326E-08
  1040.  9.05865584E-06  1.91087768E-08
  1050.  8.65915736E-06  1.86260612E-08
  1060.  8.2522465E-06  1.79622633E-08
  1070.  7.92085774E-06  1.76498805E-08
  1080.  7.55308411E-06  1.70888568E-08
  1090.  7.17351866E-06  1.64513185E-08
  1100.  6.92551627E-06  1.62145946E-08
  1110.  6.57913547E-06  1.56031377E-08
  1120.  6.29665214E-06  1.51613407E-08
  1130.  6.04025823E-06  1.47665107E-08
  1140.  5.77609671E-06  1.43553297E-08
  1150.  5.52253945E-06  1.39049423E-08
  1160.  5.2975339E-06  1.36028651E-08
  1170.  5.08861389E-06  1.32363247E-08
  1180.  4.83939354E-06  1.28136526E-08
  1190.  4.67072003E-06  1.25406124E-08
  1200.  4.45080602E-06  1.21168511E-08
  1210.  4.26894207E-06  1.1760579E-08
  1220.  4.11263164E-06  1.15297135E-08
  1230.  3.93922807E-06  1.12243151E-08
  1240.  3.79361783E-06  1.09944114E-08
  1250.  3.64738906E-06  1.0726577E-08
  1260.  3.48208683E-06  1.03571901E-08
  1270.  3.36542157E-06  1.01821233E-08
  1280.  3.21288943E-06  9.86479102E-09
  1290.  3.08431175E-06  9.57147408E-09
  1300.  2.97932889E-06  9.4112132E-09
  1310.  2.86523072E-06  9.19398754E-09
  1320.  2.73802964E-06  8.8811976E-09
  1330.  2.63867442E-06  8.63392403E-09
  1340.  2.54641137E-06  8.47054484E-09
  1350.  2.45112591E-06  8.29068167E-09
  1360.  2.3538355E-06  8.08344429E-09
  1370.  2.25515941E-06  7.84401182E-09
  1380.  2.18037353E-06  7.69799961E-09
  1390.  2.10373462E-06  7.49963698E-09
  1400.  2.0237913E-06  7.33363683E-09
  1410.  1.96203159E-06  7.20714735E-09
  1420.  1.88462098E-06  7.01716439E-09
  1430.  1.80622668E-06  6.82516015E-09
  1440.  1.75779451E-06  6.72771014E-09
  1450.  1.67840112E-06  6.48150094E-09
  1460.  1.61093701E-06  6.30612589E-09
  1470.  1.56750465E-06  6.23831307E-09
  1480.  1.50160548E-06  6.02753084E-09
  1490.  1.45413895E-06  5.92364396E-09
  1500.  1.4007758E-06  5.78709032E-09
  1510.  1.3519967E-06  5.66218634E-09
  1520.  1.31253127E-06  5.53842311E-09
  1530.  1.27043832E-06  5.42950624E-09
  1540.  1.22985942E-06  5.3127043E-09
  1550.  1.1787701E-06  5.16382037E-09
  1560.  1.14418157E-06  5.07595285E-09
  1570.  1.09059132E-06  4.87178512E-09
  1580.  1.06559981E-06  4.85905264E-09
  1590.  1.02216754E-06  4.69315803E-09
  1600.  9.81450061E-07  4.53063565E-09
  1610.  9.56852119E-07  4.49118486E-09
  1620.  9.31182204E-07  4.43936508E-09
  1630.  8.95890243E-07  4.32122062E-09
  1640.  8.65701245E-07  4.21127986E-09
  1650.  8.35742308E-07  4.11686554E-09
  1660.  8.18710827E-07  4.09216758E-09
  1670.  7.9383279E-07  4.00944246E-09
  1680.  7.54799692E-07  3.83430322E-09
  1690.  7.3851954E-07  3.81294679E-09
  1700.  7.09466034E-07  3.68470522E-09
  1710.  6.91832139E-07  3.65976536E-09
  1720.  6.65181834E-07  3.56161722E-09
  1730.  6.44497007E-07  3.4842443E-09
  1740.  6.20424964E-07  3.37162253E-09
  1750.  6.09587545E-07  3.36695153E-09
  1760.  5.89322625E-07  3.28742579E-09
  1770.  5.70269026E-07  3.21996533E-09
  1780.  5.54587456E-07  3.16062854E-09
  1790.  5.39905752E-07  3.112572E-09
  1800.  5.21844411E-07  3.03618497E-09
  1810.  5.05221037E-07  2.98611477E-09
  1820.  4.86361007E-07  2.86617739E-09
  1830.  4.72471786E-07  2.83349534E-09
  1840.  4.63645672E-07  2.80255241E-09
  1850.  4.46046472E-07  2.74515364E-09
  1860.  4.34219673E-07  2.69502306E-09
  1870.  4.16611975E-07  2.61556203E-09
  1880.  4.08934614E-07  2.59279944E-09
  1890.  3.94816376E-07  2.52974891E-09
  1900.  3.82518953E-07  2.4843186E-09
  1910.  3.72458941E-07  2.42306595E-09
  1920.  3.65186215E-07  2.40273605E-09
  1930.  3.50875778E-07  2.3077545E-09
  1940.  3.41676934E-07  2.29177464E-09
  1950.  3.26807196E-07  2.22359886E-09
  1960.  3.24162209E-07  2.21107476E-09
  1970.  3.11709768E-07  2.14892851E-09
  1980.  3.0534672E-07  2.1249833E-09
  1990.  2.93295352E-07  2.05876105E-09
