  100.  4.24495162E-06  1.10090358E-07
  100.266667  4.49918662E-06  1.16348069E-07
  100.533333  4.15877104E-06  1.05189494E-07
  100.8  4.52637271E-06  1.22144361E-07
  101.066667  4.64421328E-06  1.17407482E-07
  101.333333  4.58462828E-06  1.17231653E-07
  101.6  4.59185731E-06  1.13325888E-07
  101.866667  4.87548562E-06  1.17059207E-07
  102.133333  4.91591536E-06  1.17308944E-07
  102.4  5.02649536E-06  1.21442959E-07
  102.666667  5.14815224E-06  1.34967123E-07
  102.933333  5.17283166E-06  1.23110601E-07
  103.2  5.14175184E-06  1.38077624E-07
  103.466667  5.43537327E-06  1.33474926E-07
  103.733333  5.44638142E-06  1.2603767E-07
  104.  5.48179174E-06  1.28935235E-07
  104.266667  5.65899035E-06  1.30033316E-07
  104.533333  5.72360049E-06  1.42427801E-07
  104.8  5.68153901E-06  1.29503778E-07
  105.066667  5.94432524E-06  1.35624931E-07
  105.333333  6.02397211E-06  1.35415991E-07
  105.6  5.89170808E-06  1.33916704E-07
  105.866667  6.0901283E-06  1.36868058E-07
  106.133333  6.31919196E-06  1.40174233E-07
  106.4  5.88947206E-06  1.32830093E-07
  106.666667  6.5335018E-06  1.43251083E-07
  106.933333  6.30780421E-06  1.35446309E-07
  107.2  6.43244836E-06  1.40127759E-07
  107.466667  6.50094058E-06  1.37917638E-07
  107.733333  6.75510854E-06  1.42706686E-07
  108.  6.52797728E-06  1.37830528E-07
  108.266667  6.88105669E-06  1.53617234E-07
  108.533333  6.78551588E-06  1.43395257E-07
  108.8  6.71544021E-06  1.36568148E-07
  109.066667  6.9223583E-06  1.46223677E-07
  109.333333  6.99984968E-06  1.43453724E-07
  109.6  7.19860141E-06  1.47853604E-07
  109.866667  7.22756304E-06  1.4571546E-07
  110.133333  7.29188031E-06  1.4658963E-07
  110.4  7.6142798E-06  1.51930458E-07
  110.666667  7.40620569E-06  1.44357612E-07
  110.933333  7.16643239E-06  1.42463967E-07
  111.2  7.63338126E-06  1.51758176E-07
  111.466667  7.94165599E-06  1.57116958E-07
  111.733333  7.60256572E-06  1.49290259E-07
  112.  8.17681309E-06  1.58164015E-07
  112.266667  7.61044236E-06  1.43698256E-07
  112.533333  8.29231842E-06  1.58863735E-07
  112.8  8.25031219E-06  1.53521434E-07
  113.066667  8.38496874E-06  1.6693999E-07
  113.333333  8.20954667E-06  1.54515486E-07
  113.6  8.24065514E-06  1.54767526E-07
  113.866667  8.41792669E-06  1.63390551E-07
  114.133333  8.52752429E-06  1.5741039E-07
  114.4  8.56811123E-06  1.56316745E-07
  114.666667  8.32866415E-06  1.52903475E-07
  114.933333  8.77235478E-06  1.57039298E-07
  115.2  8.86928724E-06  1.61765337E-07
  115.466667  8.66149476E-06  1.56574559E-07
  115.733333  8.88366976E-06  1.61000704E-07
  116.  9.06757399E-06  1.63077052E-07
  116.266667  9.22316457E-06  1.6523969E-07
  116.533333  9.43417065E-06  1.70393306E-07
  116.8  9.31121688E-06  1.62827233E-07
  117.066667  9.67088159E-06  1.70842549E-07
  117.333333  9.46861537E-06  1.62767218E-07
  117.6  9.76155405E-06  1.68789867E-07
  117.866667  9.63397697E-06  1.69019404E-07
  118.133333  9.45609505E-06  1.63153868E-07
  118.4  9.92058591E-06  1.68395185E-07
  118.666667  9.70250519E-06  1.65076309E-07
  118.933333  1.01908684E-05  1.72027505E-07
  119.2  1.0178552E-05  1.78247705E-07
  119.466667  1.02295727E-05  1.72564549E-07
  119.733333  1.06319998E-05  1.76902579E-07
  120.  1.04519716E-05  1.75512358E-07
  120.266667  1.05872409E-05  1.7381084E-07
  120.533333  1.0694943E-05  1.81247618E-07
  120.8  1.06056004E-05  1.75094471E-07
  121.066667  1.07829903E-05  1.73205849E-07
  121.333333  1.06592689E-05  1.73093958E-07
  121.6  1.10473269E-05  1.78802022E-07
  121.866667  1.08837822E-05  1.73480839E-07
  122.133333  1.14972441E-05  1.85627539E-07
  122.4  1.11460985E-05  1.74658014E-07
  122.666667  1.16577232E-05  2.11185129E-07
  122.933333  1.16078719E-05  1.87192103E-07
  123.2  1.1514748E-05  1.86391594E-07
  123.466667  1.16521263E-05  1.8279121E-07
  123.733333  1.17496531E-05  1.82555036E-07
  124.  1.16224466E-05  1.86681877E-07
  124.266667  1.17391108E-05  1.83343227E-07
  124.533333  1.21085471E-05  1.87741255E-07
  124.8  1.18430803E-05  1.81905329E-07
  125.066667  1.24980053E-05  1.93640826E-07
  125.333333  1.2309073E-05  1.87541642E-07
  125.6  1.22154987E-05  1.86121761E-07
  125.866667  1.2754199E-05  1.954087E-07
  126.133333  1.23558225E-05  1.85562093E-07
  126.4  1.27835381E-05  2.23755973E-07
  126.666667  1.28440379E-05  1.94184891E-07
  126.933333  1.28164408E-05  1.9196669E-07
  127.2  1.26320214E-05  1.86494189E-07
  127.466667  1.34998529E-05  2.04123587E-07
  127.733333  1.27708066E-05  1.89547781E-07
  128.  1.32145773E-05  1.95539251E-07
  128.266667  1.34172558E-05  1.95821646E-07
  128.533333  1.34526462E-05  1.96657396E-07
  128.8  1.34742286E-05  1.95605074E-07
  129.066667  1.36771559E-05  1.96146178E-07
  129.333333  1.3568854E-05  1.95211537E-07
  129.6  1.39021784E-05  2.02381774E-07
  129.866667  1.36699075E-05  1.97001058E-07
  130.133333  1.38129523E-05  1.99664171E-07
  130.4  1.40804341E-05  2.02039817E-07
  130.666667  1.42810357E-05  2.04636654E-07
  130.933333  1.4503614E-05  2.06713586E-07
  131.2  1.42913806E-05  2.04386519E-07
  131.466667  1.42866055E-05  2.00910834E-07
  131.733333  1.4645372E-05  2.05226353E-07
  132.  1.46983053E-05  2.06141889E-07
  132.266667  1.43863766E-05  2.01627865E-07
  132.533333  1.47580586E-05  2.04251409E-07
  132.8  1.49853972E-05  2.06316383E-07
  133.066667  1.51047753E-05  2.06016909E-07
  133.333333  1.50607689E-05  2.07525539E-07
  133.6  1.51523362E-05  2.10260378E-07
  133.866667  1.52797716E-05  2.07978497E-07
  134.133333  1.55522532E-05  2.10262754E-07
  134.4  1.53977814E-05  2.0599239E-07
  134.666667  1.5419821E-05  2.10820316E-07
  134.933333  1.5960514E-05  2.13862571E-07
  135.2  1.57175501E-05  2.11641225E-07
  135.466667  1.61708804E-05  2.16597097E-07
  135.733333  1.60393004E-05  2.11541226E-07
  136.  1.59380533E-05  2.12261971E-07
  136.266667  1.60659442E-05  2.14073329E-07
  136.533333  1.62673402E-05  2.12162005E-07
  136.8  1.67025526E-05  2.21810827E-07
  137.066667  1.64837454E-05  2.16018514E-07
  137.333333  1.69376268E-05  2.21620371E-07
  137.6  1.63976517E-05  2.12765066E-07
  137.866667  1.68979999E-05  2.24631028E-07
  138.133333  1.6729653E-05  2.17182642E-07
  138.4  1.68708529E-05  2.19962078E-07
  138.666667  1.700072E-05  2.17023341E-07
  138.933333  1.69843587E-05  2.19549201E-07
  139.2  1.71128297E-05  2.18730176E-07
  139.466667  1.76856E-05  2.32282691E-07
  139.733333  1.71683508E-05  2.20776678E-07
