  100.  8.21535431E-06  1.58072634E-08
  126.  1.72434091E-05  2.25620233E-08
  152.  2.76501342E-05  2.84513964E-08
  178.  3.91066613E-05  3.39508542E-08
  204.  5.14526033E-05  3.89167678E-08
  230.  6.43714259E-05  4.33912464E-08
  256.  7.81953336E-05  4.76932567E-08
  282.  9.28811011E-05  5.17150674E-08
  308.  0.000108664339  5.53888629E-08
  334.  0.000126134622  5.89202415E-08
  360.  0.000146004182  6.22666833E-08
  386.  0.000170725995  6.56707323E-08
  412.  0.00020682609  6.96581888E-08
  438.  0.000286175905  7.63480359E-08
  464.  0.000282047759  7.22269855E-08
  490.  0.00023213218  6.35145224E-08
  516.  0.000187195104  5.54759822E-08
  542.  0.000151502299  4.86613612E-08
  568.  0.000123420976  4.2813628E-08
  594.  0.000101310435  3.78081149E-08
  620.  8.36618237E-05  3.35085866E-08
  646.  6.96211069E-05  2.98937569E-08
  672.  5.8125658E-05  2.66516959E-08
  698.  4.88740079E-05  2.3897296E-08
  724.  4.12679915E-05  2.14672825E-08
  750.  3.4981804E-05  1.93259772E-08
  776.  2.98150047E-05  1.74700535E-08
  802.  2.54669224E-05  1.57999297E-08
  828.  2.1825957E-05  1.43043309E-08
  854.  1.88178928E-05  1.30447086E-08
  880.  1.62433497E-05  1.18751938E-08
  906.  1.40917762E-05  1.08579589E-08
  932.  1.22362773E-05  9.91072287E-09
  958.  1.06826495E-05  9.11675572E-09
  984.  9.32282819E-06  8.33407515E-09
  1010.  8.17806409E-06  7.67429605E-09
  1036.  7.18355592E-06  7.07744456E-09
  1062.  6.32370088E-06  6.52526167E-09
  1088.  5.58992056E-06  6.03254321E-09
  1114.  4.94321651E-06  5.5782109E-09
  1140.  4.37664555E-06  5.15738343E-09
  1166.  3.89546064E-06  4.80556286E-09
  1192.  3.46162091E-06  4.43697545E-09
  1218.  3.09314119E-06  4.14470233E-09
  1244.  2.76271484E-06  3.8609185E-09
  1270.  2.47146508E-06  3.58392427E-09
  1296.  2.22111042E-06  3.35894607E-09
  1322.  1.99279198E-06  3.13472478E-09
  1348.  1.79775648E-06  2.93519537E-09
  1374.  1.6187623E-06  2.74918392E-09
  1400.  1.46468401E-06  2.58029171E-09
  1426.  1.32925529E-06  2.4286673E-09
  1452.  1.2002583E-06  2.27585272E-09
  1478.  1.09447615E-06  2.1520582E-09
  1504.  9.88517267E-07  2.00458725E-09
  1530.  8.98708548E-07  1.88734243E-09
  1556.  8.24159886E-07  1.79394993E-09
  1582.  7.50062733E-07  1.68819117E-09
  1608.  6.85733608E-07  1.59421242E-09
  1634.  6.26813077E-07  1.51113309E-09
  1660.  5.76949095E-07  1.43471546E-09
  1686.  5.26455339E-07  1.35088342E-09
  1712.  4.8250544E-07  1.27321348E-09
  1738.  4.43782222E-07  1.21169092E-09
  1764.  4.08543742E-07  1.14799042E-09
  1790.  3.76153652E-07  1.09055135E-09
  1816.  3.48668057E-07  1.0426969E-09
  1842.  3.18931352E-07  9.84019544E-10
  1868.  2.970507E-07  9.39755788E-10
  1894.  2.74652763E-07  8.9770317E-10
  1920.  2.52436555E-07  8.4409116E-10
  1946.  2.34498088E-07  8.04620291E-10
  1972.  2.17038764E-07  7.66167876E-10
  1998.  2.03369174E-07  7.37882199E-10
  2024.  1.87573158E-07  6.99499029E-10
  2050.  1.74434846E-07  6.69241119E-10
  2076.  1.61500009E-07  6.3390158E-10
  2102.  1.52273219E-07  6.12088208E-10
  2128.  1.421554E-07  5.89183449E-10
  2154.  1.3143182E-07  5.56371793E-10
  2180.  1.22791465E-07  5.31068497E-10
  2206.  1.15350153E-07  5.17116727E-10
  2232.  1.07817749E-07  4.93080604E-10
  2258.  1.01288735E-07  4.75857685E-10
  2284.  9.49664577E-08  4.56397112E-10
  2310.  8.86599402E-08  4.34831241E-10
  2336.  8.27876526E-08  4.14378732E-10
  2362.  7.79798075E-08  4.02061701E-10
  2388.  7.32969434E-08  3.87552805E-10
  2414.  6.87086397E-08  3.68754799E-10
  2440.  6.51328532E-08  3.57770727E-10
  2466.  6.04483815E-08  3.37399488E-10
  2492.  5.7600274E-08  3.31397793E-10
  2518.  5.37585768E-08  3.13216897E-10
  2544.  5.13862607E-08  3.08744314E-10
  2570.  4.80775585E-08  2.95905549E-10
  2596.  4.51469139E-08  2.80946399E-10
  2622.  4.25231209E-08  2.70896609E-10
  2648.  4.05879721E-08  2.65119712E-10
  2674.  3.82489778E-08  2.51731949E-10
  2700.  3.62823592E-08  2.47894023E-10
  2726.  3.38867615E-08  2.33659226E-10
  2752.  3.23523996E-08  2.28348975E-10
  2778.  3.01623972E-08  2.14216843E-10
  2804.  2.90024119E-08  2.11480101E-10
  2830.  2.68901188E-08  2.01786592E-10
  2856.  2.59419642E-08  1.9883145E-10
  2882.  2.45795208E-08  1.91052197E-10
  2908.  2.34666621E-08  1.87109779E-10
  2934.  2.24820158E-08  1.81539618E-10
  2960.  2.09912529E-08  1.72184837E-10
  2986.  2.00911614E-08  1.68951305E-10
  3012.  1.89484759E-08  1.5939899E-10
  3038.  1.80044619E-08  1.55046312E-10
  3064.  1.74243445E-08  1.53354904E-10
  3090.  1.67558375E-08  1.53212936E-10
  3116.  1.54524634E-08  1.4026447E-10
  3142.  1.48111055E-08  1.37402377E-10
  3168.  1.44152572E-08  1.36171415E-10
  3194.  1.36277317E-08  1.29852238E-10
  3220.  1.27554465E-08  1.24236647E-10
  3246.  1.22193033E-08  1.20026392E-10
  3272.  1.15916074E-08  1.14818492E-10
  3298.  1.11296925E-08  1.12412367E-10
  3324.  1.06049494E-08  1.08209142E-10
  3350.  1.02681165E-08  1.09157251E-10
  3376.  9.538764E-09  9.95800049E-11
  3402.  9.25326621E-09  1.02831463E-10
  3428.  8.7716118E-09  9.43952566E-11
  3454.  8.50124698E-09  9.57719691E-11
  3480.  8.05160598E-09  9.09762272E-11
  3506.  7.80160553E-09  9.11044168E-11
  3532.  7.25711935E-09  8.39897525E-11
  3558.  7.30810677E-09  8.79797942E-11
  3584.  6.85279239E-09  8.35265035E-11
  3610.  6.454039E-09  7.96632077E-11
  3636.  6.25108779E-09  7.70175491E-11
  3662.  6.04697906E-09  7.61152724E-11
  3688.  5.69437983E-09  7.11859263E-11
  3714.  5.50750792E-09  7.22994289E-11
  3740.  5.48141735E-09  7.26506706E-11
  3766.  5.05428089E-09  6.64036982E-11
  3792.  5.03221876E-09  6.89547124E-11
  3818.  4.6648723E-09  6.23420239E-11
  3844.  4.36382779E-09  5.92756149E-11
  3870.  4.30482211E-09  6.04788866E-11
  3896.  4.13349171E-09  5.739802E-11
  3922.  4.03510262E-09  6.04631967E-11
  3948.  3.83706751E-09  5.52630809E-11
  3974.  3.69731451E-09  5.74592479E-11
