  500.  0.000150145873  8.24563331E-08
  510.  0.000138584098  7.84940528E-08
  520.  0.000127731232  7.45897692E-08
  530.  0.000117626646  7.08740077E-08
  540.  0.000108401713  6.72777261E-08
  550.  0.000100101266  6.40620281E-08
  560.  9.25099471E-05  6.1054201E-08
  570.  8.54802334E-05  5.80689968E-08
  580.  7.92700431E-05  5.5498814E-08
  590.  7.34799769E-05  5.30193898E-08
  600.  6.82065314E-05  5.0566269E-08
  610.  6.33422134E-05  4.82176837E-08
  620.  5.88704194E-05  4.60923955E-08
  630.  5.48318207E-05  4.41424005E-08
  640.  5.10743577E-05  4.2250079E-08
  650.  4.7585382E-05  4.03541952E-08
  660.  4.44381929E-05  3.87032108E-08
  670.  4.1504448E-05  3.70782071E-08
  680.  3.88872047E-05  3.56679375E-08
  690.  3.63250699E-05  3.409857E-08
  700.  3.40466014E-05  3.27482529E-08
  710.  3.1953159E-05  3.15427916E-08
  720.  2.99816159E-05  3.03167078E-08
  730.  2.81164157E-05  2.91454815E-08
  740.  2.64395919E-05  2.80298455E-08
  750.  2.48568019E-05  2.69258198E-08
  760.  2.34149373E-05  2.60551662E-08
  770.  2.19711547E-05  2.4973571E-08
  780.  2.06814654E-05  2.39720225E-08
  790.  1.9509494E-05  2.31146398E-08
  800.  1.83882677E-05  2.22615069E-08
  810.  1.73578625E-05  2.15346345E-08
  820.  1.63968647E-05  2.07445256E-08
  830.  1.54590789E-05  1.99794827E-08
  840.  1.46425323E-05  1.93630263E-08
  850.  1.38363285E-05  1.86476899E-08
  860.  1.30874435E-05  1.80017852E-08
  870.  1.23537292E-05  1.73166467E-08
  880.  1.17357829E-05  1.68293008E-08
  890.  1.10974987E-05  1.62101248E-08
  900.  1.05460343E-05  1.57727832E-08
  910.  9.99664146E-06  1.5198305E-08
  920.  9.49497164E-06  1.47628358E-08
  930.  9.02517051E-06  1.43000575E-08
  940.  8.54747301E-06  1.37902159E-08
  950.  8.13133743E-06  1.33734308E-08
  960.  7.72650001E-06  1.29331162E-08
  970.  7.33614132E-06  1.25088421E-08
  980.  6.99973208E-06  1.21548482E-08
  990.  6.67209843E-06  1.18410018E-08
  1000.  6.32295393E-06  1.1412954E-08
  1010.  6.03744085E-06  1.10783684E-08
  1020.  5.74495416E-06  1.07107874E-08
  1030.  5.4733671E-06  1.04032009E-08
  1040.  5.21929839E-06  1.00991662E-08
  1050.  4.97433577E-06  9.7545019E-09
  1060.  4.75778686E-06  9.56404426E-09
  1070.  4.52442084E-06  9.22332864E-09
  1080.  4.34430291E-06  9.06761205E-09
  1090.  4.14745185E-06  8.76155724E-09
  1100.  3.95578873E-06  8.48056381E-09
  1110.  3.77404366E-06  8.22219323E-09
  1120.  3.61853514E-06  8.01939187E-09
  1130.  3.44135001E-06  7.7776337E-09
  1140.  3.30627996E-06  7.59232633E-09
  1150.  3.15608708E-06  7.33813634E-09
  1160.  3.0285631E-06  7.19120629E-09
  1170.  2.89292588E-06  6.96923019E-09
  1180.  2.77074912E-06  6.77000849E-09
  1190.  2.66940211E-06  6.62033384E-09
  1200.  2.54798724E-06  6.42104272E-09
  1210.  2.43906317E-06  6.23182922E-09
  1220.  2.33870673E-06  6.08381862E-09
  1230.  2.23222071E-06  5.88913315E-09
  1240.  2.16582838E-06  5.80595327E-09
  1250.  2.0601225E-06  5.61510085E-09
  1260.  1.97335806E-06  5.43912143E-09
  1270.  1.90381529E-06  5.3315615E-09
  1280.  1.83135268E-06  5.22940667E-09
  1290.  1.76041031E-06  5.0703934E-09
  1300.  1.68376204E-06  4.93364482E-09
  1310.  1.61351352E-06  4.78398896E-09
  1320.  1.5525455E-06  4.68512645E-09
  1330.  1.49682258E-06  4.57827405E-09
  1340.  1.44078577E-06  4.47643731E-09
  1350.  1.37630959E-06  4.32318718E-09
  1360.  1.33117132E-06  4.22635318E-09
  1370.  1.28319298E-06  4.17149537E-09
  1380.  1.24269586E-06  4.07795104E-09
  1390.  1.19277999E-06  3.98553056E-09
  1400.  1.14541917E-06  3.88230414E-09
  1410.  1.1055681E-06  3.80029854E-09
  1420.  1.06008419E-06  3.64932855E-09
  1430.  1.02796362E-06  3.61461302E-09
  1440.  9.85343941E-07  3.50416854E-09
  1450.  9.50154702E-07  3.41303768E-09
  1460.  9.13374928E-07  3.33763018E-09
  1470.  8.85481407E-07  3.28894621E-09
  1480.  8.50601142E-07  3.1952974E-09
  1490.  8.2385659E-07  3.12705954E-09
  1500.  7.99805488E-07  3.0811364E-09
  1510.  7.67272519E-07  2.97858553E-09
  1520.  7.40965352E-07  2.92843242E-09
  1530.  7.15905661E-07  2.86959708E-09
  1540.  6.89076831E-07  2.81525649E-09
  1550.  6.69543766E-07  2.7489365E-09
  1560.  6.49335528E-07  2.72428621E-09
  1570.  6.19951411E-07  2.61716681E-09
  1580.  5.99958918E-07  2.54629175E-09
  1590.  5.82087938E-07  2.51065635E-09
  1600.  5.59959705E-07  2.42158917E-09
  1610.  5.42629449E-07  2.39968505E-09
  1620.  5.23185249E-07  2.34154396E-09
  1630.  5.08842263E-07  2.29282074E-09
  1640.  4.91852083E-07  2.24682894E-09
  1650.  4.73485362E-07  2.18414642E-09
  1660.  4.57251237E-07  2.13950199E-09
  1670.  4.45314051E-07  2.11491465E-09
  1680.  4.27419282E-07  2.05060236E-09
  1690.  4.18284968E-07  2.03201018E-09
  1700.  4.02728554E-07  1.96566562E-09
  1710.  3.92868599E-07  1.9534007E-09
  1720.  3.75330824E-07  1.87488734E-09
  1730.  3.65140994E-07  1.8392907E-09
  1740.  3.54021517E-07  1.81450813E-09
  1750.  3.39821467E-07  1.75626241E-09
  1760.  3.3510238E-07  1.76181897E-09
  1770.  3.23342589E-07  1.71530033E-09
  1780.  3.11367238E-07  1.66328765E-09
  1790.  3.03175088E-07  1.65636164E-09
  1800.  2.92127579E-07  1.60049924E-09
  1810.  2.85327782E-07  1.59097359E-09
  1820.  2.77500487E-07  1.54955716E-09
  1830.  2.70881931E-07  1.54287183E-09
  1840.  2.59885204E-07  1.48569487E-09
  1850.  2.53159935E-07  1.46085714E-09
  1860.  2.43284421E-07  1.42023251E-09
  1870.  2.36590868E-07  1.3966123E-09
  1880.  2.31478426E-07  1.39410234E-09
  1890.  2.26688168E-07  1.38417687E-09
  1900.  2.18540738E-07  1.34033856E-09
  1910.  2.13391354E-07  1.3119665E-09
  1920.  2.07333984E-07  1.29430458E-09
  1930.  2.01430185E-07  1.27008505E-09
  1940.  1.96842082E-07  1.26613211E-09
  1950.  1.89728983E-07  1.21785919E-09
  1960.  1.83521361E-07  1.1886733E-09
  1970.  1.78714936E-07  1.16926761E-09
  1980.  1.73087894E-07  1.14698517E-09
  1990.  1.67146454E-07  1.11675894E-09
