  500.  0.000384938192  1.50465568E-07
  510.  0.000355980818  1.43380227E-07
  520.  0.000328692152  1.36565713E-07
  530.  0.000303355759  1.30101544E-07
  540.  0.000279920461  1.23771836E-07
  550.  0.000258945161  1.18110238E-07
  560.  0.000239758502  1.127429E-07
  570.  0.00022217435  1.07531906E-07
  580.  0.000206185524  1.02845283E-07
  590.  0.000191513151  9.82923547E-08
  600.  0.000178211921  9.41195205E-08
  610.  0.000165722698  8.9931452E-08
  620.  0.00015423018  8.6013908E-08
  630.  0.000143880382  8.2446961E-08
  640.  0.000134302512  7.90860716E-08
  650.  0.000125535851  7.59140639E-08
  660.  0.000117250989  7.26943236E-08
  670.  0.000109632797  6.97230651E-08
  680.  0.000102827981  6.70860588E-08
  690.  9.63283324E-05  6.44417756E-08
  700.  9.03396791E-05  6.18545915E-08
  710.  8.46917299E-05  5.94241255E-08
  720.  7.97371131E-05  5.73720168E-08
  730.  7.48073193E-05  5.50712351E-08
  740.  7.04384399E-05  5.30863319E-08
  750.  6.64035652E-05  5.11608605E-08
  760.  6.24222477E-05  4.92167994E-08
  770.  5.88856797E-05  4.75286953E-08
  780.  5.54548193E-05  4.57294676E-08
  790.  5.23063302E-05  4.40285123E-08
  800.  4.94035029E-05  4.25272148E-08
  810.  4.67050414E-05  4.11660207E-08
  820.  4.41159573E-05  3.96168216E-08
  830.  4.17038815E-05  3.82747198E-08
  840.  3.94838502E-05  3.70062441E-08
  850.  3.74167613E-05  3.58487537E-08
  860.  3.53820501E-05  3.45524246E-08
  870.  3.34388926E-05  3.33030127E-08
  880.  3.17505831E-05  3.22846428E-08
  890.  3.00334802E-05  3.11134089E-08
  900.  2.86110889E-05  3.03198841E-08
  910.  2.71471528E-05  2.93204596E-08
  920.  2.57452131E-05  2.83076628E-08
  930.  2.44820208E-05  2.73999356E-08
  940.  2.32451866E-05  2.65147195E-08
  950.  2.21148572E-05  2.57374077E-08
  960.  2.10339419E-05  2.49196366E-08
  970.  2.00314014E-05  2.42324806E-08
  980.  1.90794657E-05  2.34682915E-08
  990.  1.81472357E-05  2.27289815E-08
  1000.  1.72825534E-05  2.20166493E-08
  1010.  1.64756238E-05  2.13338455E-08
  1020.  1.5700525E-05  2.06822198E-08
  1030.  1.49788008E-05  2.01068908E-08
  1040.  1.43020158E-05  1.9528372E-08
  1050.  1.36260738E-05  1.89072169E-08
  1060.  1.30199451E-05  1.84189477E-08
  1070.  1.24078796E-05  1.78377922E-08
  1080.  1.18621875E-05  1.74055378E-08
  1090.  1.13518083E-05  1.68556829E-08
  1100.  1.08234015E-05  1.63279028E-08
  1110.  1.03411522E-05  1.58572413E-08
  1120.  9.93671848E-06  1.55426717E-08
  1130.  9.46740395E-06  1.50386549E-08
  1140.  9.06357038E-06  1.46068636E-08
  1150.  8.69257213E-06  1.42507017E-08
  1160.  8.32493004E-06  1.38635583E-08
  1170.  7.95443723E-06  1.3448232E-08
  1180.  7.62309055E-06  1.31098519E-08
  1190.  7.31766064E-06  1.27357124E-08
  1200.  7.00487918E-06  1.23896349E-08
  1210.  6.70465983E-06  1.2042944E-08
  1220.  6.42667491E-06  1.17346875E-08
  1230.  6.17700711E-06  1.1457704E-08
  1240.  5.96112247E-06  1.12012531E-08
  1250.  5.6837791E-06  1.08653381E-08
  1260.  5.4694023E-06  1.06067438E-08
  1270.  5.26578982E-06  1.03799412E-08
  1280.  5.0616246E-06  1.01071655E-08
  1290.  4.84857681E-06  9.80681526E-09
  1300.  4.65563985E-06  9.58441494E-09
  1310.  4.46601551E-06  9.29265811E-09
  1320.  4.3053922E-06  9.08897324E-09
  1330.  4.13988829E-06  8.87750635E-09
  1340.  3.98336653E-06  8.6477984E-09
  1350.  3.83415762E-06  8.455527E-09
  1360.  3.67916346E-06  8.19536571E-09
  1370.  3.5496718E-06  8.06471167E-09
  1380.  3.43367592E-06  7.875931E-09
  1390.  3.28503075E-06  7.63497552E-09
  1400.  3.16277911E-06  7.46916078E-09
  1410.  3.05480815E-06  7.29257571E-09
  1420.  2.9324656E-06  7.09170629E-09
  1430.  2.84635829E-06  6.98332993E-09
  1440.  2.73129286E-06  6.77822292E-09
  1450.  2.62915682E-06  6.61441119E-09
  1460.  2.54473466E-06  6.49310268E-09
  1470.  2.45143738E-06  6.32574132E-09
  1480.  2.36604554E-06  6.21831287E-09
  1490.  2.2737824E-06  6.01860018E-09
  1500.  2.18735721E-06  5.86450659E-09
  1510.  2.12940172E-06  5.79773604E-09
  1520.  2.04346766E-06  5.61912396E-09
  1530.  1.97150537E-06  5.4763088E-09
  1540.  1.90639336E-06  5.39548518E-09
  1550.  1.84407173E-06  5.26789753E-09
  1560.  1.78119293E-06  5.16808062E-09
  1570.  1.71783364E-06  5.03627556E-09
  1580.  1.6572933E-06  4.89584693E-09
  1590.  1.6121917E-06  4.83612083E-09
  1600.  1.54702353E-06  4.68050062E-09
  1610.  1.50203278E-06  4.60440942E-09
  1620.  1.45082128E-06  4.49766922E-09
  1630.  1.39530087E-06  4.37348858E-09
  1640.  1.3595793E-06  4.32878383E-09
  1650.  1.30953901E-06  4.2149915E-09
  1660.  1.26893227E-06  4.13240425E-09
  1670.  1.23628411E-06  4.06684205E-09
  1680.  1.18584532E-06  3.95973063E-09
  1690.  1.15260629E-06  3.89222211E-09
  1700.  1.11198399E-06  3.77487515E-09
  1710.  1.08284719E-06  3.73750424E-09
  1720.  1.0421764E-06  3.63114338E-09
  1730.  1.0123002E-06  3.5788746E-09
  1740.  9.82499789E-07  3.51394156E-09
  1750.  9.47598216E-07  3.41961405E-09
  1760.  9.23723323E-07  3.36795159E-09
  1770.  8.88938534E-07  3.26670558E-09
  1780.  8.65016237E-07  3.21837094E-09
  1790.  8.37263326E-07  3.14686903E-09
  1800.  8.09504733E-07  3.06752613E-09
  1810.  7.8904148E-07  3.0331343E-09
  1820.  7.67836676E-07  2.98841933E-09
  1830.  7.46543943E-07  2.94940928E-09
  1840.  7.22406024E-07  2.87726358E-09
  1850.  7.01828488E-07  2.81673763E-09
  1860.  6.76145276E-07  2.73270768E-09
  1870.  6.57783985E-07  2.69992562E-09
  1880.  6.39532878E-07  2.65346792E-09
  1890.  6.2627749E-07  2.6310112E-09
  1900.  6.02932763E-07  2.54396394E-09
  1910.  5.88192148E-07  2.50527866E-09
  1920.  5.70215573E-07  2.45519368E-09
  1930.  5.5605903E-07  2.42195407E-09
  1940.  5.39245602E-07  2.36110327E-09
  1950.  5.23210919E-07  2.31462406E-09
  1960.  5.04134971E-07  2.25609738E-09
  1970.  4.95353619E-07  2.25107018E-09
  1980.  4.75452365E-07  2.17413245E-09
  1990.  4.62973101E-07  2.1502337E-09
